0	1.00149	3.55791
0	1.00149	3.55791
0.236554	1.00192	3.55864
0.470766	1.00301	3.56054
0.702636	1.00445	3.56309
0.936848	1.00598	3.56583
1.17106	1.00731	3.56828
1.40761	1.00831	3.57014
1.64183	1.00888	3.57128
1.87604	1.00904	3.57172
2.11025	1.00888	3.57162
2.34212	1.00851	3.57121
2.57633	1.00808	3.57071
2.81054	1.00767	3.57033
3.04475	1.00738	3.57016
3.27897	1.00722	3.57029
3.51318	1.00722	3.57071
3.74739	1.00735	3.57137
3.9816	1.00756	3.57223
4.21581	1.00782	3.5732
4.45003	1.00807	3.5742
4.68424	1.00827	3.57514
4.91845	1.00838	3.57596
5.155	1.00841	3.57663
5.38922	1.00835	3.57718
5.62343	1.00823	3.57765
5.85764	1.00808	3.57808
6.09185	1.0079	3.5785
6.32606	1.00772	3.57895
6.56027	1.00756	3.57944
6.79449	1.0074	3.57996
7.0287	1.00726	3.58054
7.26291	1.00714	3.58117
7.49712	1.00702	3.58184
7.73133	1.0069	3.58253
7.96555	1.00678	3.58322
8.19976	1.00663	3.5839
8.43397	1.00646	3.58455
8.66818	1.00627	3.58518
8.90239	1.00606	3.5858
9.13661	1.00583	3.58641
9.37082	1.00559	3.58701
9.60503	1.00534	3.58762
9.83924	1.00509	3.58823
10.0735	1.00483	3.58885
10.3077	1.00457	3.58947
10.5419	1.00431	3.59011
10.7761	1.00404	3.59077
11.0103	1.00378	3.59143
11.2445	1.0035	3.59209
11.4787	1.00323	3.59276
11.7129	1.00294	3.59343
11.9471	1.00265	3.59409
12.1814	1.00236	3.59475
12.4156	1.00206	3.59542
12.6498	1.00175	3.59608
12.884	1.00144	3.59675
13.1182	1.00112	3.59742
13.3524	1.0008	3.59809
13.5866	1.00048	3.59876
13.8208	1.00016	3.59944
14.0551	0.999839	3.60012
14.2893	0.999515	3.60081
14.5235	0.99919	3.6015
14.7577	0.998864	3.60219
14.9919	0.998536	3.60288
15.2261	0.998207	3.60358
15.4603	0.997876	3.60428
15.6945	0.997545	3.60498
15.9288	0.997214	3.60568
16.163	0.996882	3.60638
16.3972	0.996549	3.60709
16.6314	0.996217	3.60779
16.8656	0.995886	3.6085
17.0998	0.995555	3.60921
17.334	0.995225	3.60993
17.5682	0.994896	3.61065
17.8024	0.994568	3.61137
18.0367	0.994242	3.61209
18.2685	0.993921	3.6128
18.5027	0.993597	3.61353
18.737	0.993276	3.61426
18.9712	0.992956	3.61499
19.2054	0.992639	3.61572
19.4396	0.992323	3.61645
19.6738	0.99201	3.61719
19.908	0.991699	3.61792
20.1422	0.99139	3.61866
20.3764	0.991085	3.6194
20.6106	0.990782	3.62014
20.8449	0.990482	3.62089
21.0791	0.990185	3.62163
21.3133	0.989891	3.62238
21.5475	0.9896	3.62313
21.7817	0.989312	3.62388
22.0159	0.989028	3.62463
22.2501	0.988748	3.62539
22.4843	0.98847	3.62614
22.7186	0.988196	3.6269
22.9528	0.987926	3.62766
23.187	0.98766	3.62842
23.4212	0.987397	3.62918
23.6554	0.987138	3.62995
23.8896	0.986883	3.63071
24.1238	0.986632	3.63148
24.358	0.986385	3.63224
24.5922	0.986142	3.63301
24.8265	0.985903	3.63378
25.0607	0.985668	3.63455
25.2949	0.985437	3.63533
25.5291	0.98521	3.6361
25.7633	0.984988	3.63688
25.9975	0.984769	3.63765
26.2317	0.984555	3.63843
26.4659	0.984345	3.63921
26.7002	0.984139	3.63999
26.9344	0.983938	3.64077
27.1686	0.983741	3.64155
27.4028	0.983548	3.64234
27.637	0.983359	3.64312
27.8712	0.983174	3.64391
28.1054	0.982994	3.64469
28.3396	0.982818	3.64548
28.5739	0.982647	3.64627
28.8081	0.982479	3.64706
29.0423	0.982316	3.64785
29.2765	0.982157	3.64864
29.5107	0.982002	3.64943
29.7449	0.981852	3.65022
29.9791	0.981706	3.65102
30.2133	0.981563	3.65181
30.4475	0.981425	3.65261
30.6818	0.981292	3.6534
30.916	0.981162	3.6542
31.1502	0.981036	3.655
31.3844	0.980915	3.65579
31.6186	0.980797	3.65659
31.8528	0.980683	3.65739
32.087	0.980574	3.65819
32.3212	0.980468	3.65899
32.5555	0.980366	3.6598
32.7897	0.980268	3.6606
33.0239	0.980174	3.6614
33.2581	0.980084	3.6622
33.4923	0.979998	3.66301
33.7265	0.979915	3.66381
33.9607	0.979836	3.66462
34.1949	0.979761	3.66542
34.4291	0.979689	3.66623
34.6634	0.979621	3.66704
34.8976	0.979556	3.66784
35.1318	0.979495	3.66865
35.366	0.979438	3.66946
35.6002	0.979384	3.67027
35.8344	0.979333	3.67108
36.0686	0.979286	3.67189
36.3028	0.979241	3.6727
36.5371	0.979201	3.67351
36.7713	0.979163	3.67432
37.0055	0.979129	3.67513
37.2397	0.979097	3.67594
37.4739	0.979069	3.67675
37.7081	0.979044	3.67756
37.9423	0.979022	3.67838
38.1765	0.979003	3.67919
38.4107	0.978987	3.68
38.645	0.978974	3.68082
38.8792	0.978963	3.68163
39.1134	0.978956	3.68244
39.3476	0.978951	3.68326
39.5818	0.978949	3.68407
39.816	0.978949	3.68489
40.0502	0.978952	3.6857
40.2844	0.978958	3.68652
40.5187	0.978966	3.68733
40.7529	0.978977	3.68815
40.9871	0.97899	3.68896
41.2213	0.979006	3.68978
41.4555	0.979024	3.69059
41.6897	0.979045	3.69141
41.9239	0.979068	3.69223
42.1605	0.979093	3.69305
42.3947	0.97912	3.69387
42.6289	0.97915	3.69468
42.8631	0.979181	3.6955
43.0973	0.979215	3.69632
43.3315	0.979251	3.69714
43.5658	0.979288	3.69795
43.8	0.979328	3.69877
44.0342	0.97937	3.69959
44.2684	0.979414	3.7004
44.5026	0.979459	3.70122
44.7368	0.979507	3.70204
44.971	0.979556	3.70286
45.2052	0.979607	3.70368
45.4394	0.979659	3.70449
45.6737	0.979714	3.70531
45.9079	0.97977	3.70613
46.1421	0.979828	3.70695
46.3763	0.979887	3.70777
46.6105	0.979948	3.70858
46.8447	0.98001	3.7094
47.0789	0.980074	3.71022
47.3131	0.980139	3.71104
47.5474	0.980206	3.71186
47.7816	0.980274	3.71267
48.0158	0.980344	3.71349
48.25	0.980415	3.71431
48.4842	0.980487	3.71513
48.7184	0.98056	3.71595
48.9526	0.980635	3.71676
49.1868	0.980711	3.71758
49.421	0.980788	3.7184
49.6553	0.980866	3.71922
49.8895	0.980946	3.72004
50.1237	0.981026	3.72085
50.3579	0.981108	3.72167
50.5921	0.98119	3.72249
50.8263	0.981274	3.72331
51.0605	0.981359	3.72413
51.2947	0.981444	3.72494
51.529	0.981531	3.72576
51.7632	0.981618	3.72658
51.9974	0.981707	3.7274
52.2316	0.981796	3.72821
52.4658	0.981886	3.72903
52.7	0.981977	3.72985
52.9342	0.982069	3.73067
53.1684	0.982162	3.73148
53.4027	0.982255	3.7323
53.6369	0.982349	3.73312
53.8711	0.982444	3.73394
54.1053	0.982539	3.73475
54.3395	0.982635	3.73557
54.5737	0.982732	3.73639
54.8079	0.98283	3.7372
55.0421	0.982928	3.73802
55.2763	0.983026	3.73884
55.5106	0.983126	3.73965
55.7448	0.983225	3.74047
55.979	0.983326	3.74129
56.2132	0.983426	3.7421
56.4474	0.983528	3.74292
56.6816	0.98363	3.74373
56.9158	0.983732	3.74455
57.15	0.983835	3.74537
57.3843	0.983938	3.74618
57.6185	0.984042	3.747
57.8527	0.984146	3.74781
58.0869	0.98425	3.74863
58.3211	0.984355	3.74944
58.5553	0.98446	3.75026
58.7895	0.984565	3.75108
59.0237	0.984671	3.75189
59.2579	0.984777	3.75271
59.4922	0.984884	3.75352
59.7264	0.984991	3.75434
59.9606	0.985098	3.75515
60.1948	0.985205	3.75596
60.429	0.985312	3.75678
60.6632	0.98542	3.75759
60.8974	0.985528	3.75841
61.1316	0.985636	3.75922
61.3659	0.985745	3.76004
61.6001	0.985853	3.76085
61.8343	0.985962	3.76166
62.0685	0.986071	3.76248
62.3027	0.98618	3.76329
62.5369	0.986289	3.76411
62.7711	0.986398	3.76492
63.0053	0.986508	3.76573
63.2396	0.986617	3.76655
63.4738	0.986727	3.76736
63.708	0.986837	3.76817
63.9422	0.986947	3.76899
64.1764	0.987057	3.7698
64.4106	0.987167	3.77061
64.6448	0.987277	3.77142
64.879	0.987387	3.77224
65.1132	0.987497	3.77305
65.3475	0.987607	3.77386
65.5817	0.987717	3.77467
65.8159	0.987828	3.77549
66.0501	0.987938	3.7763
66.2843	0.988048	3.77711
66.5185	0.988158	3.77792
66.7527	0.988268	3.77873
66.9869	0.988379	3.77954
67.2212	0.988489	3.78036
67.4554	0.988599	3.78117
67.6896	0.988709	3.78198
67.9238	0.988819	3.78279
68.158	0.988929	3.7836
68.3922	0.989039	3.78441
68.6264	0.989149	3.78522
68.8606	0.989258	3.78603
69.0948	0.989368	3.78685
69.3291	0.989478	3.78766
69.5633	0.989587	3.78847
69.7975	0.989697	3.78928
70.0317	0.989806	3.79009
70.2659	0.989915	3.7909
70.5001	0.990024	3.79171
70.7343	0.990133	3.79252
70.9685	0.990242	3.79333
71.2028	0.990351	3.79414
71.437	0.99046	3.79495
71.6712	0.990568	3.79576
71.9054	0.990677	3.79657
72.1396	0.990785	3.79738
72.3738	0.990893	3.79819
72.608	0.991001	3.799
72.8422	0.991109	3.79981
73.0765	0.991216	3.80062
73.3107	0.991324	3.80143
73.5449	0.991431	3.80224
73.7791	0.991538	3.80304
74.0133	0.991645	3.80385
74.2475	0.991752	3.80466
74.4817	0.991859	3.80547
74.7159	0.991965	3.80628
74.9501	0.992071	3.80709
75.1844	0.992178	3.8079
75.4186	0.992284	3.80871
75.6528	0.992389	3.80952
75.887	0.992495	3.81032
76.1212	0.9926	3.81113
76.3554	0.992705	3.81194
76.5896	0.99281	3.81275
76.8238	0.992915	3.81356
77.0581	0.993019	3.81437
77.2923	0.993124	3.81517
77.5265	0.993228	3.81598
77.7607	0.993332	3.81679
77.9949	0.993436	3.8176
78.2291	0.993539	3.81841
78.4633	0.993642	3.81921
78.6975	0.993745	3.82002
78.9317	0.993848	3.82083
79.166	0.993951	3.82164
79.4002	0.994053	3.82245
79.6344	0.994155	3.82325
79.8686	0.994257	3.82406
80.1028	0.994359	3.82487
80.337	0.994461	3.82568
80.5712	0.994562	3.82648
80.8054	0.994663	3.82729
81.0397	0.994764	3.8281
81.2739	0.994864	3.82891
81.5081	0.994965	3.82971
81.7423	0.995065	3.83052
81.9765	0.995165	3.83133
82.2107	0.995264	3.83214
82.4449	0.995364	3.83294
82.6791	0.995463	3.83375
82.9133	0.995562	3.83456
83.1476	0.995661	3.83537
83.3818	0.995759	3.83617
83.616	0.995857	3.83698
83.8502	0.995955	3.83779
84.0844	0.996053	3.83859
84.3186	0.996151	3.8394
84.5528	0.996248	3.84021
84.787	0.996345	3.84102
85.0213	0.996442	3.84182
85.2555	0.996538	3.84263
85.4897	0.996634	3.84344
85.7239	0.99673	3.84424
85.9581	0.996826	3.84505
86.1923	0.996922	3.84586
86.4265	0.997017	3.84666
86.6607	0.997112	3.84747
86.895	0.997207	3.84828
87.1292	0.997301	3.84909
87.3634	0.997396	3.84989
87.5976	0.99749	3.8507
87.8318	0.997584	3.85151
88.066	0.997677	3.85231
88.3002	0.99777	3.85312
88.5344	0.997864	3.85393
88.7686	0.997956	3.85473
89.0029	0.998049	3.85554
89.2371	0.998141	3.85635
89.4713	0.998233	3.85716
89.7055	0.998325	3.85796
89.9397	0.998417	3.85877
90.1739	0.998508	3.85958
90.4081	0.998599	3.86038
90.6423	0.99869	3.86119
90.8766	0.998781	3.862
91.1108	0.998871	3.86281
91.345	0.998961	3.86361
91.5792	0.999051	3.86442
91.8134	0.999141	3.86523
92.0476	0.99923	3.86603
92.2818	0.999319	3.86684
92.516	0.999408	3.86765
92.7502	0.999497	3.86846
92.9845	0.999585	3.86926
93.2187	0.999673	3.87007
93.4529	0.999761	3.87088
93.6871	0.999849	3.87169
93.9213	0.999936	3.87249
94.1555	1.00002	3.8733
94.3897	1.00011	3.87411
94.6239	1.0002	3.87492
94.8582	1.00028	3.87572
95.0924	1.00037	3.87653
95.3266	1.00046	3.87734
95.5608	1.00054	3.87815
95.795	1.00063	3.87895
96.0292	1.00071	3.87976
96.2634	1.0008	3.88057
96.4976	1.00088	3.88138
96.7319	1.00097	3.88219
96.9661	1.00105	3.88299
97.2003	1.00114	3.8838
97.4345	1.00122	3.88461
97.6687	1.0013	3.88542
97.9029	1.00139	3.88623
98.1371	1.00147	3.88704
98.3713	1.00155	3.88784
98.6055	1.00163	3.88865
98.8398	1.00172	3.88946
99.074	1.0018	3.89027
99.3082	1.00188	3.89108
99.5424	1.00196	3.89189
99.7766	1.00204	3.8927
100.011	1.00213	3.8935
100.245	1.00221	3.89431
100.479	1.00229	3.89512
100.713	1.00237	3.89593
100.948	1.00245	3.89674
101.182	1.00253	3.89755
101.416	1.00261	3.89836
101.65	1.00269	3.89917
101.885	1.00277	3.89998
102.119	1.00285	3.90079
102.353	1.00293	3.9016
102.587	1.003	3.90241
102.821	1.00308	3.90322
103.056	1.00316	3.90403
103.29	1.00324	3.90484
103.524	1.00332	3.90565
103.758	1.0034	3.90646
103.992	1.00347	3.90727
104.227	1.00355	3.90808
104.461	1.00363	3.90889
104.695	1.0037	3.9097
104.929	1.00378	3.91051
105.163	1.00386	3.91132
105.398	1.00393	3.91213
105.632	1.00401	3.91294
105.866	1.00408	3.91375
106.1	1.00416	3.91456
106.335	1.00424	3.91537
106.569	1.00431	3.91618
106.803	1.00439	3.917
107.037	1.00446	3.91781
107.271	1.00453	3.91862
107.506	1.00461	3.91943
107.74	1.00468	3.92024
107.974	1.00476	3.92105
108.208	1.00483	3.92187
108.442	1.0049	3.92268
108.677	1.00498	3.92349
108.911	1.00505	3.9243
109.145	1.00512	3.92512
109.379	1.0052	3.92593
109.614	1.00527	3.92674
109.848	1.00534	3.92755
110.082	1.00541	3.92837
110.316	1.00548	3.92918
110.55	1.00556	3.92999
110.785	1.00563	3.93081
111.019	1.0057	3.93162
111.253	1.00577	3.93243
111.487	1.00584	3.93325
111.721	1.00591	3.93406
111.956	1.00598	3.93488
112.19	1.00605	3.93569
112.424	1.00612	3.9365
112.658	1.00619	3.93732
112.892	1.00626	3.93813
113.127	1.00633	3.93895
113.361	1.0064	3.93976
113.595	1.00647	3.94058
113.829	1.00654	3.94139
114.064	1.00661	3.94221
114.298	1.00667	3.94302
114.532	1.00674	3.94384
114.766	1.00681	3.94465
115	1.00688	3.94547
115.235	1.00695	3.94629
115.469	1.00701	3.9471
115.703	1.00708	3.94792
115.937	1.00715	3.94873
116.171	1.00721	3.94955
116.406	1.00728	3.95037
116.64	1.00735	3.95118
116.874	1.00741	3.952
117.108	1.00748	3.95282
117.342	1.00755	3.95364
117.577	1.00761	3.95445
117.811	1.00768	3.95527
118.045	1.00774	3.95609
118.279	1.00781	3.95691
118.514	1.00787	3.95772
118.748	1.00794	3.95854
118.982	1.008	3.95936
119.216	1.00807	3.96018
119.45	1.00813	3.961
119.685	1.0082	3.96182
119.919	1.00826	3.96264
120.153	1.00832	3.96346
120.387	1.00839	3.96428
120.621	1.00845	3.96509
120.856	1.00852	3.96591
121.09	1.00858	3.96673
121.324	1.00864	3.96755
121.558	1.0087	3.96838
121.793	1.00877	3.9692
122.027	1.00883	3.97002
122.261	1.00889	3.97084
122.495	1.00895	3.97166
122.729	1.00902	3.97248
122.964	1.00908	3.9733
123.198	1.00914	3.97412
123.432	1.0092	3.97494
123.666	1.00926	3.97577
123.9	1.00932	3.97659
124.135	1.00938	3.97741
124.369	1.00945	3.97823
124.603	1.00951	3.97906
124.837	1.00957	3.97988
125.071	1.00963	3.9807
125.306	1.00969	3.98153
125.54	1.00975	3.98235
125.774	1.00981	3.98317
126.008	1.00987	3.984
126.243	1.00993	3.98482
126.477	1.00999	3.98564
126.711	1.01004	3.98647
126.945	1.0101	3.98729
127.179	1.01016	3.98812
127.414	1.01022	3.98894
127.648	1.01028	3.98977
127.882	1.01034	3.99059
128.116	1.0104	3.99142
128.35	1.01045	3.99225
128.585	1.01051	3.99307
128.819	1.01057	3.9939
129.053	1.01063	3.99473
129.287	1.01069	3.99555
129.522	1.01074	3.99638
129.756	1.0108	3.99721
129.99	1.01086	3.99803
130.224	1.01091	3.99886
130.458	1.01097	3.99969
130.693	1.01103	4.00052
130.927	1.01108	4.00135
131.161	1.01114	4.00217
131.395	1.0112	4.003
131.629	1.01125	4.00383
131.864	1.01131	4.00466
132.098	1.01136	4.00549
132.332	1.01142	4.00632
132.566	1.01147	4.00715
132.8	1.01153	4.00798
133.035	1.01158	4.00881
133.269	1.01164	4.00964
133.503	1.01169	4.01047
133.737	1.01175	4.0113
133.972	1.0118	4.01213
134.206	1.01186	4.01297
134.44	1.01191	4.0138
134.674	1.01197	4.01463
134.908	1.01202	4.01546
135.143	1.01207	4.01629
135.377	1.01213	4.01713
135.611	1.01218	4.01796
135.845	1.01223	4.01879
136.079	1.01229	4.01963
136.314	1.01234	4.02046
136.548	1.01239	4.02129
136.782	1.01245	4.02213
137.016	1.0125	4.02296
137.251	1.01255	4.0238
137.485	1.0126	4.02463
137.719	1.01266	4.02547
137.953	1.01271	4.0263
138.187	1.01276	4.02714
138.422	1.01281	4.02797
138.656	1.01286	4.02881
138.89	1.01292	4.02965
139.124	1.01297	4.03048
139.358	1.01302	4.03132
139.593	1.01307	4.03216
139.827	1.01312	4.03299
140.061	1.01317	4.03383
140.295	1.01322	4.03467
140.529	1.01327	4.03551
140.764	1.01332	4.03635
140.998	1.01337	4.03718
141.232	1.01342	4.03802
141.466	1.01347	4.03886
141.701	1.01352	4.0397
141.935	1.01357	4.04054
142.169	1.01362	4.04138
142.403	1.01367	4.04222
142.635	1.01372	4.04305
142.869	1.01377	4.04389
143.103	1.01382	4.04474
143.338	1.01387	4.04558
143.572	1.01392	4.04642
143.806	1.01397	4.04726
144.04	1.01402	4.0481
144.275	1.01407	4.04895
144.509	1.01411	4.04979
144.743	1.01416	4.05063
144.977	1.01421	4.05147
145.211	1.01426	4.05232
145.446	1.01431	4.05316
145.68	1.01436	4.05401
145.914	1.0144	4.05485
146.148	1.01445	4.0557
146.382	1.0145	4.05654
146.617	1.01455	4.05739
146.851	1.01459	4.05823
147.085	1.01464	4.05908
147.319	1.01469	4.05992
147.553	1.01473	4.06077
147.788	1.01478	4.06162
148.022	1.01483	4.06246
148.256	1.01487	4.06331
148.49	1.01492	4.06416
148.725	1.01497	4.06501
148.959	1.01501	4.06585
149.193	1.01506	4.0667
149.427	1.0151	4.06755
149.661	1.01515	4.0684
149.896	1.0152	4.06925
150.13	1.01524	4.0701
150.364	1.01529	4.07095
150.598	1.01533	4.0718
150.832	1.01538	4.07265
151.067	1.01542	4.0735
151.301	1.01547	4.07435
151.535	1.01551	4.07521
151.769	1.01556	4.07606
152.004	1.0156	4.07691
152.238	1.01565	4.07776
152.472	1.01569	4.07861
152.706	1.01574	4.07947
152.94	1.01578	4.08032
153.175	1.01582	4.08117
153.409	1.01587	4.08203
153.643	1.01591	4.08288
153.877	1.01596	4.08374
154.111	1.016	4.08459
154.346	1.01604	4.08545
154.58	1.01609	4.0863
154.814	1.01613	4.08716
155.048	1.01617	4.08802
155.282	1.01622	4.08887
155.517	1.01626	4.08973
155.751	1.0163	4.09059
155.985	1.01635	4.09144
156.219	1.01639	4.0923
156.454	1.01643	4.09316
156.688	1.01647	4.09402
156.922	1.01652	4.09488
157.156	1.01656	4.09574
157.39	1.0166	4.0966
157.625	1.01664	4.09746
157.859	1.01668	4.09832
158.093	1.01673	4.09918
158.327	1.01677	4.10004
158.561	1.01681	4.1009
158.796	1.01685	4.10176
159.03	1.01689	4.10262
159.264	1.01693	4.10348
159.498	1.01698	4.10435
159.733	1.01702	4.10521
159.967	1.01706	4.10607
160.201	1.0171	4.10694
160.435	1.01714	4.1078
160.669	1.01718	4.10866
160.904	1.01722	4.10953
161.138	1.01726	4.11039
161.372	1.0173	4.11126
161.606	1.01734	4.11213
161.84	1.01738	4.11299
162.075	1.01742	4.11386
162.309	1.01746	4.11472
162.543	1.0175	4.11559
162.777	1.01754	4.11646
163.011	1.01758	4.11733
163.246	1.01762	4.11819
163.48	1.01766	4.11906
163.714	1.0177	4.11993
163.948	1.01774	4.1208
164.183	1.01778	4.12167
164.417	1.01782	4.12254
164.651	1.01786	4.12341
164.885	1.0179	4.12428
165.119	1.01794	4.12515
165.354	1.01797	4.12602
165.588	1.01801	4.1269
165.822	1.01805	4.12777
166.056	1.01809	4.12864
166.29	1.01813	4.12951
166.525	1.01817	4.13039
166.759	1.01821	4.13126
166.993	1.01824	4.13213
167.227	1.01828	4.13301
167.461	1.01832	4.13388
167.696	1.01836	4.13476
167.93	1.0184	4.13563
168.164	1.01843	4.13651
168.398	1.01847	4.13738
168.633	1.01851	4.13826
168.867	1.01855	4.13914
169.101	1.01858	4.14001
169.335	1.01862	4.14089
169.569	1.01866	4.14177
169.804	1.01869	4.14265
170.038	1.01873	4.14353
170.272	1.01877	4.14441
170.506	1.0188	4.14529
170.74	1.01884	4.14617
170.975	1.01888	4.14705
171.209	1.01891	4.14793
171.443	1.01895	4.14881
171.677	1.01899	4.14969
171.912	1.01902	4.15057
172.146	1.01906	4.15145
172.38	1.0191	4.15234
172.614	1.01913	4.15322
172.848	1.01917	4.1541
173.083	1.0192	4.15499
173.317	1.01924	4.15587
173.551	1.01927	4.15675
173.785	1.01931	4.15764
174.019	1.01935	4.15853
174.254	1.01938	4.15941
174.488	1.01942	4.1603
174.722	1.01945	4.16118
174.956	1.01949	4.16207
175.19	1.01952	4.16296
175.425	1.01956	4.16385
175.659	1.01959	4.16473
175.893	1.01963	4.16562
176.127	1.01966	4.16651
176.362	1.01969	4.1674
176.596	1.01973	4.16829
176.83	1.01976	4.16918
177.064	1.0198	4.17007
177.298	1.01983	4.17096
177.533	1.01987	4.17185
177.767	1.0199	4.17275
178.001	1.01993	4.17364
178.235	1.01997	4.17453
178.469	1.02	4.17542
178.704	1.02004	4.17632
178.938	1.02007	4.17721
179.172	1.0201	4.17811
179.406	1.02014	4.179
179.641	1.02017	4.1799
179.875	1.0202	4.18079
180.109	1.02024	4.18169
180.343	1.02027	4.18258
180.577	1.0203	4.18348
180.812	1.02034	4.18438
181.046	1.02037	4.18528
181.28	1.0204	4.18617
181.514	1.02043	4.18707
181.748	1.02047	4.18797
181.983	1.0205	4.18887
182.217	1.02053	4.18977
182.451	1.02056	4.19067
182.685	1.0206	4.19157
182.919	1.02063	4.19247
183.154	1.02066	4.19337
183.388	1.02069	4.19428
183.622	1.02073	4.19518
183.856	1.02076	4.19608
184.091	1.02079	4.19698
184.325	1.02082	4.19789
184.559	1.02085	4.19879
184.793	1.02088	4.1997
185.027	1.02092	4.2006
185.262	1.02095	4.20151
185.496	1.02098	4.20241
185.73	1.02101	4.20332
185.964	1.02104	4.20423
186.198	1.02107	4.20513
186.433	1.0211	4.20604
186.667	1.02113	4.20695
186.901	1.02117	4.20786
187.135	1.0212	4.20877
187.37	1.02123	4.20968
187.604	1.02126	4.21059
187.838	1.02129	4.2115
188.072	1.02132	4.21241
188.306	1.02135	4.21332
188.541	1.02138	4.21423
188.775	1.02141	4.21514
189.009	1.02144	4.21606
189.243	1.02147	4.21697
189.477	1.0215	4.21788
189.712	1.02153	4.2188
189.946	1.02156	4.21971
190.18	1.02159	4.22063
190.414	1.02162	4.22154
190.648	1.02165	4.22246
190.883	1.02168	4.22337
191.117	1.02171	4.22429
191.351	1.02174	4.22521
191.585	1.02177	4.22613
191.82	1.0218	4.22704
192.054	1.02183	4.22796
192.288	1.02186	4.22888
192.522	1.02189	4.2298
192.756	1.02192	4.23072
192.991	1.02195	4.23164
193.225	1.02197	4.23256
193.459	1.022	4.23348
193.693	1.02203	4.23441
193.927	1.02206	4.23533
194.162	1.02209	4.23625
194.396	1.02212	4.23717
194.63	1.02215	4.2381
194.864	1.02218	4.23902
195.099	1.0222	4.23995
195.333	1.02223	4.24087
195.567	1.02226	4.2418
195.801	1.02229	4.24272
196.035	1.02232	4.24365
196.27	1.02234	4.24458
196.504	1.02237	4.24551
196.738	1.0224	4.24643
196.972	1.02243	4.24736
197.206	1.02246	4.24829
197.441	1.02248	4.24922
197.675	1.02251	4.25015
197.909	1.02254	4.25108
198.143	1.02257	4.25201
198.377	1.02259	4.25295
198.612	1.02262	4.25388
198.846	1.02265	4.25481
199.08	1.02268	4.25574
199.314	1.0227	4.25668
199.549	1.02273	4.25761
199.783	1.02276	4.25855
200.017	1.02279	4.25948
200.251	1.02281	4.26042
200.485	1.02284	4.26135
200.72	1.02287	4.26229
200.954	1.02289	4.26323
201.188	1.02292	4.26416
201.422	1.02295	4.2651
201.656	1.02297	4.26604
201.891	1.023	4.26698
202.125	1.02303	4.26792
202.359	1.02305	4.26886
202.593	1.02308	4.2698
202.827	1.0231	4.27074
203.062	1.02313	4.27168
203.296	1.02316	4.27262
203.53	1.02318	4.27357
203.764	1.02321	4.27451
203.999	1.02323	4.27545
204.233	1.02326	4.2764
204.467	1.02329	4.27734
204.701	1.02331	4.27829
204.935	1.02334	4.27923
205.17	1.02336	4.28018
205.404	1.02339	4.28113
205.638	1.02341	4.28207
205.872	1.02344	4.28302
206.106	1.02346	4.28397
206.341	1.02349	4.28492
206.575	1.02352	4.28587
206.809	1.02354	4.28682
207.043	1.02357	4.28777
207.278	1.02359	4.28872
207.512	1.02362	4.28967
207.746	1.02364	4.29062
207.98	1.02367	4.29158
208.214	1.02369	4.29253
208.449	1.02371	4.29348
208.683	1.02374	4.29444
208.917	1.02376	4.29539
209.151	1.02379	4.29635
209.385	1.02381	4.2973
209.62	1.02384	4.29826
209.854	1.02386	4.29922
210.088	1.02389	4.30017
210.322	1.02391	4.30113
210.556	1.02393	4.30209
210.791	1.02396	4.30305
211.025	1.02398	4.30401
211.259	1.02401	4.30497
211.493	1.02403	4.30593
211.728	1.02405	4.30689
211.962	1.02408	4.30785
212.196	1.0241	4.30882
212.43	1.02413	4.30978
212.664	1.02415	4.31074
212.899	1.02417	4.31171
213.133	1.0242	4.31267
213.367	1.02422	4.31364
213.601	1.02424	4.3146
213.835	1.02427	4.31557
214.07	1.02429	4.31653
214.304	1.02431	4.3175
214.538	1.02434	4.31847
214.772	1.02436	4.31944
215.007	1.02438	4.32041
215.241	1.02441	4.32138
215.475	1.02443	4.32235
215.709	1.02445	4.32332
215.943	1.02447	4.32429
216.178	1.0245	4.32526
216.412	1.02452	4.32623
216.646	1.02454	4.32721
216.88	1.02457	4.32818
217.114	1.02459	4.32915
217.349	1.02461	4.33013
217.583	1.02463	4.3311
217.817	1.02466	4.33208
218.051	1.02468	4.33305
218.285	1.0247	4.33403
218.52	1.02472	4.33501
218.754	1.02474	4.33599
218.988	1.02477	4.33697
219.222	1.02479	4.33794
219.457	1.02481	4.33892
219.691	1.02483	4.3399
219.925	1.02485	4.34089
220.159	1.02488	4.34187
220.393	1.0249	4.34285
220.628	1.02492	4.34383
220.862	1.02494	4.34482
221.096	1.02496	4.3458
221.33	1.02498	4.34678
221.564	1.02501	4.34777
221.799	1.02503	4.34875
222.033	1.02505	4.34974
222.267	1.02507	4.35073
222.501	1.02509	4.35171
222.736	1.02511	4.3527
222.97	1.02513	4.35369
223.204	1.02515	4.35468
223.438	1.02518	4.35567
223.672	1.0252	4.35666
223.907	1.02522	4.35765
224.141	1.02524	4.35864
224.375	1.02526	4.35963
224.609	1.02528	4.36063
224.843	1.0253	4.36162
225.078	1.02532	4.36261
225.312	1.02534	4.36361
225.546	1.02536	4.3646
225.78	1.02538	4.3656
226.014	1.0254	4.3666
226.249	1.02542	4.36759
226.483	1.02544	4.36859
226.717	1.02546	4.36959
226.951	1.02548	4.37059
227.186	1.02551	4.37159
227.42	1.02553	4.37259
227.654	1.02555	4.37359
227.888	1.02557	4.37459
228.122	1.02559	4.37559
228.357	1.02561	4.37659
228.591	1.02563	4.3776
228.825	1.02565	4.3786
229.059	1.02567	4.3796
229.293	1.02568	4.38061
229.528	1.0257	4.38161
229.762	1.02572	4.38262
229.996	1.02574	4.38363
230.23	1.02576	4.38463
230.464	1.02578	4.38564
230.699	1.0258	4.38665
230.933	1.02582	4.38766
231.167	1.02584	4.38867
231.401	1.02586	4.38968
231.636	1.02588	4.39069
231.87	1.0259	4.3917
232.104	1.02592	4.39272
232.338	1.02594	4.39373
232.572	1.02596	4.39474
232.807	1.02597	4.39576
233.041	1.02599	4.39677
233.275	1.02601	4.39779
233.509	1.02603	4.3988
233.743	1.02605	4.39982
233.978	1.02607	4.40084
234.212	1.02609	4.40186
234.446	1.02611	4.40288
234.68	1.02613	4.4039
234.915	1.02614	4.40492
235.149	1.02616	4.40594
235.383	1.02618	4.40696
235.617	1.0262	4.40798
235.851	1.02622	4.409
236.086	1.02624	4.41003
236.32	1.02625	4.41105
236.554	1.02627	4.41207
236.788	1.02629	4.4131
237.022	1.02631	4.41412
237.257	1.02633	4.41515
237.491	1.02634	4.41618
237.725	1.02636	4.41721
237.959	1.02638	4.41823
238.193	1.0264	4.41926
238.428	1.02642	4.42029
238.662	1.02643	4.42132
238.896	1.02645	4.42236
239.13	1.02647	4.42339
239.365	1.02649	4.42442
239.599	1.0265	4.42545
239.833	1.02652	4.42649
240.067	1.02654	4.42752
240.301	1.02656	4.42856
240.536	1.02657	4.42959
240.77	1.02659	4.43063
241.004	1.02661	4.43167
241.238	1.02663	4.4327
241.472	1.02664	4.43374
241.707	1.02666	4.43478
241.941	1.02668	4.43582
242.175	1.02669	4.43686
242.409	1.02671	4.4379
242.644	1.02673	4.43894
242.878	1.02675	4.43999
243.112	1.02676	4.44103
243.346	1.02678	4.44207
243.58	1.0268	4.44312
243.815	1.02681	4.44416
244.049	1.02683	4.44521
244.283	1.02685	4.44626
244.517	1.02686	4.4473
244.751	1.02688	4.44835
244.986	1.0269	4.4494
245.22	1.02691	4.45045
245.454	1.02693	4.4515
245.688	1.02694	4.45255
245.922	1.02696	4.4536
246.157	1.02698	4.45465
246.391	1.02699	4.45571
246.625	1.02701	4.45676
246.859	1.02703	4.45782
247.094	1.02704	4.45887
247.328	1.02706	4.45993
247.562	1.02707	4.46098
247.796	1.02709	4.46204
248.03	1.02711	4.4631
248.265	1.02712	4.46416
248.499	1.02714	4.46521
248.733	1.02715	4.46627
248.967	1.02717	4.46733
249.201	1.02719	4.4684
249.436	1.0272	4.46946
249.67	1.02722	4.47052
249.904	1.02723	4.47158
250.138	1.02725	4.47265
250.373	1.02726	4.47371
250.607	1.02728	4.47478
250.841	1.02729	4.47584
251.075	1.02731	4.47691
251.309	1.02732	4.47798
251.544	1.02734	4.47905
251.778	1.02735	4.48012
252.012	1.02737	4.48119
252.246	1.02739	4.48226
252.48	1.0274	4.48333
252.715	1.02742	4.4844
252.949	1.02743	4.48547
253.183	1.02745	4.48655
253.417	1.02746	4.48762
253.651	1.02748	4.4887
253.886	1.02749	4.48977
254.12	1.0275	4.49085
254.354	1.02752	4.49192
254.588	1.02753	4.493
254.823	1.02755	4.49408
255.057	1.02756	4.49516
255.291	1.02758	4.49624
255.525	1.02759	4.49732
255.759	1.02761	4.4984
255.994	1.02762	4.49948
256.228	1.02764	4.50057
256.462	1.02765	4.50165
256.696	1.02766	4.50274
256.93	1.02768	4.50382
257.165	1.02769	4.50491
257.399	1.02771	4.50599
257.633	1.02772	4.50708
257.867	1.02774	4.50817
258.101	1.02775	4.50926
258.336	1.02776	4.51035
258.57	1.02778	4.51144
258.804	1.02779	4.51253
259.038	1.02781	4.51362
259.273	1.02782	4.51471
259.507	1.02783	4.51581
259.741	1.02785	4.5169
259.975	1.02786	4.518
260.209	1.02787	4.51909
260.444	1.02789	4.52019
260.678	1.0279	4.52129
260.912	1.02792	4.52238
261.146	1.02793	4.52348
261.38	1.02794	4.52458
261.615	1.02796	4.52568
261.849	1.02797	4.52678
262.083	1.02798	4.52789
262.317	1.028	4.52899
262.552	1.02801	4.53009
262.786	1.02802	4.5312
263.02	1.02804	4.5323
263.254	1.02805	4.53341
263.488	1.02806	4.53451
263.723	1.02808	4.53562
263.957	1.02809	4.53673
264.191	1.0281	4.53784
264.425	1.02811	4.53895
264.659	1.02813	4.54006
264.894	1.02814	4.54117
265.128	1.02815	4.54228
265.362	1.02817	4.54339
265.596	1.02818	4.54451
265.83	1.02819	4.54562
266.065	1.0282	4.54673
266.299	1.02822	4.54785
266.533	1.02823	4.54897
266.767	1.02824	4.55008
267.002	1.02825	4.5512
267.236	1.02827	4.55232
267.47	1.02828	4.55344
267.704	1.02829	4.55456
267.938	1.0283	4.55568
268.173	1.02832	4.55681
268.407	1.02833	4.55793
268.641	1.02834	4.55905
268.875	1.02835	4.56018
269.109	1.02837	4.5613
269.344	1.02838	4.56243
269.578	1.02839	4.56356
269.812	1.0284	4.56468
270.046	1.02841	4.56581
270.281	1.02843	4.56694
270.515	1.02844	4.56807
270.749	1.02845	4.5692
270.983	1.02846	4.57033
271.217	1.02847	4.57147
271.452	1.02848	4.5726
271.686	1.0285	4.57373
271.92	1.02851	4.57487
272.154	1.02852	4.57601
272.388	1.02853	4.57714
272.623	1.02854	4.57828
272.857	1.02855	4.57942
273.091	1.02857	4.58056
273.325	1.02858	4.5817
273.559	1.02859	4.58284
273.794	1.0286	4.58398
274.028	1.02861	4.58512
274.262	1.02862	4.58627
274.496	1.02863	4.58741
274.731	1.02865	4.58856
274.965	1.02866	4.5897
275.199	1.02867	4.59085
275.433	1.02868	4.592
275.667	1.02869	4.59314
275.902	1.0287	4.59429
276.136	1.02871	4.59544
276.37	1.02872	4.59659
276.604	1.02873	4.59775
276.838	1.02875	4.5989
277.073	1.02876	4.60005
277.307	1.02877	4.60121
277.541	1.02878	4.60236
277.775	1.02879	4.60352
278.01	1.0288	4.60467
278.244	1.02881	4.60583
278.478	1.02882	4.60699
278.712	1.02883	4.60815
278.946	1.02884	4.60931
279.181	1.02885	4.61047
279.415	1.02886	4.61163
279.649	1.02887	4.61279
279.883	1.02888	4.61396
280.117	1.02889	4.61512
280.352	1.0289	4.61629
280.586	1.02892	4.61745
280.82	1.02893	4.61862
281.054	1.02894	4.61979
281.288	1.02895	4.62096
281.523	1.02896	4.62213
281.757	1.02897	4.6233
281.991	1.02898	4.62447
282.225	1.02899	4.62564
282.46	1.029	4.62681
282.694	1.02901	4.62799
282.928	1.02902	4.62916
283.162	1.02903	4.63034
283.396	1.02904	4.63152
283.631	1.02905	4.63269
283.865	1.02906	4.63387
284.099	1.02907	4.63505
284.333	1.02908	4.63623
284.567	1.02909	4.63741
284.802	1.0291	4.63859
285.036	1.0291	4.63978
285.27	1.02911	4.64096
285.504	1.02912	4.64214
285.739	1.02913	4.64333
285.973	1.02914	4.64452
286.207	1.02915	4.6457
286.441	1.02916	4.64689
286.675	1.02917	4.64808
286.91	1.02918	4.64927
287.144	1.02919	4.65046
287.378	1.0292	4.65165
287.612	1.02921	4.65285
287.846	1.02922	4.65404
288.081	1.02923	4.65523
288.315	1.02924	4.65643
288.549	1.02925	4.65762
288.783	1.02925	4.65882
289.017	1.02926	4.66002
289.252	1.02927	4.66122
289.486	1.02928	4.66242
289.72	1.02929	4.66362
289.954	1.0293	4.66482
290.189	1.02931	4.66602
290.423	1.02932	4.66723
290.657	1.02933	4.66843
290.891	1.02933	4.66964
291.125	1.02934	4.67084
291.36	1.02935	4.67205
291.594	1.02936	4.67326
291.828	1.02937	4.67447
292.062	1.02938	4.67568
292.296	1.02939	4.67689
292.531	1.02939	4.6781
292.765	1.0294	4.67931
292.999	1.02941	4.68053
293.233	1.02942	4.68174
293.467	1.02943	4.68296
293.702	1.02944	4.68417
293.936	1.02945	4.68539
294.17	1.02945	4.68661
294.404	1.02946	4.68783
294.639	1.02947	4.68905
294.873	1.02948	4.69027
295.107	1.02949	4.69149
295.341	1.02949	4.69271
295.575	1.0295	4.69394
295.81	1.02951	4.69516
296.044	1.02952	4.69639
296.278	1.02953	4.69762
296.512	1.02953	4.69884
296.746	1.02954	4.70007
296.981	1.02955	4.7013
297.215	1.02956	4.70253
297.449	1.02957	4.70376
297.683	1.02957	4.705
297.918	1.02958	4.70623
298.152	1.02959	4.70746
298.386	1.0296	4.7087
298.62	1.0296	4.70994
298.854	1.02961	4.71117
299.089	1.02962	4.71241
299.323	1.02963	4.71365
299.557	1.02964	4.71489
299.791	1.02964	4.71613
300.025	1.02965	4.71737
300.26	1.02966	4.71862
300.494	1.02966	4.71986
300.728	1.02967	4.72111
300.962	1.02968	4.72235
301.196	1.02969	4.7236
301.431	1.02969	4.72485
301.665	1.0297	4.7261
301.899	1.02971	4.72735
302.133	1.02972	4.7286
302.368	1.02972	4.72985
302.602	1.02973	4.7311
302.836	1.02974	4.73236
303.07	1.02974	4.73361
303.304	1.02975	4.73487
303.539	1.02976	4.73612
303.773	1.02976	4.73738
304.007	1.02977	4.73864
304.241	1.02978	4.7399
304.475	1.02979	4.74116
304.71	1.02979	4.74242
304.944	1.0298	4.74369
305.178	1.02981	4.74495
305.412	1.02981	4.74621
305.647	1.02982	4.74748
305.881	1.02983	4.74875
306.115	1.02983	4.75001
306.349	1.02984	4.75128
306.583	1.02985	4.75255
306.818	1.02985	4.75382
307.052	1.02986	4.7551
307.286	1.02986	4.75637
307.52	1.02987	4.75764
307.754	1.02988	4.75892
307.989	1.02988	4.76019
308.223	1.02989	4.76147
308.457	1.0299	4.76275
308.691	1.0299	4.76403
308.925	1.02991	4.76531
309.16	1.02992	4.76659
309.394	1.02992	4.76787
309.628	1.02993	4.76915
309.862	1.02993	4.77044
310.097	1.02994	4.77172
310.331	1.02995	4.77301
310.565	1.02995	4.7743
310.799	1.02996	4.77559
311.033	1.02996	4.77687
311.268	1.02997	4.77817
311.502	1.02998	4.77946
311.736	1.02998	4.78075
311.97	1.02999	4.78204
312.204	1.02999	4.78334
312.439	1.03	4.78463
312.673	1.03	4.78593
312.907	1.03001	4.78723
313.141	1.03002	4.78853
313.376	1.03002	4.78983
313.61	1.03003	4.79113
313.844	1.03003	4.79243
314.078	1.03004	4.79373
314.312	1.03004	4.79504
314.547	1.03005	4.79634
314.781	1.03005	4.79765
315.015	1.03006	4.79895
315.249	1.03007	4.80026
315.483	1.03007	4.80157
315.718	1.03008	4.80288
315.952	1.03008	4.80419
316.186	1.03009	4.80551
316.42	1.03009	4.80682
316.654	1.0301	4.80813
316.889	1.0301	4.80945
317.123	1.03011	4.81077
317.357	1.03011	4.81208
317.591	1.03012	4.8134
317.826	1.03012	4.81472
318.06	1.03013	4.81604
318.294	1.03013	4.81737
318.528	1.03014	4.81869
318.762	1.03014	4.82001
318.997	1.03015	4.82134
319.231	1.03015	4.82267
319.465	1.03016	4.82399
319.699	1.03016	4.82532
319.933	1.03017	4.82665
320.168	1.03017	4.82798
320.402	1.03018	4.82932
320.636	1.03018	4.83065
320.87	1.03018	4.83198
321.104	1.03019	4.83332
321.339	1.03019	4.83465
321.573	1.0302	4.83599
321.807	1.0302	4.83733
322.041	1.03021	4.83867
322.276	1.03021	4.84001
322.51	1.03022	4.84135
322.744	1.03022	4.8427
322.978	1.03023	4.84404
323.212	1.03023	4.84539
323.447	1.03023	4.84673
323.681	1.03024	4.84808
323.915	1.03024	4.84943
324.149	1.03025	4.85078
324.383	1.03025	4.85213
324.618	1.03026	4.85348
324.852	1.03026	4.85483
325.086	1.03026	4.85619
325.32	1.03027	4.85754
325.555	1.03027	4.8589
325.789	1.03028	4.86026
326.023	1.03028	4.86162
326.257	1.03028	4.86298
326.491	1.03029	4.86434
326.726	1.03029	4.8657
326.96	1.03029	4.86706
327.194	1.0303	4.86843
327.428	1.0303	4.86979
327.662	1.03031	4.87116
327.897	1.03031	4.87253
328.131	1.03031	4.8739
328.365	1.03032	4.87527
328.599	1.03032	4.87664
328.833	1.03032	4.87801
329.068	1.03033	4.87939
329.302	1.03033	4.88076
329.536	1.03034	4.88214
329.77	1.03034	4.88351
330.005	1.03034	4.88489
330.239	1.03035	4.88627
330.473	1.03035	4.88765
330.707	1.03035	4.88903
330.941	1.03036	4.89042
331.176	1.03036	4.8918
331.41	1.03036	4.89319
331.644	1.03037	4.89457
331.878	1.03037	4.89596
332.112	1.03037	4.89735
332.347	1.03038	4.89874
332.581	1.03038	4.90013
332.815	1.03038	4.90152
333.049	1.03039	4.90292
333.284	1.03039	4.90431
333.518	1.03039	4.90571
333.752	1.03039	4.90711
333.986	1.0304	4.9085
334.22	1.0304	4.9099
334.455	1.0304	4.9113
334.689	1.03041	4.91271
334.923	1.03041	4.91411
335.157	1.03041	4.91551
335.391	1.03041	4.91692
335.626	1.03042	4.91833
335.86	1.03042	4.91973
336.094	1.03042	4.92114
336.328	1.03043	4.92255
336.562	1.03043	4.92397
336.797	1.03043	4.92538
337.031	1.03043	4.92679
337.265	1.03044	4.92821
337.499	1.03044	4.92962
337.734	1.03044	4.93104
337.968	1.03044	4.93246
338.202	1.03045	4.93388
338.436	1.03045	4.9353
338.67	1.03045	4.93672
338.905	1.03045	4.93815
339.139	1.03046	4.93957
339.373	1.03046	4.941
339.607	1.03046	4.94243
339.841	1.03046	4.94386
340.076	1.03046	4.94529
340.31	1.03047	4.94672
340.544	1.03047	4.94815
340.781	1.03047	4.9496
341.015	1.03047	4.95103
341.249	1.03048	4.95247
341.483	1.03048	4.95391
341.717	1.03048	4.95534
341.952	1.03048	4.95678
342.186	1.03048	4.95823
342.42	1.03049	4.95967
342.654	1.03049	4.96111
342.889	1.03049	4.96256
343.123	1.03049	4.964
343.357	1.03049	4.96545
343.591	1.03049	4.9669
343.825	1.0305	4.96835
344.06	1.0305	4.9698
344.294	1.0305	4.97125
344.528	1.0305	4.97271
344.762	1.0305	4.97416
344.996	1.03051	4.97562
345.231	1.03051	4.97708
345.465	1.03051	4.97853
345.699	1.03051	4.97999
345.933	1.03051	4.98146
346.168	1.03051	4.98292
346.402	1.03051	4.98438
346.636	1.03052	4.98585
346.87	1.03052	4.98731
347.104	1.03052	4.98878
347.339	1.03052	4.99025
347.573	1.03052	4.99172
347.807	1.03052	4.99319
348.041	1.03052	4.99467
348.275	1.03053	4.99614
348.51	1.03053	4.99762
348.744	1.03053	4.99909
348.978	1.03053	5.00057
349.212	1.03053	5.00205
349.446	1.03053	5.00353
349.681	1.03053	5.00501
349.915	1.03053	5.0065
350.149	1.03053	5.00798
350.383	1.03054	5.00947
350.618	1.03054	5.01096
350.852	1.03054	5.01245
351.086	1.03054	5.01394
351.32	1.03054	5.01543
351.554	1.03054	5.01692
351.789	1.03054	5.01841
352.023	1.03054	5.01991
352.257	1.03054	5.02141
352.491	1.03054	5.0229
352.725	1.03054	5.0244
352.96	1.03054	5.0259
353.194	1.03055	5.02741
353.428	1.03055	5.02891
353.662	1.03055	5.03041
353.897	1.03055	5.03192
354.131	1.03055	5.03343
354.365	1.03055	5.03494
354.599	1.03055	5.03645
354.833	1.03055	5.03796
355.068	1.03055	5.03947
355.302	1.03055	5.04098
355.536	1.03055	5.0425
355.77	1.03055	5.04402
356.004	1.03055	5.04553
356.239	1.03055	5.04705
356.473	1.03055	5.04858
356.707	1.03055	5.0501
356.941	1.03055	5.05162
357.175	1.03055	5.05315
357.41	1.03055	5.05467
357.644	1.03055	5.0562
357.878	1.03055	5.05773
358.112	1.03055	5.05926
358.347	1.03055	5.06079
358.581	1.03055	5.06233
358.815	1.03055	5.06386
359.049	1.03055	5.0654
359.283	1.03055	5.06693
359.518	1.03055	5.06847
359.752	1.03055	5.07001
359.986	1.03055	5.07155
360.22	1.03055	5.0731
360.454	1.03055	5.07464
360.689	1.03055	5.07619
360.923	1.03055	5.07774
361.157	1.03055	5.07928
361.391	1.03055	5.08083
361.625	1.03055	5.08239
361.86	1.03055	5.08394
362.094	1.03055	5.08549
362.328	1.03055	5.08705
362.562	1.03055	5.08861
362.797	1.03055	5.09016
363.031	1.03055	5.09172
363.265	1.03055	5.09329
363.499	1.03055	5.09485
363.733	1.03055	5.09641
363.968	1.03055	5.09798
364.202	1.03055	5.09955
364.436	1.03055	5.10111
364.67	1.03055	5.10268
364.904	1.03055	5.10426
365.139	1.03054	5.10583
365.373	1.03054	5.1074
365.607	1.03054	5.10898
365.841	1.03054	5.11056
366.076	1.03054	5.11213
366.31	1.03054	5.11371
366.544	1.03054	5.1153
366.778	1.03054	5.11688
367.012	1.03054	5.11846
367.247	1.03054	5.12005
367.481	1.03054	5.12164
367.715	1.03054	5.12323
367.949	1.03053	5.12482
368.183	1.03053	5.12641
368.418	1.03053	5.128
368.652	1.03053	5.12959
368.886	1.03053	5.13119
369.12	1.03053	5.13279
369.354	1.03053	5.13439
369.589	1.03053	5.13599
369.823	1.03053	5.13759
370.057	1.03052	5.13919
370.291	1.03052	5.1408
370.526	1.03052	5.14241
370.76	1.03052	5.14401
370.994	1.03052	5.14562
371.228	1.03052	5.14723
371.462	1.03052	5.14885
371.697	1.03051	5.15046
371.931	1.03051	5.15208
372.165	1.03051	5.15369
372.399	1.03051	5.15531
372.633	1.03051	5.15693
372.868	1.03051	5.15855
373.102	1.03051	5.16018
373.336	1.0305	5.1618
373.57	1.0305	5.16343
373.805	1.0305	5.16505
374.039	1.0305	5.16668
374.273	1.0305	5.16831
374.507	1.0305	5.16995
374.741	1.03049	5.17158
374.976	1.03049	5.17321
375.21	1.03049	5.17485
375.444	1.03049	5.17649
375.678	1.03049	5.17813
375.912	1.03048	5.17977
376.147	1.03048	5.18141
376.381	1.03048	5.18306
376.615	1.03048	5.1847
376.849	1.03048	5.18635
377.083	1.03047	5.188
377.318	1.03047	5.18965
377.552	1.03047	5.1913
377.786	1.03047	5.19296
378.02	1.03047	5.19461
378.255	1.03046	5.19627
378.489	1.03046	5.19793
378.723	1.03046	5.19959
378.957	1.03046	5.20125
379.191	1.03046	5.20291
379.426	1.03045	5.20458
379.66	1.03045	5.20624
379.894	1.03045	5.20791
380.128	1.03045	5.20958
380.362	1.03044	5.21125
380.597	1.03044	5.21292
380.831	1.03044	5.2146
381.065	1.03044	5.21627
381.299	1.03043	5.21795
381.534	1.03043	5.21963
381.768	1.03043	5.22131
382.002	1.03043	5.22299
382.236	1.03042	5.22467
382.47	1.03042	5.22636
382.705	1.03042	5.22805
382.939	1.03042	5.22974
383.173	1.03041	5.23143
383.407	1.03041	5.23312
383.641	1.03041	5.23481
383.876	1.03041	5.2365
384.11	1.0304	5.2382
384.344	1.0304	5.2399
384.578	1.0304	5.2416
384.812	1.03039	5.2433
385.047	1.03039	5.245
385.281	1.03039	5.24671
385.515	1.03039	5.24841
385.749	1.03038	5.25012
385.984	1.03038	5.25183
386.218	1.03038	5.25354
386.452	1.03037	5.25526
386.686	1.03037	5.25697
386.92	1.03037	5.25869
387.155	1.03036	5.2604
387.389	1.03036	5.26212
387.623	1.03036	5.26384
387.857	1.03035	5.26557
388.091	1.03035	5.26729
388.326	1.03035	5.26902
388.56	1.03034	5.27075
388.794	1.03034	5.27247
389.028	1.03034	5.27421
389.262	1.03034	5.27594
389.497	1.03033	5.27767
389.731	1.03033	5.27941
389.965	1.03032	5.28115
390.199	1.03032	5.28289
390.434	1.03032	5.28463
390.668	1.03031	5.28637
390.902	1.03031	5.28811
391.136	1.03031	5.28986
391.37	1.0303	5.29161
391.605	1.0303	5.29336
391.839	1.0303	5.29511
392.073	1.03029	5.29686
392.307	1.03029	5.29862
392.541	1.03029	5.30037
392.776	1.03028	5.30213
393.01	1.03028	5.30389
393.244	1.03027	5.30565
393.478	1.03027	5.30741
393.713	1.03027	5.30918
393.947	1.03026	5.31095
394.181	1.03026	5.31271
394.415	1.03026	5.31448
394.649	1.03025	5.31626
394.884	1.03025	5.31803
395.118	1.03024	5.3198
395.352	1.03024	5.32158
395.586	1.03024	5.32336
395.82	1.03023	5.32514
396.055	1.03023	5.32692
396.289	1.03022	5.32871
396.523	1.03022	5.33049
396.757	1.03022	5.33228
396.991	1.03021	5.33407
397.226	1.03021	5.33586
397.46	1.0302	5.33765
397.694	1.0302	5.33945
397.928	1.03019	5.34124
398.163	1.03019	5.34304
398.397	1.03019	5.34484
398.631	1.03018	5.34664
398.865	1.03018	5.34844
399.099	1.03017	5.35025
399.334	1.03017	5.35206
399.568	1.03016	5.35386
399.802	1.03016	5.35567
400.036	1.03015	5.35749
400.27	1.03015	5.3593
400.505	1.03015	5.36112
400.739	1.03014	5.36293
400.973	1.03014	5.36475
401.207	1.03013	5.36657
401.442	1.03013	5.3684
401.676	1.03012	5.37022
401.91	1.03012	5.37205
402.144	1.03011	5.37388
402.378	1.03011	5.37571
402.613	1.0301	5.37754
402.847	1.0301	5.37937
403.081	1.03009	5.38121
403.315	1.03009	5.38304
403.549	1.03008	5.38488
403.784	1.03008	5.38672
404.018	1.03007	5.38857
404.252	1.03007	5.39041
404.486	1.03006	5.39226
404.72	1.03006	5.39411
404.955	1.03005	5.39596
405.189	1.03005	5.39781
405.423	1.03004	5.39966
405.657	1.03004	5.40152
405.892	1.03003	5.40338
406.126	1.03003	5.40524
406.36	1.03002	5.4071
406.594	1.03002	5.40896
406.828	1.03001	5.41082
407.063	1.03001	5.41269
407.297	1.03	5.41456
407.531	1.03	5.41643
407.765	1.02999	5.4183
407.999	1.02999	5.42018
408.234	1.02998	5.42205
408.468	1.02998	5.42393
408.702	1.02997	5.42581
408.936	1.02997	5.42769
409.171	1.02996	5.42958
409.405	1.02996	5.43146
409.639	1.02995	5.43335
409.873	1.02994	5.43524
410.107	1.02994	5.43713
410.342	1.02993	5.43902
410.576	1.02993	5.44092
410.81	1.02992	5.44282
411.044	1.02992	5.44472
411.278	1.02991	5.44662
411.513	1.02991	5.44852
411.747	1.0299	5.45042
411.981	1.02989	5.45233
412.215	1.02989	5.45424
412.449	1.02988	5.45615
412.684	1.02988	5.45806
412.918	1.02987	5.45998
413.152	1.02986	5.46189
413.386	1.02986	5.46381
413.621	1.02985	5.46573
413.855	1.02985	5.46765
414.089	1.02984	5.46958
414.323	1.02984	5.4715
414.557	1.02983	5.47343
414.792	1.02982	5.47536
415.026	1.02982	5.47729
415.26	1.02981	5.47923
415.494	1.0298	5.48116
415.728	1.0298	5.4831
415.963	1.02979	5.48504
416.197	1.02979	5.48698
416.431	1.02978	5.48892
416.665	1.02977	5.49087
416.899	1.02977	5.49282
417.134	1.02976	5.49477
417.368	1.02976	5.49672
417.602	1.02975	5.49867
417.836	1.02974	5.50063
418.071	1.02974	5.50259
418.305	1.02973	5.50455
418.539	1.02972	5.50651
418.773	1.02972	5.50847
419.007	1.02971	5.51044
419.242	1.0297	5.5124
419.476	1.0297	5.51437
419.71	1.02969	5.51634
419.944	1.02968	5.51832
420.178	1.02968	5.52029
420.413	1.02967	5.52227
420.647	1.02967	5.52425
420.881	1.02966	5.52623
421.115	1.02965	5.52822
421.35	1.02965	5.5302
421.584	1.02964	5.53219
421.818	1.02963	5.53418
422.052	1.02962	5.53617
422.286	1.02962	5.53817
422.521	1.02961	5.54016
422.755	1.0296	5.54216
422.989	1.0296	5.54416
423.223	1.02959	5.54616
423.457	1.02958	5.54817
423.692	1.02958	5.55017
423.926	1.02957	5.55218
424.16	1.02956	5.55419
424.394	1.02956	5.55621
424.628	1.02955	5.55822
424.863	1.02954	5.56024
425.097	1.02953	5.56226
425.331	1.02953	5.56428
425.565	1.02952	5.5663
425.8	1.02951	5.56833
426.034	1.02951	5.57035
426.268	1.0295	5.57238
426.502	1.02949	5.57441
426.736	1.02948	5.57645
426.971	1.02948	5.57848
427.205	1.02947	5.58052
427.439	1.02946	5.58256
427.673	1.02946	5.5846
427.907	1.02945	5.58665
428.142	1.02944	5.58869
428.376	1.02943	5.59074
428.61	1.02943	5.59279
428.844	1.02942	5.59485
429.079	1.02941	5.5969
429.313	1.0294	5.59896
429.547	1.0294	5.60102
429.781	1.02939	5.60308
430.015	1.02938	5.60514
430.25	1.02937	5.60721
430.484	1.02937	5.60927
430.718	1.02936	5.61134
430.952	1.02935	5.61342
431.186	1.02934	5.61549
431.421	1.02934	5.61757
431.655	1.02933	5.61965
431.889	1.02932	5.62173
432.123	1.02931	5.62381
432.357	1.0293	5.62589
432.592	1.0293	5.62798
432.826	1.02929	5.63007
433.06	1.02928	5.63216
433.294	1.02927	5.63426
433.529	1.02926	5.63635
433.763	1.02926	5.63845
433.997	1.02925	5.64055
434.231	1.02924	5.64265
434.465	1.02923	5.64476
434.7	1.02922	5.64687
434.934	1.02922	5.64898
435.168	1.02921	5.65109
435.402	1.0292	5.6532
435.636	1.02919	5.65532
435.871	1.02918	5.65744
436.105	1.02918	5.65956
436.339	1.02917	5.66168
436.573	1.02916	5.6638
436.808	1.02915	5.66593
437.042	1.02914	5.66806
437.276	1.02913	5.67019
437.51	1.02913	5.67233
437.744	1.02912	5.67446
437.979	1.02911	5.6766
438.213	1.0291	5.67874
438.447	1.02909	5.68089
438.681	1.02908	5.68303
438.915	1.02908	5.68518
439.15	1.02907	5.68733
439.384	1.02906	5.68948
439.618	1.02905	5.69164
439.852	1.02904	5.69379
440.086	1.02903	5.69595
440.321	1.02903	5.69811
440.555	1.02902	5.70028
440.789	1.02901	5.70244
441.023	1.029	5.70461
441.258	1.02899	5.70678
441.492	1.02898	5.70896
441.726	1.02897	5.71113
441.96	1.02896	5.71331
442.194	1.02896	5.71549
442.429	1.02895	5.71767
442.663	1.02894	5.71986
442.897	1.02893	5.72204
443.131	1.02892	5.72423
443.365	1.02891	5.72642
443.6	1.0289	5.72862
443.834	1.02889	5.73081
444.068	1.02888	5.73301
444.302	1.02888	5.73521
444.537	1.02887	5.73742
444.771	1.02886	5.73962
445.005	1.02885	5.74183
445.239	1.02884	5.74404
445.473	1.02883	5.74625
445.708	1.02882	5.74847
445.942	1.02881	5.75069
446.176	1.0288	5.75291
446.41	1.02879	5.75513
446.644	1.02878	5.75735
446.879	1.02878	5.75958
447.113	1.02877	5.76181
447.347	1.02876	5.76404
447.581	1.02875	5.76628
447.815	1.02874	5.76851
448.05	1.02873	5.77075
448.284	1.02872	5.773
448.518	1.02871	5.77524
448.752	1.0287	5.77749
448.987	1.02869	5.77973
449.221	1.02868	5.78199
449.455	1.02867	5.78424
449.689	1.02866	5.7865
449.923	1.02865	5.78876
450.158	1.02864	5.79102
450.392	1.02863	5.79328
450.626	1.02862	5.79555
450.86	1.02861	5.79781
451.094	1.0286	5.80009
451.329	1.0286	5.80236
451.563	1.02859	5.80463
451.797	1.02858	5.80691
452.031	1.02857	5.80919
452.265	1.02856	5.81148
452.5	1.02855	5.81376
452.734	1.02854	5.81605
452.968	1.02853	5.81834
453.202	1.02852	5.82064
453.437	1.02851	5.82293
453.671	1.0285	5.82523
453.905	1.02849	5.82753
454.139	1.02848	5.82983
454.373	1.02847	5.83214
454.608	1.02846	5.83445
454.842	1.02845	5.83676
455.076	1.02844	5.83907
455.31	1.02843	5.84139
455.544	1.02842	5.84371
455.779	1.02841	5.84603
456.013	1.0284	5.84835
456.247	1.02839	5.85068
456.481	1.02838	5.85301
456.716	1.02837	5.85534
456.95	1.02836	5.85767
457.184	1.02835	5.86001
457.418	1.02834	5.86235
457.652	1.02833	5.86469
457.887	1.02831	5.86703
458.121	1.0283	5.86938
458.355	1.02829	5.87173
458.589	1.02828	5.87408
458.823	1.02827	5.87643
459.058	1.02826	5.87879
459.292	1.02825	5.88115
459.526	1.02824	5.88351
459.76	1.02823	5.88588
459.994	1.02822	5.88824
460.229	1.02821	5.89061
460.463	1.0282	5.89299
460.697	1.02819	5.89536
460.931	1.02818	5.89774
461.166	1.02817	5.90012
461.4	1.02816	5.9025
461.634	1.02815	5.90489
461.868	1.02814	5.90728
462.102	1.02813	5.90967
462.337	1.02811	5.91206
462.571	1.0281	5.91446
462.805	1.02809	5.91686
463.039	1.02808	5.91926
463.273	1.02807	5.92166
463.508	1.02806	5.92407
463.742	1.02805	5.92648
463.976	1.02804	5.92889
464.21	1.02803	5.93131
464.445	1.02802	5.93372
464.679	1.02801	5.93614
464.913	1.02799	5.93857
465.147	1.02798	5.94099
465.381	1.02797	5.94342
465.616	1.02796	5.94585
465.85	1.02795	5.94829
466.084	1.02794	5.95072
466.318	1.02793	5.95316
466.552	1.02792	5.9556
466.787	1.02791	5.95805
467.021	1.02789	5.9605
467.255	1.02788	5.96295
467.489	1.02787	5.9654
467.723	1.02786	5.96785
467.958	1.02785	5.97031
468.192	1.02784	5.97277
468.426	1.02783	5.97524
468.66	1.02782	5.9777
468.895	1.0278	5.98017
469.129	1.02779	5.98265
469.363	1.02778	5.98512
469.597	1.02777	5.9876
469.831	1.02776	5.99008
470.066	1.02775	5.99256
470.3	1.02774	5.99505
470.534	1.02772	5.99754
470.768	1.02771	6.00003
471.002	1.0277	6.00252
471.237	1.02769	6.00502
471.471	1.02768	6.00752
471.705	1.02767	6.01002
471.939	1.02765	6.01253
472.174	1.02764	6.01504
472.408	1.02763	6.01755
472.642	1.02762	6.02006
472.876	1.02761	6.02258
473.11	1.0276	6.0251
473.345	1.02758	6.02762
473.579	1.02757	6.03015
473.813	1.02756	6.03267
474.047	1.02755	6.0352
474.281	1.02754	6.03774
474.516	1.02752	6.04028
474.75	1.02751	6.04282
474.984	1.0275	6.04536
475.218	1.02749	6.0479
475.452	1.02748	6.05045
475.687	1.02746	6.053
475.921	1.02745	6.05556
476.155	1.02744	6.05811
476.389	1.02743	6.06067
476.624	1.02742	6.06324
476.858	1.0274	6.0658
477.092	1.02739	6.06837
477.326	1.02738	6.07094
477.56	1.02737	6.07352
477.795	1.02736	6.07609
478.029	1.02734	6.07867
478.263	1.02733	6.08126
478.497	1.02732	6.08384
478.731	1.02731	6.08643
478.966	1.02729	6.08902
479.2	1.02728	6.09162
479.434	1.02727	6.09422
479.668	1.02726	6.09682
479.902	1.02724	6.09942
480.137	1.02723	6.10203
480.371	1.02722	6.10464
480.605	1.02721	6.10725
480.839	1.02719	6.10987
481.074	1.02718	6.11248
481.308	1.02717	6.11511
481.542	1.02716	6.11773
481.776	1.02714	6.12036
482.01	1.02713	6.12299
482.245	1.02712	6.12562
482.479	1.02711	6.12826
482.713	1.02709	6.1309
482.947	1.02708	6.13354
483.181	1.02707	6.13619
483.416	1.02706	6.13883
483.65	1.02704	6.14149
483.884	1.02703	6.14414
484.118	1.02702	6.1468
484.353	1.027	6.14946
484.587	1.02699	6.15212
484.821	1.02698	6.15479
485.055	1.02697	6.15746
485.289	1.02695	6.16013
485.524	1.02694	6.16281
485.758	1.02693	6.16549
485.992	1.02691	6.16817
486.226	1.0269	6.17086
486.46	1.02689	6.17354
486.695	1.02688	6.17624
486.929	1.02686	6.17893
487.163	1.02685	6.18163
487.397	1.02684	6.18433
487.631	1.02682	6.18703
487.866	1.02681	6.18974
488.1	1.0268	6.19245
488.334	1.02678	6.19516
488.568	1.02677	6.19788
488.803	1.02676	6.2006
489.037	1.02674	6.20332
489.271	1.02673	6.20605
489.505	1.02672	6.20878
489.739	1.0267	6.21151
489.974	1.02669	6.21424
490.208	1.02668	6.21698
490.442	1.02666	6.21972
490.676	1.02665	6.22247
490.91	1.02664	6.22522
491.145	1.02662	6.22797
491.379	1.02661	6.23072
491.613	1.0266	6.23348
491.847	1.02658	6.23624
492.082	1.02657	6.239
492.316	1.02656	6.24177
492.55	1.02654	6.24454
492.784	1.02653	6.24731
493.018	1.02651	6.25009
493.253	1.0265	6.25287
493.487	1.02649	6.25565
493.721	1.02647	6.25844
493.955	1.02646	6.26123
494.189	1.02645	6.26402
494.424	1.02643	6.26682
494.658	1.02642	6.26962
494.892	1.02641	6.27242
495.126	1.02639	6.27523
495.36	1.02638	6.27804
495.595	1.02636	6.28085
495.829	1.02635	6.28366
496.063	1.02634	6.28648
496.297	1.02632	6.2893
496.532	1.02631	6.29213
496.766	1.02629	6.29496
497	1.02628	6.29779
497.234	1.02627	6.30063
497.468	1.02625	6.30347
497.703	1.02624	6.30631
497.937	1.02622	6.30915
498.171	1.02621	6.312
498.405	1.0262	6.31485
498.639	1.02618	6.31771
498.874	1.02617	6.32057
499.108	1.02615	6.32343
499.342	1.02614	6.32629
499.576	1.02612	6.32916
499.811	1.02611	6.33203
