0	1.00149	3.55791
0	1.00149	3.55791
0.236554	1.00192	3.55864
0.470766	1.00301	3.56054
0.702636	1.00445	3.56308
0.936848	1.00596	3.56581
1.17106	1.00728	3.56822
1.40761	1.00825	3.57003
1.64183	1.00877	3.57108
1.87604	1.00886	3.57139
2.11025	1.00859	3.57112
2.34212	1.00811	3.5705
2.57633	1.00753	3.56975
2.81054	1.00697	3.56908
3.04475	1.0065	3.56861
3.27897	1.00617	3.56843
3.51318	1.006	3.56854
3.74739	1.00596	3.56892
3.9816	1.00601	3.5695
4.21581	1.00613	3.57023
4.45003	1.00625	3.571
4.68424	1.00633	3.57173
4.91845	1.00633	3.57234
5.155	1.00624	3.57281
5.38922	1.00607	3.57315
5.62343	1.00582	3.57339
5.85764	1.00553	3.57358
6.09185	1.00522	3.57376
6.32606	1.0049	3.57395
6.56027	1.00458	3.57417
6.79449	1.00427	3.57443
7.0287	1.00398	3.57473
7.26291	1.00371	3.57509
7.49712	1.00344	3.57549
7.73133	1.00318	3.57593
7.96555	1.00292	3.57637
8.19976	1.00264	3.5768
8.43397	1.00233	3.57721
8.66818	1.00201	3.5776
8.90239	1.00166	3.57797
9.13661	1.0013	3.57833
9.37082	1.00092	3.57868
9.60503	1.00054	3.57903
9.83924	1.00014	3.57938
10.0735	0.999745	3.57973
10.3077	0.999343	3.58009
10.5419	0.99894	3.58046
10.7761	0.998536	3.58085
11.0103	0.998131	3.58124
11.2445	0.997722	3.58164
11.4787	0.997309	3.58205
11.7129	0.996891	3.58245
11.9471	0.996466	3.58285
12.1814	0.996035	3.58324
12.4156	0.9956	3.58364
12.6498	0.995159	3.58404
12.884	0.994715	3.58443
13.1182	0.994266	3.58483
13.3524	0.993815	3.58522
13.5866	0.993362	3.58562
13.8208	0.992908	3.58602
14.0551	0.992454	3.58643
14.2893	0.991999	3.58683
14.5235	0.991543	3.58724
14.7577	0.991087	3.58765
14.9919	0.99063	3.58807
15.2261	0.990173	3.58848
15.4603	0.989715	3.5889
15.6945	0.989258	3.58931
15.9288	0.9888	3.58973
16.163	0.988342	3.59015
16.3972	0.987885	3.59056
16.6314	0.987429	3.59098
16.8656	0.986974	3.5914
17.0998	0.98652	3.59182
17.334	0.986068	3.59224
17.5682	0.985618	3.59267
17.8024	0.98517	3.59309
18.0367	0.984724	3.59352
18.2685	0.984285	3.59394
18.5027	0.983843	3.59437
18.737	0.983404	3.5948
18.9712	0.982968	3.59523
19.2054	0.982535	3.59566
19.4396	0.982104	3.59609
19.6738	0.981677	3.59652
19.908	0.981252	3.59695
20.1422	0.980831	3.59739
20.3764	0.980413	3.59782
20.6106	0.979999	3.59826
20.8449	0.979589	3.59869
21.0791	0.979183	3.59913
21.3133	0.97878	3.59957
21.5475	0.978381	3.6
21.7817	0.977987	3.60044
22.0159	0.977596	3.60088
22.2501	0.97721	3.60132
22.4843	0.976828	3.60176
22.7186	0.97645	3.6022
22.9528	0.976077	3.60265
23.187	0.975709	3.60309
23.4212	0.975344	3.60353
23.6554	0.974985	3.60397
23.8896	0.97463	3.60442
24.1238	0.974279	3.60486
24.358	0.973934	3.60531
24.5922	0.973593	3.60575
24.8265	0.973257	3.6062
25.0607	0.972926	3.60665
25.2949	0.9726	3.60709
25.5291	0.972278	3.60754
25.7633	0.971962	3.60799
25.9975	0.97165	3.60844
26.2317	0.971343	3.60888
26.4659	0.971041	3.60933
26.7002	0.970745	3.60978
26.9344	0.970453	3.61023
27.1686	0.970166	3.61068
27.4028	0.969884	3.61113
27.637	0.969607	3.61158
27.8712	0.969334	3.61203
28.1054	0.969067	3.61248
28.3396	0.968805	3.61294
28.5739	0.968548	3.61339
28.8081	0.968295	3.61384
29.0423	0.968047	3.61429
29.2765	0.967805	3.61474
29.5107	0.967567	3.6152
29.7449	0.967334	3.61565
29.9791	0.967105	3.6161
30.2133	0.966882	3.61656
30.4475	0.966663	3.61701
30.6818	0.966449	3.61746
30.916	0.966239	3.61792
31.1502	0.966034	3.61837
31.3844	0.965834	3.61883
31.6186	0.965638	3.61928
31.8528	0.965447	3.61973
32.087	0.96526	3.62019
32.3212	0.965078	3.62064
32.5555	0.964901	3.6211
32.7897	0.964727	3.62156
33.0239	0.964558	3.62201
33.2581	0.964393	3.62247
33.4923	0.964233	3.62292
33.7265	0.964077	3.62338
33.9607	0.963925	3.62383
34.1949	0.963777	3.62429
34.4291	0.963633	3.62475
34.6634	0.963493	3.6252
34.8976	0.963358	3.62566
35.1318	0.963226	3.62611
35.366	0.963098	3.62657
35.6002	0.962974	3.62703
35.8344	0.962854	3.62748
36.0686	0.962737	3.62794
36.3028	0.962625	3.6284
36.5371	0.962516	3.62885
36.7713	0.96241	3.62931
37.0055	0.962308	3.62977
37.2397	0.96221	3.63022
37.4739	0.962115	3.63068
37.7081	0.962024	3.63114
37.9423	0.961936	3.63159
38.1765	0.961852	3.63205
38.4107	0.961771	3.63251
38.645	0.961693	3.63297
38.8792	0.961618	3.63342
39.1134	0.961546	3.63388
39.3476	0.961478	3.63434
39.5818	0.961412	3.63479
39.816	0.96135	3.63525
40.0502	0.961291	3.63571
40.2844	0.961234	3.63617
40.5187	0.96118	3.63662
40.7529	0.96113	3.63708
40.9871	0.961082	3.63754
41.2213	0.961037	3.63799
41.4555	0.960994	3.63845
41.6897	0.960955	3.63891
41.9239	0.960917	3.63936
42.1605	0.960883	3.63983
42.3947	0.960851	3.64028
42.6289	0.960821	3.64074
42.8631	0.960794	3.6412
43.0973	0.960769	3.64165
43.3315	0.960747	3.64211
43.5658	0.960727	3.64257
43.8	0.96071	3.64302
44.0342	0.960695	3.64348
44.2684	0.960681	3.64394
44.5026	0.96067	3.64439
44.7368	0.960662	3.64485
44.971	0.960655	3.64531
45.2052	0.96065	3.64576
45.4394	0.960648	3.64622
45.6737	0.960647	3.64668
45.9079	0.960649	3.64713
46.1421	0.960652	3.64759
46.3763	0.960657	3.64805
46.6105	0.960664	3.6485
46.8447	0.960673	3.64896
47.0789	0.960684	3.64942
47.3131	0.960696	3.64987
47.5474	0.96071	3.65033
47.7816	0.960726	3.65078
48.0158	0.960743	3.65124
48.25	0.960762	3.6517
48.4842	0.960783	3.65215
48.7184	0.960805	3.65261
48.9526	0.960829	3.65306
49.1868	0.960854	3.65352
49.421	0.960881	3.65397
49.6553	0.960909	3.65443
49.8895	0.960938	3.65488
50.1237	0.960969	3.65534
50.3579	0.961002	3.6558
50.5921	0.961035	3.65625
50.8263	0.96107	3.65671
51.0605	0.961106	3.65716
51.2947	0.961144	3.65762
51.529	0.961182	3.65807
51.7632	0.961222	3.65853
51.9974	0.961263	3.65898
52.2316	0.961305	3.65944
52.4658	0.961349	3.65989
52.7	0.961393	3.66034
52.9342	0.961438	3.6608
53.1684	0.961485	3.66125
53.4027	0.961532	3.66171
53.6369	0.961581	3.66216
53.8711	0.961631	3.66262
54.1053	0.961681	3.66307
54.3395	0.961732	3.66352
54.5737	0.961785	3.66398
54.8079	0.961838	3.66443
55.0421	0.961892	3.66489
55.2763	0.961947	3.66534
55.5106	0.962003	3.66579
55.7448	0.96206	3.66625
55.979	0.962117	3.6667
56.2132	0.962175	3.66715
56.4474	0.962234	3.66761
56.6816	0.962294	3.66806
56.9158	0.962355	3.66851
57.15	0.962416	3.66897
57.3843	0.962478	3.66942
57.6185	0.96254	3.66987
57.8527	0.962604	3.67033
58.0869	0.962668	3.67078
58.3211	0.962732	3.67123
58.5553	0.962797	3.67168
58.7895	0.962863	3.67214
59.0237	0.96293	3.67259
59.2579	0.962997	3.67304
59.4922	0.963064	3.67349
59.7264	0.963132	3.67395
59.9606	0.963201	3.6744
60.1948	0.96327	3.67485
60.429	0.963339	3.6753
60.6632	0.96341	3.67575
60.8974	0.96348	3.67621
61.1316	0.963551	3.67666
61.3659	0.963623	3.67711
61.6001	0.963695	3.67756
61.8343	0.963767	3.67801
62.0685	0.96384	3.67846
62.3027	0.963913	3.67891
62.5369	0.963987	3.67937
62.7711	0.964061	3.67982
63.0053	0.964135	3.68027
63.2396	0.96421	3.68072
63.4738	0.964285	3.68117
63.708	0.96436	3.68162
63.9422	0.964436	3.68207
64.1764	0.964512	3.68252
64.4106	0.964589	3.68297
64.6448	0.964665	3.68342
64.879	0.964742	3.68387
65.1132	0.96482	3.68432
65.3475	0.964897	3.68477
65.5817	0.964975	3.68522
65.8159	0.965053	3.68567
66.0501	0.965131	3.68612
66.2843	0.96521	3.68657
66.5185	0.965289	3.68702
66.7527	0.965368	3.68747
66.9869	0.965447	3.68792
67.2212	0.965527	3.68837
67.4554	0.965607	3.68882
67.6896	0.965686	3.68927
67.9238	0.965767	3.68972
68.158	0.965847	3.69017
68.3922	0.965927	3.69062
68.6264	0.966008	3.69107
68.8606	0.966089	3.69152
69.0948	0.96617	3.69196
69.3291	0.966251	3.69241
69.5633	0.966332	3.69286
69.7975	0.966414	3.69331
70.0317	0.966495	3.69376
70.2659	0.966577	3.69421
70.5001	0.966659	3.69466
70.7343	0.96674	3.6951
70.9685	0.966822	3.69555
71.2028	0.966905	3.696
71.437	0.966987	3.69645
71.6712	0.967069	3.6969
71.9054	0.967152	3.69734
72.1396	0.967234	3.69779
72.3738	0.967317	3.69824
72.608	0.967399	3.69869
72.8422	0.967482	3.69913
73.0765	0.967565	3.69958
73.3107	0.967648	3.70003
73.5449	0.967731	3.70048
73.7791	0.967814	3.70092
74.0133	0.967897	3.70137
74.2475	0.96798	3.70182
74.4817	0.968063	3.70227
74.7159	0.968146	3.70271
74.9501	0.968229	3.70316
75.1844	0.968313	3.70361
75.4186	0.968396	3.70405
75.6528	0.968479	3.7045
75.887	0.968562	3.70495
76.1212	0.968646	3.70539
76.3554	0.968729	3.70584
76.5896	0.968812	3.70628
76.8238	0.968896	3.70673
77.0581	0.968979	3.70718
77.2923	0.969063	3.70762
77.5265	0.969146	3.70807
77.7607	0.969229	3.70851
77.9949	0.969313	3.70896
78.2291	0.969396	3.70941
78.4633	0.969479	3.70985
78.6975	0.969563	3.7103
78.9317	0.969646	3.71074
79.166	0.969729	3.71119
79.4002	0.969812	3.71163
79.6344	0.969896	3.71208
79.8686	0.969979	3.71252
80.1028	0.970062	3.71297
80.337	0.970145	3.71341
80.5712	0.970228	3.71386
80.8054	0.970311	3.7143
81.0397	0.970394	3.71475
81.2739	0.970477	3.71519
81.5081	0.97056	3.71564
81.7423	0.970643	3.71608
81.9765	0.970726	3.71653
82.2107	0.970809	3.71697
82.4449	0.970892	3.71742
82.6791	0.970974	3.71786
82.9133	0.971057	3.71831
83.1476	0.97114	3.71875
83.3818	0.971222	3.71919
83.616	0.971305	3.71964
83.8502	0.971387	3.72008
84.0844	0.971469	3.72053
84.3186	0.971552	3.72097
84.5528	0.971634	3.72141
84.787	0.971716	3.72186
85.0213	0.971798	3.7223
85.2555	0.97188	3.72275
85.4897	0.971962	3.72319
85.7239	0.972044	3.72363
85.9581	0.972126	3.72408
86.1923	0.972208	3.72452
86.4265	0.972289	3.72496
86.6607	0.972371	3.72541
86.895	0.972452	3.72585
87.1292	0.972534	3.72629
87.3634	0.972615	3.72674
87.5976	0.972697	3.72718
87.8318	0.972778	3.72762
88.066	0.972859	3.72806
88.3002	0.97294	3.72851
88.5344	0.973021	3.72895
88.7686	0.973102	3.72939
89.0029	0.973182	3.72983
89.2371	0.973263	3.73028
89.4713	0.973344	3.73072
89.7055	0.973424	3.73116
89.9397	0.973505	3.7316
90.1739	0.973585	3.73205
90.4081	0.973665	3.73249
90.6423	0.973745	3.73293
90.8766	0.973825	3.73337
91.1108	0.973905	3.73381
91.345	0.973985	3.73426
91.5792	0.974065	3.7347
91.8134	0.974144	3.73514
92.0476	0.974224	3.73558
92.2818	0.974304	3.73602
92.516	0.974383	3.73647
92.7502	0.974462	3.73691
92.9845	0.974541	3.73735
93.2187	0.97462	3.73779
93.4529	0.974699	3.73823
93.6871	0.974778	3.73867
93.9213	0.974857	3.73911
94.1555	0.974936	3.73956
94.3897	0.975014	3.74
94.6239	0.975093	3.74044
94.8582	0.975171	3.74088
95.0924	0.975249	3.74132
95.3266	0.975328	3.74176
95.5608	0.975406	3.7422
95.795	0.975484	3.74264
96.0292	0.975561	3.74308
96.2634	0.975639	3.74352
96.4976	0.975717	3.74396
96.7319	0.975794	3.7444
96.9661	0.975872	3.74485
97.2003	0.975949	3.74529
97.4345	0.976026	3.74573
97.6687	0.976103	3.74617
97.9029	0.97618	3.74661
98.1371	0.976257	3.74705
98.3713	0.976334	3.74749
98.6055	0.976411	3.74793
98.8398	0.976487	3.74837
99.074	0.976564	3.74881
99.3082	0.97664	3.74925
99.5424	0.976716	3.74969
99.7766	0.976792	3.75013
100.011	0.976868	3.75057
100.245	0.976944	3.75101
100.479	0.97702	3.75145
100.713	0.977096	3.75189
100.948	0.977171	3.75233
101.182	0.977247	3.75277
101.416	0.977322	3.75321
101.65	0.977397	3.75364
101.885	0.977473	3.75408
102.119	0.977548	3.75452
102.353	0.977623	3.75496
102.587	0.977697	3.7554
102.821	0.977772	3.75584
103.056	0.977847	3.75628
103.29	0.977921	3.75672
103.524	0.977995	3.75716
103.758	0.97807	3.7576
103.992	0.978144	3.75804
104.227	0.978218	3.75848
104.461	0.978292	3.75891
104.695	0.978366	3.75935
104.929	0.978439	3.75979
105.163	0.978513	3.76023
105.398	0.978586	3.76067
105.632	0.97866	3.76111
105.866	0.978733	3.76155
106.1	0.978806	3.76199
106.335	0.978879	3.76242
106.569	0.978952	3.76286
106.803	0.979025	3.7633
107.037	0.979098	3.76374
107.271	0.97917	3.76418
107.506	0.979243	3.76462
107.74	0.979315	3.76505
107.974	0.979387	3.76549
108.208	0.979459	3.76593
108.442	0.979531	3.76637
108.677	0.979603	3.76681
108.911	0.979675	3.76725
109.145	0.979747	3.76768
109.379	0.979818	3.76812
109.614	0.97989	3.76856
109.848	0.979961	3.769
110.082	0.980033	3.76944
110.316	0.980104	3.76987
110.55	0.980175	3.77031
110.785	0.980246	3.77075
111.019	0.980316	3.77119
111.253	0.980387	3.77162
111.487	0.980458	3.77206
111.721	0.980528	3.7725
111.956	0.980599	3.77294
112.19	0.980669	3.77337
112.424	0.980739	3.77381
112.658	0.980809	3.77425
112.892	0.980879	3.77469
113.127	0.980949	3.77512
113.361	0.981019	3.77556
113.595	0.981088	3.776
113.829	0.981158	3.77644
114.064	0.981227	3.77687
114.298	0.981296	3.77731
114.532	0.981365	3.77775
114.766	0.981435	3.77818
115	0.981504	3.77862
115.235	0.981572	3.77906
115.469	0.981641	3.7795
115.703	0.98171	3.77993
115.937	0.981778	3.78037
116.171	0.981847	3.78081
116.406	0.981915	3.78124
116.64	0.981983	3.78168
116.874	0.982051	3.78212
117.108	0.982119	3.78255
117.342	0.982187	3.78299
117.577	0.982255	3.78343
117.811	0.982323	3.78386
118.045	0.98239	3.7843
118.279	0.982458	3.78474
118.514	0.982525	3.78517
118.748	0.982592	3.78561
118.982	0.982659	3.78605
119.216	0.982726	3.78648
119.45	0.982793	3.78692
119.685	0.98286	3.78736
119.919	0.982927	3.78779
120.153	0.982993	3.78823
120.387	0.98306	3.78866
120.621	0.983126	3.7891
120.856	0.983192	3.78954
121.09	0.983259	3.78997
121.324	0.983325	3.79041
121.558	0.983391	3.79085
121.793	0.983457	3.79128
122.027	0.983522	3.79172
122.261	0.983588	3.79215
122.495	0.983653	3.79259
122.729	0.983719	3.79303
122.964	0.983784	3.79346
123.198	0.98385	3.7939
123.432	0.983915	3.79433
123.666	0.98398	3.79477
123.9	0.984045	3.79521
124.135	0.984109	3.79564
124.369	0.984174	3.79608
124.603	0.984239	3.79651
124.837	0.984303	3.79695
125.071	0.984368	3.79739
125.306	0.984432	3.79782
125.54	0.984496	3.79826
125.774	0.98456	3.79869
126.008	0.984624	3.79913
126.243	0.984688	3.79956
126.477	0.984752	3.8
126.711	0.984816	3.80043
126.945	0.984879	3.80087
127.179	0.984943	3.80131
127.414	0.985006	3.80174
127.648	0.98507	3.80218
127.882	0.985133	3.80261
128.116	0.985196	3.80305
128.35	0.985259	3.80348
128.585	0.985322	3.80392
128.819	0.985385	3.80435
129.053	0.985447	3.80479
129.287	0.98551	3.80522
129.522	0.985572	3.80566
129.756	0.985635	3.8061
129.99	0.985697	3.80653
130.224	0.985759	3.80697
130.458	0.985821	3.8074
130.693	0.985883	3.80784
130.927	0.985945	3.80827
131.161	0.986007	3.80871
131.395	0.986069	3.80914
131.629	0.986131	3.80958
131.864	0.986192	3.81001
132.098	0.986254	3.81045
132.332	0.986315	3.81088
132.566	0.986376	3.81132
132.8	0.986437	3.81175
133.035	0.986498	3.81219
133.269	0.986559	3.81262
133.503	0.98662	3.81306
133.737	0.986681	3.81349
133.972	0.986741	3.81393
134.206	0.986802	3.81436
134.44	0.986863	3.8148
134.674	0.986923	3.81523
134.908	0.986983	3.81567
135.143	0.987043	3.8161
135.377	0.987103	3.81654
135.611	0.987163	3.81697
135.845	0.987223	3.81741
136.079	0.987283	3.81784
136.314	0.987343	3.81828
136.548	0.987402	3.81871
136.782	0.987462	3.81915
137.016	0.987521	3.81958
137.251	0.987581	3.82002
137.485	0.98764	3.82045
137.719	0.987699	3.82089
137.953	0.987758	3.82132
138.187	0.987817	3.82175
138.422	0.987876	3.82219
138.656	0.987935	3.82262
138.89	0.987994	3.82306
139.124	0.988052	3.82349
139.358	0.988111	3.82393
139.593	0.988169	3.82436
139.827	0.988227	3.8248
140.061	0.988286	3.82523
140.295	0.988344	3.82567
140.529	0.988402	3.8261
140.764	0.98846	3.82654
140.998	0.988518	3.82697
141.232	0.988575	3.8274
141.466	0.988633	3.82784
141.701	0.988691	3.82827
141.935	0.988748	3.82871
142.169	0.988806	3.82914
142.403	0.988863	3.82958
142.635	0.98892	3.83001
142.869	0.988977	3.83044
143.103	0.989034	3.83088
143.338	0.989091	3.83131
143.572	0.989148	3.83175
143.806	0.989204	3.83218
144.04	0.989261	3.83261
144.275	0.989318	3.83305
144.509	0.989374	3.83348
144.743	0.989431	3.83392
144.977	0.989487	3.83435
145.211	0.989543	3.83479
145.446	0.9896	3.83522
145.68	0.989656	3.83566
145.914	0.989712	3.83609
146.148	0.989768	3.83652
146.382	0.989823	3.83696
146.617	0.989879	3.83739
146.851	0.989935	3.83783
147.085	0.98999	3.83826
147.319	0.990046	3.8387
147.553	0.990101	3.83913
147.788	0.990157	3.83957
148.022	0.990212	3.84
148.256	0.990267	3.84043
148.49	0.990322	3.84087
148.725	0.990377	3.8413
148.959	0.990432	3.84174
149.193	0.990487	3.84217
149.427	0.990542	3.84261
149.661	0.990596	3.84304
149.896	0.990651	3.84347
150.13	0.990705	3.84391
150.364	0.99076	3.84434
150.598	0.990814	3.84478
150.832	0.990868	3.84521
151.067	0.990922	3.84565
151.301	0.990976	3.84608
151.535	0.99103	3.84652
151.769	0.991084	3.84695
152.004	0.991138	3.84738
152.238	0.991192	3.84782
152.472	0.991245	3.84825
152.706	0.991299	3.84869
152.94	0.991352	3.84912
153.175	0.991406	3.84956
153.409	0.991459	3.84999
153.643	0.991512	3.85042
153.877	0.991565	3.85086
154.111	0.991618	3.85129
154.346	0.991671	3.85173
154.58	0.991724	3.85216
154.814	0.991777	3.8526
155.048	0.99183	3.85303
155.282	0.991883	3.85347
155.517	0.991935	3.8539
155.751	0.991988	3.85433
155.985	0.99204	3.85477
156.219	0.992092	3.8552
156.454	0.992145	3.85564
156.688	0.992197	3.85607
156.922	0.992249	3.85651
157.156	0.992301	3.85694
157.39	0.992353	3.85738
157.625	0.992405	3.85781
157.859	0.992457	3.85824
158.093	0.992508	3.85868
158.327	0.99256	3.85911
158.561	0.992612	3.85955
158.796	0.992663	3.85998
159.03	0.992714	3.86042
159.264	0.992766	3.86085
159.498	0.992817	3.86129
159.733	0.992868	3.86172
159.967	0.992919	3.86215
160.201	0.99297	3.86259
160.435	0.993021	3.86302
160.669	0.993072	3.86346
160.904	0.993123	3.86389
161.138	0.993173	3.86433
161.372	0.993224	3.86476
161.606	0.993275	3.8652
161.84	0.993325	3.86563
162.075	0.993375	3.86607
162.309	0.993426	3.8665
162.543	0.993476	3.86693
162.777	0.993526	3.86737
163.011	0.993576	3.8678
163.246	0.993626	3.86824
163.48	0.993676	3.86867
163.714	0.993726	3.86911
163.948	0.993776	3.86954
164.183	0.993826	3.86998
164.417	0.993875	3.87041
164.651	0.993925	3.87085
164.885	0.993974	3.87128
165.119	0.994024	3.87172
165.354	0.994073	3.87215
165.588	0.994122	3.87258
165.822	0.994171	3.87302
166.056	0.994221	3.87345
166.29	0.99427	3.87389
166.525	0.994319	3.87432
166.759	0.994368	3.87476
166.993	0.994416	3.87519
167.227	0.994465	3.87563
167.461	0.994514	3.87606
167.696	0.994562	3.8765
167.93	0.994611	3.87693
168.164	0.994659	3.87737
168.398	0.994708	3.8778
168.633	0.994756	3.87824
168.867	0.994804	3.87867
169.101	0.994852	3.87911
169.335	0.994901	3.87954
169.569	0.994949	3.87998
169.804	0.994997	3.88041
170.038	0.995044	3.88085
170.272	0.995092	3.88128
170.506	0.99514	3.88172
170.74	0.995188	3.88215
170.975	0.995235	3.88259
171.209	0.995283	3.88302
171.443	0.99533	3.88346
171.677	0.995378	3.88389
171.912	0.995425	3.88433
172.146	0.995472	3.88476
172.38	0.995519	3.8852
172.614	0.995567	3.88563
172.848	0.995614	3.88607
173.083	0.995661	3.8865
173.317	0.995707	3.88694
173.551	0.995754	3.88737
173.785	0.995801	3.88781
174.019	0.995848	3.88824
174.254	0.995894	3.88868
174.488	0.995941	3.88912
174.722	0.995987	3.88955
174.956	0.996034	3.88999
175.19	0.99608	3.89042
175.425	0.996126	3.89086
175.659	0.996173	3.89129
175.893	0.996219	3.89173
176.127	0.996265	3.89216
176.362	0.996311	3.8926
176.596	0.996357	3.89303
176.83	0.996403	3.89347
177.064	0.996448	3.8939
177.298	0.996494	3.89434
177.533	0.99654	3.89478
177.767	0.996585	3.89521
178.001	0.996631	3.89565
178.235	0.996676	3.89608
178.469	0.996722	3.89652
178.704	0.996767	3.89695
178.938	0.996812	3.89739
179.172	0.996858	3.89783
179.406	0.996903	3.89826
179.641	0.996948	3.8987
179.875	0.996993	3.89913
180.109	0.997038	3.89957
180.343	0.997083	3.9
180.577	0.997128	3.90044
180.812	0.997172	3.90088
181.046	0.997217	3.90131
181.28	0.997262	3.90175
181.514	0.997306	3.90218
181.748	0.997351	3.90262
181.983	0.997395	3.90306
182.217	0.997439	3.90349
182.451	0.997484	3.90393
182.685	0.997528	3.90436
182.919	0.997572	3.9048
183.154	0.997616	3.90524
183.388	0.99766	3.90567
183.622	0.997704	3.90611
183.856	0.997748	3.90655
184.091	0.997792	3.90698
184.325	0.997836	3.90742
184.559	0.997879	3.90785
184.793	0.997923	3.90829
185.027	0.997967	3.90873
185.262	0.99801	3.90916
185.496	0.998053	3.9096
185.73	0.998097	3.91004
185.964	0.99814	3.91047
186.198	0.998183	3.91091
186.433	0.998227	3.91135
186.667	0.99827	3.91178
186.901	0.998313	3.91222
187.135	0.998356	3.91266
187.37	0.998399	3.91309
187.604	0.998442	3.91353
187.838	0.998485	3.91397
188.072	0.998527	3.9144
188.306	0.99857	3.91484
188.541	0.998613	3.91528
188.775	0.998655	3.91571
189.009	0.998698	3.91615
189.243	0.99874	3.91659
189.477	0.998783	3.91702
189.712	0.998825	3.91746
189.946	0.998867	3.9179
190.18	0.99891	3.91834
190.414	0.998952	3.91877
190.648	0.998994	3.91921
190.883	0.999036	3.91965
191.117	0.999078	3.92008
191.351	0.99912	3.92052
191.585	0.999162	3.92096
191.82	0.999203	3.9214
192.054	0.999245	3.92183
192.288	0.999287	3.92227
192.522	0.999328	3.92271
192.756	0.99937	3.92314
192.991	0.999411	3.92358
193.225	0.999453	3.92402
193.459	0.999494	3.92446
193.693	0.999536	3.92489
193.927	0.999577	3.92533
194.162	0.999618	3.92577
194.396	0.999659	3.92621
194.63	0.9997	3.92664
194.864	0.999741	3.92708
195.099	0.999782	3.92752
195.333	0.999823	3.92796
195.567	0.999864	3.9284
195.801	0.999905	3.92883
196.035	0.999946	3.92927
196.27	0.999986	3.92971
196.504	1.00003	3.93015
196.738	1.00007	3.93059
196.972	1.00011	3.93102
197.206	1.00015	3.93146
197.441	1.00019	3.9319
197.675	1.00023	3.93234
197.909	1.00027	3.93278
198.143	1.00031	3.93321
198.377	1.00035	3.93365
198.612	1.00039	3.93409
198.846	1.00043	3.93453
199.08	1.00047	3.93497
199.314	1.00051	3.93541
199.549	1.00055	3.93584
199.783	1.00059	3.93628
200.017	1.00063	3.93672
200.251	1.00067	3.93716
200.485	1.00071	3.9376
200.72	1.00075	3.93804
200.954	1.00079	3.93848
201.188	1.00083	3.93891
201.422	1.00087	3.93935
201.656	1.00091	3.93979
201.891	1.00095	3.94023
202.125	1.00098	3.94067
202.359	1.00102	3.94111
202.593	1.00106	3.94155
202.827	1.0011	3.94199
203.062	1.00114	3.94243
203.296	1.00118	3.94286
203.53	1.00122	3.9433
203.764	1.00126	3.94374
203.999	1.0013	3.94418
204.233	1.00134	3.94462
204.467	1.00137	3.94506
204.701	1.00141	3.9455
204.935	1.00145	3.94594
205.17	1.00149	3.94638
205.404	1.00153	3.94682
205.638	1.00157	3.94726
205.872	1.00161	3.9477
206.106	1.00164	3.94814
206.341	1.00168	3.94858
206.575	1.00172	3.94902
206.809	1.00176	3.94946
207.043	1.0018	3.9499
207.278	1.00183	3.95034
207.512	1.00187	3.95078
207.746	1.00191	3.95122
207.98	1.00195	3.95166
208.214	1.00199	3.9521
208.449	1.00202	3.95254
208.683	1.00206	3.95298
208.917	1.0021	3.95342
209.151	1.00214	3.95386
209.385	1.00217	3.9543
209.62	1.00221	3.95474
209.854	1.00225	3.95518
210.088	1.00229	3.95562
210.322	1.00232	3.95606
210.556	1.00236	3.9565
210.791	1.0024	3.95694
211.025	1.00244	3.95738
211.259	1.00247	3.95782
211.493	1.00251	3.95826
211.728	1.00255	3.9587
211.962	1.00258	3.95914
212.196	1.00262	3.95958
212.43	1.00266	3.96002
212.664	1.0027	3.96046
212.899	1.00273	3.9609
213.133	1.00277	3.96135
213.367	1.00281	3.96179
213.601	1.00284	3.96223
213.835	1.00288	3.96267
214.07	1.00292	3.96311
214.304	1.00295	3.96355
214.538	1.00299	3.96399
214.772	1.00302	3.96443
215.007	1.00306	3.96488
215.241	1.0031	3.96532
215.475	1.00313	3.96576
215.709	1.00317	3.9662
215.943	1.00321	3.96664
216.178	1.00324	3.96708
216.412	1.00328	3.96752
216.646	1.00331	3.96797
216.88	1.00335	3.96841
217.114	1.00339	3.96885
217.349	1.00342	3.96929
217.583	1.00346	3.96973
217.817	1.00349	3.97018
218.051	1.00353	3.97062
218.285	1.00356	3.97106
218.52	1.0036	3.9715
218.754	1.00364	3.97194
218.988	1.00367	3.97239
219.222	1.00371	3.97283
219.457	1.00374	3.97327
219.691	1.00378	3.97371
219.925	1.00381	3.97416
220.159	1.00385	3.9746
220.393	1.00388	3.97504
220.628	1.00392	3.97548
220.862	1.00395	3.97593
221.096	1.00399	3.97637
221.33	1.00402	3.97681
221.564	1.00406	3.97725
221.799	1.00409	3.9777
222.033	1.00413	3.97814
222.267	1.00416	3.97858
222.501	1.0042	3.97903
222.736	1.00423	3.97947
222.97	1.00427	3.97991
223.204	1.0043	3.98036
223.438	1.00434	3.9808
223.672	1.00437	3.98124
223.907	1.00441	3.98169
224.141	1.00444	3.98213
224.375	1.00447	3.98257
224.609	1.00451	3.98302
224.843	1.00454	3.98346
225.078	1.00458	3.9839
225.312	1.00461	3.98435
225.546	1.00465	3.98479
225.78	1.00468	3.98523
226.014	1.00471	3.98568
226.249	1.00475	3.98612
226.483	1.00478	3.98657
226.717	1.00482	3.98701
226.951	1.00485	3.98745
227.186	1.00488	3.9879
227.42	1.00492	3.98834
227.654	1.00495	3.98879
227.888	1.00499	3.98923
228.122	1.00502	3.98968
228.357	1.00505	3.99012
228.591	1.00509	3.99056
228.825	1.00512	3.99101
229.059	1.00515	3.99145
229.293	1.00519	3.9919
229.528	1.00522	3.99234
229.762	1.00525	3.99279
229.996	1.00529	3.99323
230.23	1.00532	3.99368
230.464	1.00535	3.99412
230.699	1.00539	3.99457
230.933	1.00542	3.99501
231.167	1.00545	3.99546
231.401	1.00549	3.9959
231.636	1.00552	3.99635
231.87	1.00555	3.99679
232.104	1.00558	3.99724
232.338	1.00562	3.99769
232.572	1.00565	3.99813
232.807	1.00568	3.99858
233.041	1.00572	3.99902
233.275	1.00575	3.99947
233.509	1.00578	3.99991
233.743	1.00581	4.00036
233.978	1.00585	4.00081
234.212	1.00588	4.00125
234.446	1.00591	4.0017
234.68	1.00594	4.00214
234.915	1.00598	4.00259
235.149	1.00601	4.00304
235.383	1.00604	4.00348
235.617	1.00607	4.00393
235.851	1.00611	4.00437
236.086	1.00614	4.00482
236.32	1.00617	4.00527
236.554	1.0062	4.00571
236.788	1.00623	4.00616
237.022	1.00627	4.00661
237.257	1.0063	4.00705
237.491	1.00633	4.0075
237.725	1.00636	4.00795
237.959	1.00639	4.0084
238.193	1.00642	4.00884
238.428	1.00646	4.00929
238.662	1.00649	4.00974
238.896	1.00652	4.01018
239.13	1.00655	4.01063
239.365	1.00658	4.01108
239.599	1.00661	4.01153
239.833	1.00665	4.01197
240.067	1.00668	4.01242
240.301	1.00671	4.01287
240.536	1.00674	4.01332
240.77	1.00677	4.01377
241.004	1.0068	4.01421
241.238	1.00683	4.01466
241.472	1.00687	4.01511
241.707	1.0069	4.01556
241.941	1.00693	4.01601
242.175	1.00696	4.01645
242.409	1.00699	4.0169
242.644	1.00702	4.01735
242.878	1.00705	4.0178
243.112	1.00708	4.01825
243.346	1.00711	4.0187
243.58	1.00714	4.01914
243.815	1.00717	4.01959
244.049	1.00721	4.02004
244.283	1.00724	4.02049
244.517	1.00727	4.02094
244.751	1.0073	4.02139
244.986	1.00733	4.02184
245.22	1.00736	4.02229
245.454	1.00739	4.02274
245.688	1.00742	4.02319
245.922	1.00745	4.02363
246.157	1.00748	4.02408
246.391	1.00751	4.02453
246.625	1.00754	4.02498
246.859	1.00757	4.02543
247.094	1.0076	4.02588
247.328	1.00763	4.02633
247.562	1.00766	4.02678
247.796	1.00769	4.02723
248.03	1.00772	4.02768
248.265	1.00775	4.02813
248.499	1.00778	4.02858
248.733	1.00781	4.02903
248.967	1.00784	4.02948
249.201	1.00787	4.02993
249.436	1.0079	4.03038
249.67	1.00793	4.03083
249.904	1.00796	4.03128
250.138	1.00799	4.03173
250.373	1.00802	4.03219
250.607	1.00805	4.03264
250.841	1.00808	4.03309
251.075	1.00811	4.03354
251.309	1.00814	4.03399
251.544	1.00817	4.03444
251.778	1.0082	4.03489
252.012	1.00823	4.03534
252.246	1.00826	4.03579
252.48	1.00829	4.03625
252.715	1.00831	4.0367
252.949	1.00834	4.03715
253.183	1.00837	4.0376
253.417	1.0084	4.03805
253.651	1.00843	4.0385
253.886	1.00846	4.03896
254.12	1.00849	4.03941
254.354	1.00852	4.03986
254.588	1.00855	4.04031
254.823	1.00858	4.04076
255.057	1.00861	4.04122
255.291	1.00863	4.04167
255.525	1.00866	4.04212
255.759	1.00869	4.04257
255.994	1.00872	4.04303
256.228	1.00875	4.04348
256.462	1.00878	4.04393
256.696	1.00881	4.04438
256.93	1.00884	4.04484
257.165	1.00886	4.04529
257.399	1.00889	4.04574
257.633	1.00892	4.0462
257.867	1.00895	4.04665
258.101	1.00898	4.0471
258.336	1.00901	4.04755
258.57	1.00903	4.04801
258.804	1.00906	4.04846
259.038	1.00909	4.04892
259.273	1.00912	4.04937
259.507	1.00915	4.04982
259.741	1.00918	4.05028
259.975	1.0092	4.05073
260.209	1.00923	4.05118
260.444	1.00926	4.05164
260.678	1.00929	4.05209
260.912	1.00932	4.05255
261.146	1.00934	4.053
261.38	1.00937	4.05345
261.615	1.0094	4.05391
261.849	1.00943	4.05436
262.083	1.00945	4.05482
262.317	1.00948	4.05527
262.552	1.00951	4.05573
262.786	1.00954	4.05618
263.02	1.00957	4.05664
263.254	1.00959	4.05709
263.488	1.00962	4.05755
263.723	1.00965	4.058
263.957	1.00968	4.05846
264.191	1.0097	4.05891
264.425	1.00973	4.05937
264.659	1.00976	4.05982
264.894	1.00979	4.06028
265.128	1.00981	4.06074
265.362	1.00984	4.06119
265.596	1.00987	4.06165
265.83	1.00989	4.0621
266.065	1.00992	4.06256
266.299	1.00995	4.06302
266.533	1.00998	4.06347
266.767	1.01	4.06393
267.002	1.01003	4.06438
267.236	1.01006	4.06484
267.47	1.01008	4.0653
267.704	1.01011	4.06575
267.938	1.01014	4.06621
268.173	1.01016	4.06667
268.407	1.01019	4.06712
268.641	1.01022	4.06758
268.875	1.01025	4.06804
269.109	1.01027	4.06849
269.344	1.0103	4.06895
269.578	1.01033	4.06941
269.812	1.01035	4.06987
270.046	1.01038	4.07032
270.281	1.01041	4.07078
270.515	1.01043	4.07124
270.749	1.01046	4.0717
270.983	1.01048	4.07215
271.217	1.01051	4.07261
271.452	1.01054	4.07307
271.686	1.01056	4.07353
271.92	1.01059	4.07399
272.154	1.01062	4.07444
272.388	1.01064	4.0749
272.623	1.01067	4.07536
272.857	1.0107	4.07582
273.091	1.01072	4.07628
273.325	1.01075	4.07674
273.559	1.01077	4.0772
273.794	1.0108	4.07765
274.028	1.01083	4.07811
274.262	1.01085	4.07857
274.496	1.01088	4.07903
274.731	1.0109	4.07949
274.965	1.01093	4.07995
275.199	1.01096	4.08041
275.433	1.01098	4.08087
275.667	1.01101	4.08133
275.902	1.01103	4.08179
276.136	1.01106	4.08225
276.37	1.01108	4.08271
276.604	1.01111	4.08317
276.838	1.01114	4.08363
277.073	1.01116	4.08409
277.307	1.01119	4.08455
277.541	1.01121	4.08501
277.775	1.01124	4.08547
278.01	1.01126	4.08593
278.244	1.01129	4.08639
278.478	1.01131	4.08685
278.712	1.01134	4.08731
278.946	1.01136	4.08777
279.181	1.01139	4.08823
279.415	1.01141	4.08869
279.649	1.01144	4.08916
279.883	1.01147	4.08962
280.117	1.01149	4.09008
280.352	1.01152	4.09054
280.586	1.01154	4.091
280.82	1.01157	4.09146
281.054	1.01159	4.09192
281.288	1.01162	4.09239
281.523	1.01164	4.09285
281.757	1.01167	4.09331
281.991	1.01169	4.09377
282.225	1.01172	4.09423
282.46	1.01174	4.0947
282.694	1.01177	4.09516
282.928	1.01179	4.09562
283.162	1.01181	4.09608
283.396	1.01184	4.09655
283.631	1.01186	4.09701
283.865	1.01189	4.09747
284.099	1.01191	4.09793
284.333	1.01194	4.0984
284.567	1.01196	4.09886
284.802	1.01199	4.09932
285.036	1.01201	4.09979
285.27	1.01204	4.10025
285.504	1.01206	4.10071
285.739	1.01208	4.10118
285.973	1.01211	4.10164
286.207	1.01213	4.1021
286.441	1.01216	4.10257
286.675	1.01218	4.10303
286.91	1.01221	4.1035
287.144	1.01223	4.10396
287.378	1.01225	4.10442
287.612	1.01228	4.10489
287.846	1.0123	4.10535
288.081	1.01233	4.10582
288.315	1.01235	4.10628
288.549	1.01238	4.10675
288.783	1.0124	4.10721
289.017	1.01242	4.10768
289.252	1.01245	4.10814
289.486	1.01247	4.10861
289.72	1.0125	4.10907
289.954	1.01252	4.10954
290.189	1.01254	4.11
290.423	1.01257	4.11047
290.657	1.01259	4.11093
290.891	1.01261	4.1114
291.125	1.01264	4.11187
291.36	1.01266	4.11233
291.594	1.01269	4.1128
291.828	1.01271	4.11326
292.062	1.01273	4.11373
292.296	1.01276	4.1142
292.531	1.01278	4.11466
292.765	1.0128	4.11513
292.999	1.01283	4.1156
293.233	1.01285	4.11606
293.467	1.01287	4.11653
293.702	1.0129	4.117
293.936	1.01292	4.11746
294.17	1.01294	4.11793
294.404	1.01297	4.1184
294.639	1.01299	4.11886
294.873	1.01301	4.11933
295.107	1.01304	4.1198
295.341	1.01306	4.12027
295.575	1.01308	4.12074
295.81	1.01311	4.1212
296.044	1.01313	4.12167
296.278	1.01315	4.12214
296.512	1.01318	4.12261
296.746	1.0132	4.12308
296.981	1.01322	4.12354
297.215	1.01324	4.12401
297.449	1.01327	4.12448
297.683	1.01329	4.12495
297.918	1.01331	4.12542
298.152	1.01334	4.12589
298.386	1.01336	4.12636
298.62	1.01338	4.12683
298.854	1.0134	4.12729
299.089	1.01343	4.12776
299.323	1.01345	4.12823
299.557	1.01347	4.1287
299.791	1.01349	4.12917
300.025	1.01352	4.12964
300.26	1.01354	4.13011
300.494	1.01356	4.13058
300.728	1.01358	4.13105
300.962	1.01361	4.13152
301.196	1.01363	4.13199
301.431	1.01365	4.13246
301.665	1.01367	4.13293
301.899	1.0137	4.1334
302.133	1.01372	4.13387
302.368	1.01374	4.13434
302.602	1.01376	4.13482
302.836	1.01379	4.13529
303.07	1.01381	4.13576
303.304	1.01383	4.13623
303.539	1.01385	4.1367
303.773	1.01388	4.13717
304.007	1.0139	4.13764
304.241	1.01392	4.13811
304.475	1.01394	4.13859
304.71	1.01396	4.13906
304.944	1.01399	4.13953
305.178	1.01401	4.14
305.412	1.01403	4.14047
305.647	1.01405	4.14095
305.881	1.01407	4.14142
306.115	1.0141	4.14189
306.349	1.01412	4.14236
306.583	1.01414	4.14284
306.818	1.01416	4.14331
307.052	1.01418	4.14378
307.286	1.0142	4.14426
307.52	1.01423	4.14473
307.754	1.01425	4.1452
307.989	1.01427	4.14568
308.223	1.01429	4.14615
308.457	1.01431	4.14662
308.691	1.01433	4.1471
308.925	1.01436	4.14757
309.16	1.01438	4.14804
309.394	1.0144	4.14852
309.628	1.01442	4.14899
309.862	1.01444	4.14947
310.097	1.01446	4.14994
310.331	1.01448	4.15042
310.565	1.01451	4.15089
310.799	1.01453	4.15136
311.033	1.01455	4.15184
311.268	1.01457	4.15231
311.502	1.01459	4.15279
311.736	1.01461	4.15326
311.97	1.01463	4.15374
312.204	1.01465	4.15422
312.439	1.01468	4.15469
312.673	1.0147	4.15517
312.907	1.01472	4.15564
313.141	1.01474	4.15612
313.376	1.01476	4.15659
313.61	1.01478	4.15707
313.844	1.0148	4.15755
314.078	1.01482	4.15802
314.312	1.01484	4.1585
314.547	1.01487	4.15898
314.781	1.01489	4.15945
315.015	1.01491	4.15993
315.249	1.01493	4.16041
315.483	1.01495	4.16088
315.718	1.01497	4.16136
315.952	1.01499	4.16184
316.186	1.01501	4.16231
316.42	1.01503	4.16279
316.654	1.01505	4.16327
316.889	1.01507	4.16375
317.123	1.01509	4.16422
317.357	1.01511	4.1647
317.591	1.01513	4.16518
317.826	1.01516	4.16566
318.06	1.01518	4.16614
318.294	1.0152	4.16662
318.528	1.01522	4.16709
318.762	1.01524	4.16757
318.997	1.01526	4.16805
319.231	1.01528	4.16853
319.465	1.0153	4.16901
319.699	1.01532	4.16949
319.933	1.01534	4.16997
320.168	1.01536	4.17045
320.402	1.01538	4.17093
320.636	1.0154	4.17141
320.87	1.01542	4.17189
321.104	1.01544	4.17236
321.339	1.01546	4.17284
321.573	1.01548	4.17332
321.807	1.0155	4.17381
322.041	1.01552	4.17429
322.276	1.01554	4.17477
322.51	1.01556	4.17525
322.744	1.01558	4.17573
322.978	1.0156	4.17621
323.212	1.01562	4.17669
323.447	1.01564	4.17717
323.681	1.01566	4.17765
323.915	1.01568	4.17813
324.149	1.0157	4.17861
324.383	1.01572	4.17909
324.618	1.01574	4.17958
324.852	1.01576	4.18006
325.086	1.01578	4.18054
325.32	1.0158	4.18102
325.555	1.01582	4.1815
325.789	1.01584	4.18199
326.023	1.01586	4.18247
326.257	1.01588	4.18295
326.491	1.0159	4.18343
326.726	1.01592	4.18392
326.96	1.01594	4.1844
327.194	1.01596	4.18488
327.428	1.01598	4.18536
327.662	1.016	4.18585
327.897	1.01602	4.18633
328.131	1.01604	4.18681
328.365	1.01605	4.1873
328.599	1.01607	4.18778
328.833	1.01609	4.18826
329.068	1.01611	4.18875
329.302	1.01613	4.18923
329.536	1.01615	4.18972
329.77	1.01617	4.1902
330.005	1.01619	4.19069
330.239	1.01621	4.19117
330.473	1.01623	4.19165
330.707	1.01625	4.19214
330.941	1.01627	4.19262
331.176	1.01629	4.19311
331.41	1.01631	4.19359
331.644	1.01632	4.19408
331.878	1.01634	4.19457
332.112	1.01636	4.19505
332.347	1.01638	4.19554
332.581	1.0164	4.19602
332.815	1.01642	4.19651
333.049	1.01644	4.19699
333.284	1.01646	4.19748
333.518	1.01648	4.19797
333.752	1.0165	4.19845
333.986	1.01651	4.19894
334.22	1.01653	4.19943
334.455	1.01655	4.19991
334.689	1.01657	4.2004
334.923	1.01659	4.20089
335.157	1.01661	4.20137
335.391	1.01663	4.20186
335.626	1.01665	4.20235
335.86	1.01666	4.20284
336.094	1.01668	4.20332
336.328	1.0167	4.20381
336.562	1.01672	4.2043
336.797	1.01674	4.20479
337.031	1.01676	4.20528
337.265	1.01678	4.20576
337.499	1.01679	4.20625
337.734	1.01681	4.20674
337.968	1.01683	4.20723
338.202	1.01685	4.20772
338.436	1.01687	4.20821
338.67	1.01689	4.2087
338.905	1.01691	4.20919
339.139	1.01692	4.20967
339.373	1.01694	4.21016
339.607	1.01696	4.21065
339.841	1.01698	4.21114
340.076	1.017	4.21163
340.31	1.01702	4.21212
340.544	1.01703	4.21261
340.781	1.01705	4.21311
341.015	1.01707	4.2136
341.249	1.01709	4.21409
341.483	1.01711	4.21458
341.717	1.01712	4.21507
341.952	1.01714	4.21556
342.186	1.01716	4.21605
342.42	1.01718	4.21654
342.654	1.0172	4.21704
342.889	1.01722	4.21753
343.123	1.01723	4.21802
343.357	1.01725	4.21851
343.591	1.01727	4.219
343.825	1.01729	4.21949
344.06	1.0173	4.21999
344.294	1.01732	4.22048
344.528	1.01734	4.22097
344.762	1.01736	4.22146
344.996	1.01738	4.22196
345.231	1.01739	4.22245
345.465	1.01741	4.22294
345.699	1.01743	4.22343
345.933	1.01745	4.22393
346.168	1.01747	4.22442
346.402	1.01748	4.22491
346.636	1.0175	4.22541
346.87	1.01752	4.2259
347.104	1.01754	4.2264
347.339	1.01755	4.22689
347.573	1.01757	4.22738
347.807	1.01759	4.22788
348.041	1.01761	4.22837
348.275	1.01762	4.22887
348.51	1.01764	4.22936
348.744	1.01766	4.22986
348.978	1.01768	4.23035
349.212	1.01769	4.23085
349.446	1.01771	4.23134
349.681	1.01773	4.23184
349.915	1.01775	4.23233
350.149	1.01776	4.23283
350.383	1.01778	4.23332
350.618	1.0178	4.23382
350.852	1.01781	4.23431
351.086	1.01783	4.23481
351.32	1.01785	4.23531
351.554	1.01787	4.2358
351.789	1.01788	4.2363
352.023	1.0179	4.2368
352.257	1.01792	4.23729
352.491	1.01794	4.23779
352.725	1.01795	4.23829
352.96	1.01797	4.23879
353.194	1.01799	4.23928
353.428	1.018	4.23978
353.662	1.01802	4.24028
353.897	1.01804	4.24078
354.131	1.01805	4.24127
354.365	1.01807	4.24177
354.599	1.01809	4.24227
354.833	1.01811	4.24277
355.068	1.01812	4.24327
355.302	1.01814	4.24377
355.536	1.01816	4.24426
355.77	1.01817	4.24476
356.004	1.01819	4.24526
356.239	1.01821	4.24576
356.473	1.01822	4.24626
356.707	1.01824	4.24676
356.941	1.01826	4.24726
357.175	1.01827	4.24776
357.41	1.01829	4.24826
357.644	1.01831	4.24876
357.878	1.01832	4.24926
358.112	1.01834	4.24976
358.347	1.01836	4.25026
358.581	1.01837	4.25076
358.815	1.01839	4.25126
359.049	1.01841	4.25176
359.283	1.01842	4.25226
359.518	1.01844	4.25276
359.752	1.01846	4.25327
359.986	1.01847	4.25377
360.22	1.01849	4.25427
360.454	1.01851	4.25477
360.689	1.01852	4.25527
360.923	1.01854	4.25577
361.157	1.01855	4.25628
361.391	1.01857	4.25678
361.625	1.01859	4.25728
361.86	1.0186	4.25778
362.094	1.01862	4.25829
362.328	1.01864	4.25879
362.562	1.01865	4.25929
362.797	1.01867	4.2598
363.031	1.01868	4.2603
363.265	1.0187	4.2608
363.499	1.01872	4.26131
363.733	1.01873	4.26181
363.968	1.01875	4.26231
364.202	1.01877	4.26282
364.436	1.01878	4.26332
364.67	1.0188	4.26383
364.904	1.01881	4.26433
365.139	1.01883	4.26484
365.373	1.01885	4.26534
365.607	1.01886	4.26585
365.841	1.01888	4.26635
366.076	1.01889	4.26686
366.31	1.01891	4.26736
366.544	1.01893	4.26787
366.778	1.01894	4.26837
367.012	1.01896	4.26888
367.247	1.01897	4.26938
367.481	1.01899	4.26989
367.715	1.019	4.2704
367.949	1.01902	4.2709
368.183	1.01904	4.27141
368.418	1.01905	4.27192
368.652	1.01907	4.27242
368.886	1.01908	4.27293
369.12	1.0191	4.27344
369.354	1.01911	4.27395
369.589	1.01913	4.27445
369.823	1.01915	4.27496
370.057	1.01916	4.27547
370.291	1.01918	4.27598
370.526	1.01919	4.27648
370.76	1.01921	4.27699
370.994	1.01922	4.2775
371.228	1.01924	4.27801
371.462	1.01926	4.27852
371.697	1.01927	4.27903
371.931	1.01929	4.27954
372.165	1.0193	4.28004
372.399	1.01932	4.28055
372.633	1.01933	4.28106
372.868	1.01935	4.28157
373.102	1.01936	4.28208
373.336	1.01938	4.28259
373.57	1.01939	4.2831
373.805	1.01941	4.28361
374.039	1.01942	4.28412
374.273	1.01944	4.28463
374.507	1.01946	4.28514
374.741	1.01947	4.28565
374.976	1.01949	4.28617
375.21	1.0195	4.28668
375.444	1.01952	4.28719
375.678	1.01953	4.2877
375.912	1.01955	4.28821
376.147	1.01956	4.28872
376.381	1.01958	4.28923
376.615	1.01959	4.28975
376.849	1.01961	4.29026
377.083	1.01962	4.29077
377.318	1.01964	4.29128
377.552	1.01965	4.2918
377.786	1.01967	4.29231
378.02	1.01968	4.29282
378.255	1.0197	4.29333
378.489	1.01971	4.29385
378.723	1.01973	4.29436
378.957	1.01974	4.29487
379.191	1.01976	4.29539
379.426	1.01977	4.2959
379.66	1.01979	4.29642
379.894	1.0198	4.29693
380.128	1.01982	4.29744
380.362	1.01983	4.29796
380.597	1.01985	4.29847
380.831	1.01986	4.29899
381.065	1.01987	4.2995
381.299	1.01989	4.30002
381.534	1.0199	4.30053
381.768	1.01992	4.30105
382.002	1.01993	4.30157
382.236	1.01995	4.30208
382.47	1.01996	4.3026
382.705	1.01998	4.30311
382.939	1.01999	4.30363
383.173	1.02001	4.30415
383.407	1.02002	4.30466
383.641	1.02004	4.30518
383.876	1.02005	4.3057
384.11	1.02006	4.30621
384.344	1.02008	4.30673
384.578	1.02009	4.30725
384.812	1.02011	4.30776
385.047	1.02012	4.30828
385.281	1.02014	4.3088
385.515	1.02015	4.30932
385.749	1.02017	4.30984
385.984	1.02018	4.31035
386.218	1.02019	4.31087
386.452	1.02021	4.31139
386.686	1.02022	4.31191
386.92	1.02024	4.31243
387.155	1.02025	4.31295
387.389	1.02027	4.31347
387.623	1.02028	4.31399
387.857	1.02029	4.31451
388.091	1.02031	4.31503
388.326	1.02032	4.31555
388.56	1.02034	4.31607
388.794	1.02035	4.31659
389.028	1.02037	4.31711
389.262	1.02038	4.31763
389.497	1.02039	4.31815
389.731	1.02041	4.31867
389.965	1.02042	4.31919
390.199	1.02044	4.31971
390.434	1.02045	4.32023
390.668	1.02046	4.32075
390.902	1.02048	4.32128
391.136	1.02049	4.3218
391.37	1.02051	4.32232
391.605	1.02052	4.32284
391.839	1.02053	4.32336
392.073	1.02055	4.32389
392.307	1.02056	4.32441
392.541	1.02058	4.32493
392.776	1.02059	4.32545
393.01	1.0206	4.32598
393.244	1.02062	4.3265
393.478	1.02063	4.32702
393.713	1.02064	4.32755
393.947	1.02066	4.32807
394.181	1.02067	4.3286
394.415	1.02069	4.32912
394.649	1.0207	4.32964
394.884	1.02071	4.33017
395.118	1.02073	4.33069
395.352	1.02074	4.33122
395.586	1.02075	4.33174
395.82	1.02077	4.33227
396.055	1.02078	4.33279
396.289	1.02079	4.33332
396.523	1.02081	4.33384
396.757	1.02082	4.33437
396.991	1.02084	4.3349
397.226	1.02085	4.33542
397.46	1.02086	4.33595
397.694	1.02088	4.33648
397.928	1.02089	4.337
398.163	1.0209	4.33753
398.397	1.02092	4.33806
398.631	1.02093	4.33858
398.865	1.02094	4.33911
399.099	1.02096	4.33964
399.334	1.02097	4.34017
399.568	1.02098	4.34069
399.802	1.021	4.34122
400.036	1.02101	4.34175
400.27	1.02102	4.34228
400.505	1.02104	4.34281
400.739	1.02105	4.34334
400.973	1.02106	4.34386
401.207	1.02108	4.34439
401.442	1.02109	4.34492
401.676	1.0211	4.34545
401.91	1.02112	4.34598
402.144	1.02113	4.34651
402.378	1.02114	4.34704
402.613	1.02116	4.34757
402.847	1.02117	4.3481
403.081	1.02118	4.34863
403.315	1.02119	4.34916
403.549	1.02121	4.34969
403.784	1.02122	4.35022
404.018	1.02123	4.35075
404.252	1.02125	4.35129
404.486	1.02126	4.35182
404.72	1.02127	4.35235
404.955	1.02129	4.35288
405.189	1.0213	4.35341
405.423	1.02131	4.35394
405.657	1.02132	4.35448
405.892	1.02134	4.35501
406.126	1.02135	4.35554
406.36	1.02136	4.35607
406.594	1.02138	4.35661
406.828	1.02139	4.35714
407.063	1.0214	4.35767
407.297	1.02141	4.35821
407.531	1.02143	4.35874
407.765	1.02144	4.35928
407.999	1.02145	4.35981
408.234	1.02147	4.36034
408.468	1.02148	4.36088
408.702	1.02149	4.36141
408.936	1.0215	4.36195
409.171	1.02152	4.36248
409.405	1.02153	4.36302
409.639	1.02154	4.36355
409.873	1.02155	4.36409
410.107	1.02157	4.36462
410.342	1.02158	4.36516
410.576	1.02159	4.36569
410.81	1.02161	4.36623
411.044	1.02162	4.36677
411.278	1.02163	4.3673
411.513	1.02164	4.36784
411.747	1.02166	4.36838
411.981	1.02167	4.36891
412.215	1.02168	4.36945
412.449	1.02169	4.36999
412.684	1.02171	4.37053
412.918	1.02172	4.37106
413.152	1.02173	4.3716
413.386	1.02174	4.37214
413.621	1.02175	4.37268
413.855	1.02177	4.37322
414.089	1.02178	4.37376
414.323	1.02179	4.37429
414.557	1.0218	4.37483
414.792	1.02182	4.37537
415.026	1.02183	4.37591
415.26	1.02184	4.37645
415.494	1.02185	4.37699
415.728	1.02187	4.37753
415.963	1.02188	4.37807
416.197	1.02189	4.37861
416.431	1.0219	4.37915
416.665	1.02191	4.37969
416.899	1.02193	4.38023
417.134	1.02194	4.38077
417.368	1.02195	4.38132
417.602	1.02196	4.38186
417.836	1.02197	4.3824
418.071	1.02199	4.38294
418.305	1.022	4.38348
418.539	1.02201	4.38402
418.773	1.02202	4.38457
419.007	1.02204	4.38511
419.242	1.02205	4.38565
419.476	1.02206	4.38619
419.71	1.02207	4.38674
419.944	1.02208	4.38728
420.178	1.0221	4.38782
420.413	1.02211	4.38837
420.647	1.02212	4.38891
420.881	1.02213	4.38945
421.115	1.02214	4.39
421.35	1.02215	4.39054
421.584	1.02217	4.39109
421.818	1.02218	4.39163
422.052	1.02219	4.39218
422.286	1.0222	4.39272
422.521	1.02221	4.39327
422.755	1.02223	4.39381
422.989	1.02224	4.39436
423.223	1.02225	4.3949
423.457	1.02226	4.39545
423.692	1.02227	4.396
423.926	1.02228	4.39654
424.16	1.0223	4.39709
424.394	1.02231	4.39763
424.628	1.02232	4.39818
424.863	1.02233	4.39873
425.097	1.02234	4.39928
425.331	1.02235	4.39982
425.565	1.02237	4.40037
425.8	1.02238	4.40092
426.034	1.02239	4.40147
426.268	1.0224	4.40202
426.502	1.02241	4.40256
426.736	1.02242	4.40311
426.971	1.02244	4.40366
427.205	1.02245	4.40421
427.439	1.02246	4.40476
427.673	1.02247	4.40531
427.907	1.02248	4.40586
428.142	1.02249	4.40641
428.376	1.0225	4.40696
428.61	1.02252	4.40751
428.844	1.02253	4.40806
429.079	1.02254	4.40861
429.313	1.02255	4.40916
429.547	1.02256	4.40971
429.781	1.02257	4.41026
430.015	1.02258	4.41081
430.25	1.02259	4.41136
430.484	1.02261	4.41191
430.718	1.02262	4.41247
430.952	1.02263	4.41302
431.186	1.02264	4.41357
431.421	1.02265	4.41412
431.655	1.02266	4.41468
431.889	1.02267	4.41523
432.123	1.02268	4.41578
432.357	1.0227	4.41633
432.592	1.02271	4.41689
432.826	1.02272	4.41744
433.06	1.02273	4.41799
433.294	1.02274	4.41855
433.529	1.02275	4.4191
433.763	1.02276	4.41966
433.997	1.02277	4.42021
434.231	1.02278	4.42077
434.465	1.0228	4.42132
434.7	1.02281	4.42188
434.934	1.02282	4.42243
435.168	1.02283	4.42299
435.402	1.02284	4.42354
435.636	1.02285	4.4241
435.871	1.02286	4.42465
436.105	1.02287	4.42521
436.339	1.02288	4.42577
436.573	1.02289	4.42632
436.808	1.02291	4.42688
437.042	1.02292	4.42744
437.276	1.02293	4.42799
437.51	1.02294	4.42855
437.744	1.02295	4.42911
437.979	1.02296	4.42967
438.213	1.02297	4.43022
438.447	1.02298	4.43078
438.681	1.02299	4.43134
438.915	1.023	4.4319
439.15	1.02301	4.43246
439.384	1.02302	4.43302
439.618	1.02304	4.43358
439.852	1.02305	4.43414
440.086	1.02306	4.4347
440.321	1.02307	4.43526
440.555	1.02308	4.43582
440.789	1.02309	4.43638
441.023	1.0231	4.43694
441.258	1.02311	4.4375
441.492	1.02312	4.43806
441.726	1.02313	4.43862
441.96	1.02314	4.43918
442.194	1.02315	4.43974
442.429	1.02316	4.4403
442.663	1.02317	4.44086
442.897	1.02318	4.44143
443.131	1.02319	4.44199
443.365	1.0232	4.44255
443.6	1.02322	4.44311
443.834	1.02323	4.44368
444.068	1.02324	4.44424
444.302	1.02325	4.4448
444.537	1.02326	4.44537
444.771	1.02327	4.44593
445.005	1.02328	4.44649
445.239	1.02329	4.44706
445.473	1.0233	4.44762
445.708	1.02331	4.44819
445.942	1.02332	4.44875
446.176	1.02333	4.44931
446.41	1.02334	4.44988
446.644	1.02335	4.45044
446.879	1.02336	4.45101
447.113	1.02337	4.45158
447.347	1.02338	4.45214
447.581	1.02339	4.45271
447.815	1.0234	4.45327
448.05	1.02341	4.45384
448.284	1.02342	4.45441
448.518	1.02343	4.45497
448.752	1.02344	4.45554
448.987	1.02345	4.45611
449.221	1.02346	4.45667
449.455	1.02347	4.45724
449.689	1.02348	4.45781
449.923	1.02349	4.45838
450.158	1.0235	4.45895
450.392	1.02351	4.45952
450.626	1.02352	4.46008
450.86	1.02353	4.46065
451.094	1.02354	4.46122
451.329	1.02355	4.46179
451.563	1.02356	4.46236
451.797	1.02357	4.46293
452.031	1.02358	4.4635
452.265	1.02359	4.46407
452.5	1.0236	4.46464
452.734	1.02361	4.46521
452.968	1.02362	4.46578
453.202	1.02363	4.46635
453.437	1.02364	4.46692
453.671	1.02365	4.4675
453.905	1.02366	4.46807
454.139	1.02367	4.46864
454.373	1.02368	4.46921
454.608	1.02369	4.46978
454.842	1.0237	4.47035
455.076	1.02371	4.47093
455.31	1.02372	4.4715
455.544	1.02373	4.47207
455.779	1.02374	4.47265
456.013	1.02375	4.47322
456.247	1.02376	4.47379
456.481	1.02377	4.47437
456.716	1.02378	4.47494
456.95	1.02379	4.47552
457.184	1.0238	4.47609
457.418	1.02381	4.47667
457.652	1.02382	4.47724
457.887	1.02383	4.47782
458.121	1.02384	4.47839
458.355	1.02385	4.47897
458.589	1.02386	4.47954
458.823	1.02387	4.48012
459.058	1.02388	4.48069
459.292	1.02389	4.48127
459.526	1.0239	4.48185
459.76	1.02391	4.48242
459.994	1.02392	4.483
460.229	1.02393	4.48358
460.463	1.02394	4.48416
460.697	1.02394	4.48473
460.931	1.02395	4.48531
461.166	1.02396	4.48589
461.4	1.02397	4.48647
461.634	1.02398	4.48705
461.868	1.02399	4.48762
462.102	1.024	4.4882
462.337	1.02401	4.48878
462.571	1.02402	4.48936
462.805	1.02403	4.48994
463.039	1.02404	4.49052
463.273	1.02405	4.4911
463.508	1.02406	4.49168
463.742	1.02407	4.49226
463.976	1.02408	4.49284
464.21	1.02409	4.49342
464.445	1.0241	4.49401
464.679	1.0241	4.49459
464.913	1.02411	4.49517
465.147	1.02412	4.49575
465.381	1.02413	4.49633
465.616	1.02414	4.49691
465.85	1.02415	4.4975
466.084	1.02416	4.49808
466.318	1.02417	4.49866
466.552	1.02418	4.49925
466.787	1.02419	4.49983
467.021	1.0242	4.50041
467.255	1.02421	4.501
467.489	1.02421	4.50158
467.723	1.02422	4.50216
467.958	1.02423	4.50275
468.192	1.02424	4.50333
468.426	1.02425	4.50392
468.66	1.02426	4.5045
468.895	1.02427	4.50509
469.129	1.02428	4.50567
469.363	1.02429	4.50626
469.597	1.0243	4.50685
469.831	1.02431	4.50743
470.066	1.02431	4.50802
470.3	1.02432	4.5086
470.534	1.02433	4.50919
470.768	1.02434	4.50978
471.002	1.02435	4.51037
471.237	1.02436	4.51095
471.471	1.02437	4.51154
471.705	1.02438	4.51213
471.939	1.02439	4.51272
472.174	1.0244	4.51331
472.408	1.0244	4.51389
472.642	1.02441	4.51448
472.876	1.02442	4.51507
473.11	1.02443	4.51566
473.345	1.02444	4.51625
473.579	1.02445	4.51684
473.813	1.02446	4.51743
474.047	1.02447	4.51802
474.281	1.02447	4.51861
474.516	1.02448	4.5192
474.75	1.02449	4.51979
474.984	1.0245	4.52038
475.218	1.02451	4.52097
475.452	1.02452	4.52157
475.687	1.02453	4.52216
475.921	1.02454	4.52275
476.155	1.02454	4.52334
476.389	1.02455	4.52393
476.624	1.02456	4.52453
476.858	1.02457	4.52512
477.092	1.02458	4.52571
477.326	1.02459	4.52631
477.56	1.0246	4.5269
477.795	1.0246	4.52749
478.029	1.02461	4.52809
478.263	1.02462	4.52868
478.497	1.02463	4.52928
478.731	1.02464	4.52987
478.966	1.02465	4.53047
479.2	1.02466	4.53106
479.434	1.02466	4.53166
479.668	1.02467	4.53225
479.902	1.02468	4.53285
480.137	1.02469	4.53344
480.371	1.0247	4.53404
480.605	1.02471	4.53464
480.839	1.02472	4.53523
481.074	1.02472	4.53583
481.308	1.02473	4.53643
481.542	1.02474	4.53703
481.776	1.02475	4.53762
482.01	1.02476	4.53822
482.245	1.02477	4.53882
482.479	1.02477	4.53942
482.713	1.02478	4.54002
482.947	1.02479	4.54062
483.181	1.0248	4.54121
483.416	1.02481	4.54181
483.65	1.02482	4.54241
483.884	1.02482	4.54301
484.118	1.02483	4.54361
484.353	1.02484	4.54421
484.587	1.02485	4.54481
484.821	1.02486	4.54541
485.055	1.02486	4.54602
485.289	1.02487	4.54662
485.524	1.02488	4.54722
485.758	1.02489	4.54782
485.992	1.0249	4.54842
486.226	1.02491	4.54902
486.46	1.02491	4.54963
486.695	1.02492	4.55023
486.929	1.02493	4.55083
487.163	1.02494	4.55143
487.397	1.02495	4.55204
487.631	1.02495	4.55264
487.866	1.02496	4.55325
488.1	1.02497	4.55385
488.334	1.02498	4.55445
488.568	1.02499	4.55506
488.803	1.02499	4.55566
489.037	1.025	4.55627
489.271	1.02501	4.55687
489.505	1.02502	4.55748
489.739	1.02503	4.55808
489.974	1.02503	4.55869
490.208	1.02504	4.5593
490.442	1.02505	4.5599
490.676	1.02506	4.56051
490.91	1.02507	4.56112
491.145	1.02507	4.56172
491.379	1.02508	4.56233
491.613	1.02509	4.56294
491.847	1.0251	4.56355
492.082	1.02511	4.56415
492.316	1.02511	4.56476
492.55	1.02512	4.56537
492.784	1.02513	4.56598
493.018	1.02514	4.56659
493.253	1.02514	4.5672
493.487	1.02515	4.56781
493.721	1.02516	4.56842
493.955	1.02517	4.56903
494.189	1.02518	4.56964
494.424	1.02518	4.57025
494.658	1.02519	4.57086
494.892	1.0252	4.57147
495.126	1.02521	4.57208
495.36	1.02521	4.57269
495.595	1.02522	4.5733
495.829	1.02523	4.57392
496.063	1.02524	4.57453
496.297	1.02525	4.57514
496.532	1.02525	4.57575
496.766	1.02526	4.57637
497	1.02527	4.57698
497.234	1.02528	4.57759
497.468	1.02528	4.57821
497.703	1.02529	4.57882
497.937	1.0253	4.57943
498.171	1.02531	4.58005
498.405	1.02531	4.58066
498.639	1.02532	4.58128
498.874	1.02533	4.58189
499.108	1.02534	4.58251
499.342	1.02534	4.58312
499.576	1.02535	4.58374
499.811	1.02536	4.58436
