0	1.00149	3.55791
0	1.00149	3.55791
0.236554	1.00192	3.55864
0.470766	1.00301	3.56054
0.702636	1.00445	3.56307
0.936848	1.00595	3.56579
1.17106	1.00725	3.56817
1.40761	1.00819	3.56992
1.64183	1.00866	3.57088
1.87604	1.00867	3.57107
2.11025	1.00831	3.57062
2.34212	1.0077	3.56978
2.57633	1.00697	3.56877
2.81054	1.00624	3.5678
3.04475	1.00559	3.56701
3.27897	1.00508	3.56651
3.51318	1.00473	3.5663
3.74739	1.00451	3.56636
3.9816	1.0044	3.56665
4.21581	1.00437	3.56711
4.45003	1.00435	3.56763
4.68424	1.00429	3.56812
4.91845	1.00417	3.56851
5.155	1.00395	3.56876
5.38922	1.00365	3.56887
5.62343	1.00327	3.56888
5.85764	1.00284	3.56882
6.09185	1.00238	3.56873
6.32606	1.0019	3.56864
6.56027	1.00142	3.56857
6.79449	1.00095	3.56853
7.0287	1.00049	3.56854
7.26291	1.00005	3.56861
7.49712	0.999629	3.56872
7.73133	0.999211	3.56886
7.96555	0.998791	3.56902
8.19976	0.998357	3.56918
8.43397	0.997905	3.56931
8.66818	0.997431	3.56943
8.90239	0.996937	3.56952
9.13661	0.996424	3.5696
9.37082	0.995897	3.56967
9.60503	0.995357	3.56973
9.83924	0.994808	3.56979
10.0735	0.994251	3.56985
10.3077	0.993691	3.56991
10.5419	0.99313	3.56998
10.7761	0.992568	3.57006
11.0103	0.992005	3.57015
11.2445	0.99144	3.57025
11.4787	0.990871	3.57035
11.7129	0.990298	3.57044
11.9471	0.989719	3.57054
12.1814	0.989135	3.57063
12.4156	0.988546	3.57072
12.6498	0.987952	3.5708
12.884	0.987354	3.57089
13.1182	0.986753	3.57097
13.3524	0.986148	3.57105
13.5866	0.985542	3.57113
13.8208	0.984934	3.57121
14.0551	0.984326	3.57129
14.2893	0.983719	3.57137
14.5235	0.983111	3.57146
14.7577	0.982503	3.57154
14.9919	0.981895	3.57163
15.2261	0.981287	3.57171
15.4603	0.980679	3.5718
15.6945	0.980072	3.57188
15.9288	0.979465	3.57196
16.163	0.978859	3.57204
16.3972	0.978254	3.57212
16.6314	0.977651	3.5722
16.8656	0.977048	3.57228
17.0998	0.976448	3.57236
17.334	0.97585	3.57243
17.5682	0.975254	3.57251
17.8024	0.974661	3.57259
18.0367	0.97407	3.57266
18.2685	0.973488	3.57274
18.5027	0.972904	3.57281
18.737	0.972322	3.57289
18.9712	0.971744	3.57296
19.2054	0.971169	3.57304
19.4396	0.970598	3.57311
19.6738	0.970031	3.57318
19.908	0.969467	3.57325
20.1422	0.968907	3.57332
20.3764	0.968351	3.57339
20.6106	0.9678	3.57346
20.8449	0.967253	3.57353
21.0791	0.96671	3.5736
21.3133	0.966172	3.57366
21.5475	0.965638	3.57373
21.7817	0.965109	3.5738
22.0159	0.964585	3.57386
22.2501	0.964066	3.57392
22.4843	0.963551	3.57399
22.7186	0.963042	3.57405
22.9528	0.962538	3.57411
23.187	0.962038	3.57417
23.4212	0.961544	3.57423
23.6554	0.961055	3.57429
23.8896	0.960572	3.57435
24.1238	0.960093	3.57441
24.358	0.95962	3.57447
24.5922	0.959153	3.57452
24.8265	0.95869	3.57458
25.0607	0.958234	3.57464
25.2949	0.957782	3.57469
25.5291	0.957336	3.57474
25.7633	0.956895	3.5748
25.9975	0.95646	3.57485
26.2317	0.956031	3.5749
26.4659	0.955606	3.57495
26.7002	0.955188	3.575
26.9344	0.954774	3.57505
27.1686	0.954367	3.5751
27.4028	0.953964	3.57515
27.637	0.953567	3.5752
27.8712	0.953176	3.57525
28.1054	0.95279	3.57529
28.3396	0.952409	3.57534
28.5739	0.952033	3.57538
28.8081	0.951663	3.57543
29.0423	0.951299	3.57547
29.2765	0.950939	3.57551
29.5107	0.950585	3.57556
29.7449	0.950236	3.5756
29.9791	0.949892	3.57564
30.2133	0.949553	3.57568
30.4475	0.94922	3.57572
30.6818	0.948891	3.57576
30.916	0.948568	3.5758
31.1502	0.948249	3.57584
31.3844	0.947936	3.57588
31.6186	0.947627	3.57591
31.8528	0.947324	3.57595
32.087	0.947025	3.57599
32.3212	0.946731	3.57602
32.5555	0.946442	3.57606
32.7897	0.946157	3.57609
33.0239	0.945877	3.57613
33.2581	0.945602	3.57616
33.4923	0.945331	3.57619
33.7265	0.945064	3.57623
33.9607	0.944803	3.57626
34.1949	0.944545	3.57629
34.4291	0.944292	3.57632
34.6634	0.944043	3.57635
34.8976	0.943798	3.57638
35.1318	0.943558	3.57641
35.366	0.943322	3.57644
35.6002	0.94309	3.57647
35.8344	0.942861	3.5765
36.0686	0.942637	3.57653
36.3028	0.942417	3.57655
36.5371	0.942201	3.57658
36.7713	0.941988	3.57661
37.0055	0.941779	3.57663
37.2397	0.941574	3.57666
37.4739	0.941373	3.57669
37.7081	0.941175	3.57671
37.9423	0.940981	3.57674
38.1765	0.940791	3.57676
38.4107	0.940603	3.57678
38.645	0.94042	3.57681
38.8792	0.940239	3.57683
39.1134	0.940062	3.57685
39.3476	0.939889	3.57688
39.5818	0.939718	3.5769
39.816	0.939551	3.57692
40.0502	0.939386	3.57694
40.2844	0.939225	3.57696
40.5187	0.939067	3.57699
40.7529	0.938912	3.57701
40.9871	0.938759	3.57703
41.2213	0.93861	3.57705
41.4555	0.938463	3.57707
41.6897	0.93832	3.57709
41.9239	0.938179	3.57711
42.1605	0.938039	3.57712
42.3947	0.937903	3.57714
42.6289	0.93777	3.57716
42.8631	0.93764	3.57718
43.0973	0.937512	3.5772
43.3315	0.937386	3.57722
43.5658	0.937263	3.57723
43.8	0.937142	3.57725
44.0342	0.937024	3.57727
44.2684	0.936908	3.57728
44.5026	0.936795	3.5773
44.7368	0.936683	3.57732
44.971	0.936574	3.57733
45.2052	0.936467	3.57735
45.4394	0.936362	3.57736
45.6737	0.936259	3.57738
45.9079	0.936158	3.5774
46.1421	0.936059	3.57741
46.3763	0.935962	3.57743
46.6105	0.935867	3.57744
46.8447	0.935774	3.57745
47.0789	0.935683	3.57747
47.3131	0.935594	3.57748
47.5474	0.935506	3.5775
47.7816	0.93542	3.57751
48.0158	0.935336	3.57752
48.25	0.935254	3.57754
48.4842	0.935173	3.57755
48.7184	0.935094	3.57756
48.9526	0.935017	3.57758
49.1868	0.934941	3.57759
49.421	0.934867	3.5776
49.6553	0.934794	3.57761
49.8895	0.934723	3.57763
50.1237	0.934653	3.57764
50.3579	0.934585	3.57765
50.5921	0.934518	3.57766
50.8263	0.934452	3.57767
51.0605	0.934388	3.57769
51.2947	0.934325	3.5777
51.529	0.934263	3.57771
51.7632	0.934203	3.57772
51.9974	0.934144	3.57773
52.2316	0.934086	3.57774
52.4658	0.93403	3.57775
52.7	0.933974	3.57776
52.9342	0.93392	3.57777
53.1684	0.933867	3.57778
53.4027	0.933815	3.5778
53.6369	0.933764	3.57781
53.8711	0.933714	3.57782
54.1053	0.933665	3.57783
54.3395	0.933618	3.57784
54.5737	0.933571	3.57785
54.8079	0.933525	3.57786
55.0421	0.933481	3.57787
55.2763	0.933437	3.57787
55.5106	0.933394	3.57788
55.7448	0.933352	3.57789
55.979	0.933311	3.5779
56.2132	0.933271	3.57791
56.4474	0.933232	3.57792
56.6816	0.933193	3.57793
56.9158	0.933156	3.57794
57.15	0.933119	3.57795
57.3843	0.933083	3.57796
57.6185	0.933047	3.57797
57.8527	0.933013	3.57797
58.0869	0.932979	3.57798
58.3211	0.932946	3.57799
58.5553	0.932914	3.578
58.7895	0.932883	3.57801
59.0237	0.932852	3.57802
59.2579	0.932822	3.57802
59.4922	0.932792	3.57803
59.7264	0.932763	3.57804
59.9606	0.932735	3.57805
60.1948	0.932707	3.57806
60.429	0.93268	3.57807
60.6632	0.932654	3.57807
60.8974	0.932628	3.57808
61.1316	0.932603	3.57809
61.3659	0.932578	3.5781
61.6001	0.932554	3.5781
61.8343	0.932531	3.57811
62.0685	0.932508	3.57812
62.3027	0.932485	3.57813
62.5369	0.932463	3.57813
62.7711	0.932442	3.57814
63.0053	0.932421	3.57815
63.2396	0.9324	3.57816
63.4738	0.93238	3.57816
63.708	0.932361	3.57817
63.9422	0.932341	3.57818
64.1764	0.932323	3.57819
64.4106	0.932304	3.57819
64.6448	0.932287	3.5782
64.879	0.932269	3.57821
65.1132	0.932252	3.57821
65.3475	0.932236	3.57822
65.5817	0.932219	3.57823
65.8159	0.932203	3.57823
66.0501	0.932188	3.57824
66.2843	0.932173	3.57825
66.5185	0.932158	3.57825
66.7527	0.932144	3.57826
66.9869	0.93213	3.57827
67.2212	0.932116	3.57827
67.4554	0.932102	3.57828
67.6896	0.932089	3.57829
67.9238	0.932077	3.57829
68.158	0.932064	3.5783
68.3922	0.932052	3.57831
68.6264	0.93204	3.57831
68.8606	0.932028	3.57832
69.0948	0.932017	3.57833
69.3291	0.932006	3.57833
69.5633	0.931995	3.57834
69.7975	0.931985	3.57835
70.0317	0.931975	3.57835
70.2659	0.931965	3.57836
70.5001	0.931955	3.57836
70.7343	0.931946	3.57837
70.9685	0.931936	3.57838
71.2028	0.931927	3.57838
71.437	0.931919	3.57839
71.6712	0.93191	3.57839
71.9054	0.931902	3.5784
72.1396	0.931894	3.57841
72.3738	0.931886	3.57841
72.608	0.931878	3.57842
72.8422	0.931871	3.57843
73.0765	0.931863	3.57843
73.3107	0.931856	3.57844
73.5449	0.931849	3.57844
73.7791	0.931843	3.57845
74.0133	0.931836	3.57846
74.2475	0.93183	3.57846
74.4817	0.931824	3.57847
74.7159	0.931818	3.57847
74.9501	0.931812	3.57848
75.1844	0.931806	3.57848
75.4186	0.931801	3.57849
75.6528	0.931795	3.5785
75.887	0.93179	3.5785
76.1212	0.931785	3.57851
76.3554	0.93178	3.57851
76.5896	0.931776	3.57852
76.8238	0.931771	3.57853
77.0581	0.931766	3.57853
77.2923	0.931762	3.57854
77.5265	0.931758	3.57854
77.7607	0.931754	3.57855
77.9949	0.93175	3.57855
78.2291	0.931746	3.57856
78.4633	0.931742	3.57856
78.6975	0.931739	3.57857
78.9317	0.931735	3.57858
79.166	0.931732	3.57858
79.4002	0.931729	3.57859
79.6344	0.931726	3.57859
79.8686	0.931723	3.5786
80.1028	0.93172	3.5786
80.337	0.931717	3.57861
80.5712	0.931714	3.57862
80.8054	0.931712	3.57862
81.0397	0.931709	3.57863
81.2739	0.931707	3.57863
81.5081	0.931704	3.57864
81.7423	0.931702	3.57864
81.9765	0.9317	3.57865
82.2107	0.931698	3.57865
82.4449	0.931696	3.57866
82.6791	0.931694	3.57866
82.9133	0.931692	3.57867
83.1476	0.93169	3.57868
83.3818	0.931689	3.57868
83.616	0.931687	3.57869
83.8502	0.931686	3.57869
84.0844	0.931684	3.5787
84.3186	0.931683	3.5787
84.5528	0.931681	3.57871
84.787	0.93168	3.57871
85.0213	0.931679	3.57872
85.2555	0.931678	3.57872
85.4897	0.931677	3.57873
85.7239	0.931676	3.57874
85.9581	0.931675	3.57874
86.1923	0.931674	3.57875
86.4265	0.931673	3.57875
86.6607	0.931672	3.57876
86.895	0.931672	3.57876
87.1292	0.931671	3.57877
87.3634	0.931671	3.57877
87.5976	0.93167	3.57878
87.8318	0.93167	3.57878
88.066	0.931669	3.57879
88.3002	0.931669	3.57879
88.5344	0.931668	3.5788
88.7686	0.931668	3.5788
89.0029	0.931668	3.57881
89.2371	0.931668	3.57882
89.4713	0.931667	3.57882
89.7055	0.931667	3.57883
89.9397	0.931667	3.57883
90.1739	0.931667	3.57884
90.4081	0.931667	3.57884
90.6423	0.931667	3.57885
90.8766	0.931667	3.57885
91.1108	0.931667	3.57886
91.345	0.931668	3.57886
91.5792	0.931668	3.57887
91.8134	0.931668	3.57887
92.0476	0.931668	3.57888
92.2818	0.931669	3.57888
92.516	0.931669	3.57889
92.7502	0.931669	3.57889
92.9845	0.93167	3.5789
93.2187	0.93167	3.57891
93.4529	0.931671	3.57891
93.6871	0.931671	3.57892
93.9213	0.931672	3.57892
94.1555	0.931672	3.57893
94.3897	0.931673	3.57893
94.6239	0.931673	3.57894
94.8582	0.931674	3.57894
95.0924	0.931675	3.57895
95.3266	0.931675	3.57895
95.5608	0.931676	3.57896
95.795	0.931677	3.57896
96.0292	0.931677	3.57897
96.2634	0.931678	3.57897
96.4976	0.931679	3.57898
96.7319	0.93168	3.57898
96.9661	0.931681	3.57899
97.2003	0.931681	3.57899
97.4345	0.931682	3.579
97.6687	0.931683	3.579
97.9029	0.931684	3.57901
98.1371	0.931685	3.57901
98.3713	0.931686	3.57902
98.6055	0.931687	3.57902
98.8398	0.931688	3.57903
99.074	0.931689	3.57904
99.3082	0.93169	3.57904
99.5424	0.931691	3.57905
99.7766	0.931692	3.57905
100.011	0.931693	3.57906
100.245	0.931694	3.57906
100.479	0.931695	3.57907
100.713	0.931696	3.57907
100.948	0.931697	3.57908
101.182	0.931698	3.57908
101.416	0.9317	3.57909
101.65	0.931701	3.57909
101.885	0.931702	3.5791
102.119	0.931703	3.5791
102.353	0.931704	3.57911
102.587	0.931706	3.57911
102.821	0.931707	3.57912
103.056	0.931708	3.57912
103.29	0.931709	3.57913
103.524	0.931711	3.57913
103.758	0.931712	3.57914
103.992	0.931713	3.57914
104.227	0.931714	3.57915
104.461	0.931716	3.57915
104.695	0.931717	3.57916
104.929	0.931718	3.57916
105.163	0.93172	3.57917
105.398	0.931721	3.57917
105.632	0.931722	3.57918
105.866	0.931724	3.57918
106.1	0.931725	3.57919
106.335	0.931726	3.57919
106.569	0.931728	3.5792
106.803	0.931729	3.57921
107.037	0.93173	3.57921
107.271	0.931732	3.57922
107.506	0.931733	3.57922
107.74	0.931735	3.57923
107.974	0.931736	3.57923
108.208	0.931738	3.57924
108.442	0.931739	3.57924
108.677	0.93174	3.57925
108.911	0.931742	3.57925
109.145	0.931743	3.57926
109.379	0.931745	3.57926
109.614	0.931746	3.57927
109.848	0.931748	3.57927
110.082	0.931749	3.57928
110.316	0.931751	3.57928
110.55	0.931752	3.57929
110.785	0.931754	3.57929
111.019	0.931755	3.5793
111.253	0.931757	3.5793
111.487	0.931758	3.57931
111.721	0.93176	3.57931
111.956	0.931761	3.57932
112.19	0.931763	3.57932
112.424	0.931764	3.57933
112.658	0.931766	3.57933
112.892	0.931767	3.57934
113.127	0.931769	3.57934
113.361	0.93177	3.57935
113.595	0.931772	3.57935
113.829	0.931773	3.57936
114.064	0.931775	3.57936
114.298	0.931776	3.57937
114.532	0.931778	3.57937
114.766	0.93178	3.57938
115	0.931781	3.57938
115.235	0.931783	3.57939
115.469	0.931784	3.57939
115.703	0.931786	3.5794
115.937	0.931787	3.5794
116.171	0.931789	3.57941
116.406	0.931791	3.57941
116.64	0.931792	3.57942
116.874	0.931794	3.57942
117.108	0.931795	3.57943
117.342	0.931797	3.57944
117.577	0.931798	3.57944
117.811	0.9318	3.57945
118.045	0.931802	3.57945
118.279	0.931803	3.57946
118.514	0.931805	3.57946
118.748	0.931806	3.57947
118.982	0.931808	3.57947
119.216	0.93181	3.57948
119.45	0.931811	3.57948
119.685	0.931813	3.57949
119.919	0.931814	3.57949
120.153	0.931816	3.5795
120.387	0.931818	3.5795
120.621	0.931819	3.57951
120.856	0.931821	3.57951
121.09	0.931822	3.57952
121.324	0.931824	3.57952
121.558	0.931826	3.57953
121.793	0.931827	3.57953
122.027	0.931829	3.57954
122.261	0.93183	3.57954
122.495	0.931832	3.57955
122.729	0.931834	3.57955
122.964	0.931835	3.57956
123.198	0.931837	3.57956
123.432	0.931838	3.57957
123.666	0.93184	3.57957
123.9	0.931842	3.57958
124.135	0.931843	3.57958
124.369	0.931845	3.57959
124.603	0.931847	3.57959
124.837	0.931848	3.5796
125.071	0.93185	3.5796
125.306	0.931851	3.57961
125.54	0.931853	3.57961
125.774	0.931855	3.57962
126.008	0.931856	3.57962
126.243	0.931858	3.57963
126.477	0.93186	3.57963
126.711	0.931861	3.57964
126.945	0.931863	3.57964
127.179	0.931864	3.57965
127.414	0.931866	3.57965
127.648	0.931868	3.57966
127.882	0.931869	3.57966
128.116	0.931871	3.57967
128.35	0.931873	3.57967
128.585	0.931874	3.57968
128.819	0.931876	3.57968
129.053	0.931877	3.57969
129.287	0.931879	3.57969
129.522	0.931881	3.5797
129.756	0.931882	3.57971
129.99	0.931884	3.57971
130.224	0.931885	3.57972
130.458	0.931887	3.57972
130.693	0.931889	3.57973
130.927	0.93189	3.57973
131.161	0.931892	3.57974
131.395	0.931894	3.57974
131.629	0.931895	3.57975
131.864	0.931897	3.57975
132.098	0.931898	3.57976
132.332	0.9319	3.57976
132.566	0.931902	3.57977
132.8	0.931903	3.57977
133.035	0.931905	3.57978
133.269	0.931907	3.57978
133.503	0.931908	3.57979
133.737	0.93191	3.57979
133.972	0.931911	3.5798
134.206	0.931913	3.5798
134.44	0.931915	3.57981
134.674	0.931916	3.57981
134.908	0.931918	3.57982
135.143	0.93192	3.57982
135.377	0.931921	3.57983
135.611	0.931923	3.57983
135.845	0.931924	3.57984
136.079	0.931926	3.57984
136.314	0.931928	3.57985
136.548	0.931929	3.57985
136.782	0.931931	3.57986
137.016	0.931932	3.57986
137.251	0.931934	3.57987
137.485	0.931936	3.57987
137.719	0.931937	3.57988
137.953	0.931939	3.57988
138.187	0.931941	3.57989
138.422	0.931942	3.57989
138.656	0.931944	3.5799
138.89	0.931945	3.5799
139.124	0.931947	3.57991
139.358	0.931949	3.57991
139.593	0.93195	3.57992
139.827	0.931952	3.57992
140.061	0.931953	3.57993
140.295	0.931955	3.57993
140.529	0.931957	3.57994
140.764	0.931958	3.57994
140.998	0.93196	3.57995
141.232	0.931961	3.57995
141.466	0.931963	3.57996
141.701	0.931965	3.57996
141.935	0.931966	3.57997
142.169	0.931968	3.57997
142.403	0.931969	3.57998
142.635	0.931971	3.57998
142.869	0.931973	3.57999
143.103	0.931974	3.57999
143.338	0.931976	3.58
143.572	0.931977	3.58
143.806	0.931979	3.58001
144.04	0.931981	3.58002
144.275	0.931982	3.58002
144.509	0.931984	3.58003
144.743	0.931985	3.58003
144.977	0.931987	3.58004
145.211	0.931989	3.58004
145.446	0.93199	3.58005
145.68	0.931992	3.58005
145.914	0.931993	3.58006
146.148	0.931995	3.58006
146.382	0.931997	3.58007
146.617	0.931998	3.58007
146.851	0.932	3.58008
147.085	0.932001	3.58008
147.319	0.932003	3.58009
147.553	0.932005	3.58009
147.788	0.932006	3.5801
148.022	0.932008	3.5801
148.256	0.932009	3.58011
148.49	0.932011	3.58011
148.725	0.932012	3.58012
148.959	0.932014	3.58012
149.193	0.932016	3.58013
149.427	0.932017	3.58013
149.661	0.932019	3.58014
149.896	0.93202	3.58014
150.13	0.932022	3.58015
150.364	0.932024	3.58015
150.598	0.932025	3.58016
150.832	0.932027	3.58016
151.067	0.932028	3.58017
151.301	0.93203	3.58017
151.535	0.932031	3.58018
151.769	0.932033	3.58018
152.004	0.932035	3.58019
152.238	0.932036	3.58019
152.472	0.932038	3.5802
152.706	0.932039	3.5802
152.94	0.932041	3.58021
153.175	0.932043	3.58021
153.409	0.932044	3.58022
153.643	0.932046	3.58022
153.877	0.932047	3.58023
154.111	0.932049	3.58023
154.346	0.93205	3.58024
154.58	0.932052	3.58024
154.814	0.932054	3.58025
155.048	0.932055	3.58025
155.282	0.932057	3.58026
155.517	0.932058	3.58026
155.751	0.93206	3.58027
155.985	0.932061	3.58027
156.219	0.932063	3.58028
156.454	0.932064	3.58028
156.688	0.932066	3.58029
156.922	0.932068	3.58029
157.156	0.932069	3.5803
157.39	0.932071	3.5803
157.625	0.932072	3.58031
157.859	0.932074	3.58031
158.093	0.932075	3.58032
158.327	0.932077	3.58032
158.561	0.932079	3.58033
158.796	0.93208	3.58033
159.03	0.932082	3.58034
159.264	0.932083	3.58035
159.498	0.932085	3.58035
159.733	0.932086	3.58036
159.967	0.932088	3.58036
160.201	0.932089	3.58037
160.435	0.932091	3.58037
160.669	0.932093	3.58038
160.904	0.932094	3.58038
161.138	0.932096	3.58039
161.372	0.932097	3.58039
161.606	0.932099	3.5804
161.84	0.9321	3.5804
162.075	0.932102	3.58041
162.309	0.932103	3.58041
162.543	0.932105	3.58042
162.777	0.932107	3.58042
163.011	0.932108	3.58043
163.246	0.93211	3.58043
163.48	0.932111	3.58044
163.714	0.932113	3.58044
163.948	0.932114	3.58045
164.183	0.932116	3.58045
164.417	0.932117	3.58046
164.651	0.932119	3.58046
164.885	0.93212	3.58047
165.119	0.932122	3.58047
165.354	0.932124	3.58048
165.588	0.932125	3.58048
165.822	0.932127	3.58049
166.056	0.932128	3.58049
166.29	0.93213	3.5805
166.525	0.932131	3.5805
166.759	0.932133	3.58051
166.993	0.932134	3.58051
167.227	0.932136	3.58052
167.461	0.932137	3.58052
167.696	0.932139	3.58053
167.93	0.93214	3.58053
168.164	0.932142	3.58054
168.398	0.932144	3.58054
168.633	0.932145	3.58055
168.867	0.932147	3.58055
169.101	0.932148	3.58056
169.335	0.93215	3.58056
169.569	0.932151	3.58057
169.804	0.932153	3.58057
170.038	0.932154	3.58058
170.272	0.932156	3.58058
170.506	0.932157	3.58059
170.74	0.932159	3.58059
170.975	0.93216	3.5806
171.209	0.932162	3.5806
171.443	0.932163	3.58061
171.677	0.932165	3.58061
171.912	0.932166	3.58062
172.146	0.932168	3.58062
172.38	0.93217	3.58063
172.614	0.932171	3.58063
172.848	0.932173	3.58064
173.083	0.932174	3.58064
173.317	0.932176	3.58065
173.551	0.932177	3.58065
173.785	0.932179	3.58066
174.019	0.93218	3.58066
174.254	0.932182	3.58067
174.488	0.932183	3.58068
174.722	0.932185	3.58068
174.956	0.932186	3.58069
175.19	0.932188	3.58069
175.425	0.932189	3.5807
175.659	0.932191	3.5807
175.893	0.932192	3.58071
176.127	0.932194	3.58071
176.362	0.932195	3.58072
176.596	0.932197	3.58072
176.83	0.932198	3.58073
177.064	0.9322	3.58073
177.298	0.932201	3.58074
177.533	0.932203	3.58074
177.767	0.932205	3.58075
178.001	0.932206	3.58075
178.235	0.932208	3.58076
178.469	0.932209	3.58076
178.704	0.932211	3.58077
178.938	0.932212	3.58077
179.172	0.932214	3.58078
179.406	0.932215	3.58078
179.641	0.932217	3.58079
179.875	0.932218	3.58079
180.109	0.93222	3.5808
180.343	0.932221	3.5808
180.577	0.932223	3.58081
180.812	0.932224	3.58081
181.046	0.932226	3.58082
181.28	0.932227	3.58082
181.514	0.932229	3.58083
181.748	0.93223	3.58083
181.983	0.932232	3.58084
182.217	0.932233	3.58084
182.451	0.932235	3.58085
182.685	0.932236	3.58085
182.919	0.932238	3.58086
183.154	0.932239	3.58086
183.388	0.932241	3.58087
183.622	0.932242	3.58087
183.856	0.932244	3.58088
184.091	0.932245	3.58088
184.325	0.932247	3.58089
184.559	0.932248	3.58089
184.793	0.93225	3.5809
185.027	0.932251	3.5809
185.262	0.932253	3.58091
185.496	0.932254	3.58091
185.73	0.932256	3.58092
185.964	0.932257	3.58092
186.198	0.932259	3.58093
186.433	0.93226	3.58093
186.667	0.932262	3.58094
186.901	0.932263	3.58094
187.135	0.932265	3.58095
187.37	0.932266	3.58095
187.604	0.932268	3.58096
187.838	0.932269	3.58096
188.072	0.932271	3.58097
188.306	0.932272	3.58097
188.541	0.932274	3.58098
188.775	0.932275	3.58098
189.009	0.932277	3.58099
189.243	0.932278	3.58099
189.477	0.93228	3.581
189.712	0.932281	3.581
189.946	0.932283	3.58101
190.18	0.932284	3.58102
190.414	0.932286	3.58102
190.648	0.932287	3.58103
190.883	0.932289	3.58103
191.117	0.93229	3.58104
191.351	0.932292	3.58104
191.585	0.932293	3.58105
191.82	0.932295	3.58105
192.054	0.932296	3.58106
192.288	0.932298	3.58106
192.522	0.932299	3.58107
192.756	0.932301	3.58107
192.991	0.932302	3.58108
193.225	0.932304	3.58108
193.459	0.932305	3.58109
193.693	0.932307	3.58109
193.927	0.932308	3.5811
194.162	0.93231	3.5811
194.396	0.932311	3.58111
194.63	0.932313	3.58111
194.864	0.932314	3.58112
195.099	0.932316	3.58112
195.333	0.932317	3.58113
195.567	0.932319	3.58113
195.801	0.93232	3.58114
196.035	0.932322	3.58114
196.27	0.932323	3.58115
196.504	0.932324	3.58115
196.738	0.932326	3.58116
196.972	0.932327	3.58116
197.206	0.932329	3.58117
197.441	0.93233	3.58117
197.675	0.932332	3.58118
197.909	0.932333	3.58118
198.143	0.932335	3.58119
198.377	0.932336	3.58119
198.612	0.932338	3.5812
198.846	0.932339	3.5812
199.08	0.932341	3.58121
199.314	0.932342	3.58121
199.549	0.932344	3.58122
199.783	0.932345	3.58122
200.017	0.932347	3.58123
200.251	0.932348	3.58123
200.485	0.93235	3.58124
200.72	0.932351	3.58124
200.954	0.932353	3.58125
201.188	0.932354	3.58125
201.422	0.932356	3.58126
201.656	0.932357	3.58126
201.891	0.932359	3.58127
202.125	0.93236	3.58127
202.359	0.932361	3.58128
202.593	0.932363	3.58128
202.827	0.932364	3.58129
203.062	0.932366	3.58129
203.296	0.932367	3.5813
203.53	0.932369	3.5813
203.764	0.93237	3.58131
203.999	0.932372	3.58131
204.233	0.932373	3.58132
204.467	0.932375	3.58132
204.701	0.932376	3.58133
204.935	0.932378	3.58133
205.17	0.932379	3.58134
205.404	0.932381	3.58134
205.638	0.932382	3.58135
205.872	0.932384	3.58135
206.106	0.932385	3.58136
206.341	0.932387	3.58137
206.575	0.932388	3.58137
206.809	0.93239	3.58138
207.043	0.932391	3.58138
207.278	0.932392	3.58139
207.512	0.932394	3.58139
207.746	0.932395	3.5814
207.98	0.932397	3.5814
208.214	0.932398	3.58141
208.449	0.9324	3.58141
208.683	0.932401	3.58142
208.917	0.932403	3.58142
209.151	0.932404	3.58143
209.385	0.932406	3.58143
209.62	0.932407	3.58144
209.854	0.932409	3.58144
210.088	0.93241	3.58145
210.322	0.932412	3.58145
210.556	0.932413	3.58146
210.791	0.932414	3.58146
211.025	0.932416	3.58147
211.259	0.932417	3.58147
211.493	0.932419	3.58148
211.728	0.93242	3.58148
211.962	0.932422	3.58149
212.196	0.932423	3.58149
212.43	0.932425	3.5815
212.664	0.932426	3.5815
212.899	0.932428	3.58151
213.133	0.932429	3.58151
213.367	0.932431	3.58152
213.601	0.932432	3.58152
213.835	0.932434	3.58153
214.07	0.932435	3.58153
214.304	0.932436	3.58154
214.538	0.932438	3.58154
214.772	0.932439	3.58155
215.007	0.932441	3.58155
215.241	0.932442	3.58156
215.475	0.932444	3.58156
215.709	0.932445	3.58157
215.943	0.932447	3.58157
216.178	0.932448	3.58158
216.412	0.93245	3.58158
216.646	0.932451	3.58159
216.88	0.932453	3.58159
217.114	0.932454	3.5816
217.349	0.932455	3.5816
217.583	0.932457	3.58161
217.817	0.932458	3.58161
218.051	0.93246	3.58162
218.285	0.932461	3.58162
218.52	0.932463	3.58163
218.754	0.932464	3.58163
218.988	0.932466	3.58164
219.222	0.932467	3.58164
219.457	0.932469	3.58165
219.691	0.93247	3.58165
219.925	0.932472	3.58166
220.159	0.932473	3.58166
220.393	0.932474	3.58167
220.628	0.932476	3.58167
220.862	0.932477	3.58168
221.096	0.932479	3.58168
221.33	0.93248	3.58169
221.564	0.932482	3.58169
221.799	0.932483	3.5817
222.033	0.932485	3.5817
222.267	0.932486	3.58171
222.501	0.932488	3.58172
222.736	0.932489	3.58172
222.97	0.932491	3.58173
223.204	0.932492	3.58173
223.438	0.932493	3.58174
223.672	0.932495	3.58174
223.907	0.932496	3.58175
224.141	0.932498	3.58175
224.375	0.932499	3.58176
224.609	0.932501	3.58176
224.843	0.932502	3.58177
225.078	0.932504	3.58177
225.312	0.932505	3.58178
225.546	0.932507	3.58178
225.78	0.932508	3.58179
226.014	0.932509	3.58179
226.249	0.932511	3.5818
226.483	0.932512	3.5818
226.717	0.932514	3.58181
226.951	0.932515	3.58181
227.186	0.932517	3.58182
227.42	0.932518	3.58182
227.654	0.93252	3.58183
227.888	0.932521	3.58183
228.122	0.932522	3.58184
228.357	0.932524	3.58184
228.591	0.932525	3.58185
228.825	0.932527	3.58185
229.059	0.932528	3.58186
229.293	0.93253	3.58186
229.528	0.932531	3.58187
229.762	0.932533	3.58187
229.996	0.932534	3.58188
230.23	0.932536	3.58188
230.464	0.932537	3.58189
230.699	0.932538	3.58189
230.933	0.93254	3.5819
231.167	0.932541	3.5819
231.401	0.932543	3.58191
231.636	0.932544	3.58191
231.87	0.932546	3.58192
232.104	0.932547	3.58192
232.338	0.932549	3.58193
232.572	0.93255	3.58193
232.807	0.932552	3.58194
233.041	0.932553	3.58194
233.275	0.932554	3.58195
233.509	0.932556	3.58195
233.743	0.932557	3.58196
233.978	0.932559	3.58196
234.212	0.93256	3.58197
234.446	0.932562	3.58197
234.68	0.932563	3.58198
234.915	0.932565	3.58198
235.149	0.932566	3.58199
235.383	0.932567	3.58199
235.617	0.932569	3.582
235.851	0.93257	3.582
236.086	0.932572	3.58201
236.32	0.932573	3.58201
236.554	0.932575	3.58202
236.788	0.932576	3.58202
237.022	0.932578	3.58203
237.257	0.932579	3.58203
237.491	0.93258	3.58204
237.725	0.932582	3.58204
237.959	0.932583	3.58205
238.193	0.932585	3.58205
238.428	0.932586	3.58206
238.662	0.932588	3.58206
238.896	0.932589	3.58207
239.13	0.932591	3.58207
239.365	0.932592	3.58208
239.599	0.932593	3.58209
239.833	0.932595	3.58209
240.067	0.932596	3.5821
240.301	0.932598	3.5821
240.536	0.932599	3.58211
240.77	0.932601	3.58211
241.004	0.932602	3.58212
241.238	0.932604	3.58212
241.472	0.932605	3.58213
241.707	0.932606	3.58213
241.941	0.932608	3.58214
242.175	0.932609	3.58214
242.409	0.932611	3.58215
242.644	0.932612	3.58215
242.878	0.932614	3.58216
243.112	0.932615	3.58216
243.346	0.932617	3.58217
243.58	0.932618	3.58217
243.815	0.932619	3.58218
244.049	0.932621	3.58218
244.283	0.932622	3.58219
244.517	0.932624	3.58219
244.751	0.932625	3.5822
244.986	0.932627	3.5822
245.22	0.932628	3.58221
245.454	0.93263	3.58221
245.688	0.932631	3.58222
245.922	0.932632	3.58222
246.157	0.932634	3.58223
246.391	0.932635	3.58223
246.625	0.932637	3.58224
246.859	0.932638	3.58224
247.094	0.93264	3.58225
247.328	0.932641	3.58225
247.562	0.932642	3.58226
247.796	0.932644	3.58226
248.03	0.932645	3.58227
248.265	0.932647	3.58227
248.499	0.932648	3.58228
248.733	0.93265	3.58228
248.967	0.932651	3.58229
249.201	0.932653	3.58229
249.436	0.932654	3.5823
249.67	0.932655	3.5823
249.904	0.932657	3.58231
250.138	0.932658	3.58231
250.373	0.93266	3.58232
250.607	0.932661	3.58232
250.841	0.932663	3.58233
251.075	0.932664	3.58233
251.309	0.932665	3.58234
251.544	0.932667	3.58234
251.778	0.932668	3.58235
252.012	0.93267	3.58235
252.246	0.932671	3.58236
252.48	0.932673	3.58236
252.715	0.932674	3.58237
252.949	0.932676	3.58237
253.183	0.932677	3.58238
253.417	0.932678	3.58238
253.651	0.93268	3.58239
253.886	0.932681	3.58239
254.12	0.932683	3.5824
254.354	0.932684	3.5824
254.588	0.932686	3.58241
254.823	0.932687	3.58241
255.057	0.932688	3.58242
255.291	0.93269	3.58242
255.525	0.932691	3.58243
255.759	0.932693	3.58243
255.994	0.932694	3.58244
256.228	0.932696	3.58245
256.462	0.932697	3.58245
256.696	0.932699	3.58246
256.93	0.9327	3.58246
257.165	0.932701	3.58247
257.399	0.932703	3.58247
257.633	0.932704	3.58248
257.867	0.932706	3.58248
258.101	0.932707	3.58249
258.336	0.932709	3.58249
258.57	0.93271	3.5825
258.804	0.932711	3.5825
259.038	0.932713	3.58251
259.273	0.932714	3.58251
259.507	0.932716	3.58252
259.741	0.932717	3.58252
259.975	0.932719	3.58253
260.209	0.93272	3.58253
260.444	0.932721	3.58254
260.678	0.932723	3.58254
260.912	0.932724	3.58255
261.146	0.932726	3.58255
261.38	0.932727	3.58256
261.615	0.932729	3.58256
261.849	0.93273	3.58257
262.083	0.932732	3.58257
262.317	0.932733	3.58258
262.552	0.932734	3.58258
262.786	0.932736	3.58259
263.02	0.932737	3.58259
263.254	0.932739	3.5826
263.488	0.93274	3.5826
263.723	0.932742	3.58261
263.957	0.932743	3.58261
264.191	0.932744	3.58262
264.425	0.932746	3.58262
264.659	0.932747	3.58263
264.894	0.932749	3.58263
265.128	0.93275	3.58264
265.362	0.932752	3.58264
265.596	0.932753	3.58265
265.83	0.932754	3.58265
266.065	0.932756	3.58266
266.299	0.932757	3.58266
266.533	0.932759	3.58267
266.767	0.93276	3.58267
267.002	0.932762	3.58268
267.236	0.932763	3.58268
267.47	0.932764	3.58269
267.704	0.932766	3.58269
267.938	0.932767	3.5827
268.173	0.932769	3.5827
268.407	0.93277	3.58271
268.641	0.932772	3.58271
268.875	0.932773	3.58272
269.109	0.932774	3.58272
269.344	0.932776	3.58273
269.578	0.932777	3.58273
269.812	0.932779	3.58274
270.046	0.93278	3.58274
270.281	0.932782	3.58275
270.515	0.932783	3.58275
270.749	0.932784	3.58276
270.983	0.932786	3.58276
271.217	0.932787	3.58277
271.452	0.932789	3.58277
271.686	0.93279	3.58278
271.92	0.932792	3.58278
272.154	0.932793	3.58279
272.388	0.932794	3.58279
272.623	0.932796	3.5828
272.857	0.932797	3.5828
273.091	0.932799	3.58281
273.325	0.9328	3.58281
273.559	0.932802	3.58282
273.794	0.932803	3.58283
274.028	0.932804	3.58283
274.262	0.932806	3.58284
274.496	0.932807	3.58284
274.731	0.932809	3.58285
274.965	0.93281	3.58285
275.199	0.932812	3.58286
275.433	0.932813	3.58286
275.667	0.932814	3.58287
275.902	0.932816	3.58287
276.136	0.932817	3.58288
276.37	0.932819	3.58288
276.604	0.93282	3.58289
276.838	0.932822	3.58289
277.073	0.932823	3.5829
277.307	0.932824	3.5829
277.541	0.932826	3.58291
277.775	0.932827	3.58291
278.01	0.932829	3.58292
278.244	0.93283	3.58292
278.478	0.932832	3.58293
278.712	0.932833	3.58293
278.946	0.932834	3.58294
279.181	0.932836	3.58294
279.415	0.932837	3.58295
279.649	0.932839	3.58295
279.883	0.93284	3.58296
280.117	0.932842	3.58296
280.352	0.932843	3.58297
280.586	0.932844	3.58297
280.82	0.932846	3.58298
281.054	0.932847	3.58298
281.288	0.932849	3.58299
281.523	0.93285	3.58299
281.757	0.932852	3.583
281.991	0.932853	3.583
282.225	0.932854	3.58301
282.46	0.932856	3.58301
282.694	0.932857	3.58302
282.928	0.932859	3.58302
283.162	0.93286	3.58303
283.396	0.932862	3.58303
283.631	0.932863	3.58304
283.865	0.932864	3.58304
284.099	0.932866	3.58305
284.333	0.932867	3.58305
284.567	0.932869	3.58306
284.802	0.93287	3.58306
285.036	0.932871	3.58307
285.27	0.932873	3.58307
285.504	0.932874	3.58308
285.739	0.932876	3.58308
285.973	0.932877	3.58309
286.207	0.932879	3.58309
286.441	0.93288	3.5831
286.675	0.932881	3.5831
286.91	0.932883	3.58311
287.144	0.932884	3.58311
287.378	0.932886	3.58312
287.612	0.932887	3.58312
287.846	0.932889	3.58313
288.081	0.93289	3.58313
288.315	0.932891	3.58314
288.549	0.932893	3.58314
288.783	0.932894	3.58315
289.017	0.932896	3.58315
289.252	0.932897	3.58316
289.486	0.932899	3.58316
289.72	0.9329	3.58317
289.954	0.932901	3.58317
290.189	0.932903	3.58318
290.423	0.932904	3.58318
290.657	0.932906	3.58319
290.891	0.932907	3.58319
291.125	0.932909	3.5832
291.36	0.93291	3.58321
291.594	0.932911	3.58321
291.828	0.932913	3.58322
292.062	0.932914	3.58322
292.296	0.932916	3.58323
292.531	0.932917	3.58323
292.765	0.932918	3.58324
292.999	0.93292	3.58324
293.233	0.932921	3.58325
293.467	0.932923	3.58325
293.702	0.932924	3.58326
293.936	0.932926	3.58326
294.17	0.932927	3.58327
294.404	0.932928	3.58327
294.639	0.93293	3.58328
294.873	0.932931	3.58328
295.107	0.932933	3.58329
295.341	0.932934	3.58329
295.575	0.932936	3.5833
295.81	0.932937	3.5833
296.044	0.932938	3.58331
296.278	0.93294	3.58331
296.512	0.932941	3.58332
296.746	0.932943	3.58332
296.981	0.932944	3.58333
297.215	0.932945	3.58333
297.449	0.932947	3.58334
297.683	0.932948	3.58334
297.918	0.93295	3.58335
298.152	0.932951	3.58335
298.386	0.932953	3.58336
298.62	0.932954	3.58336
298.854	0.932955	3.58337
299.089	0.932957	3.58337
299.323	0.932958	3.58338
299.557	0.93296	3.58338
299.791	0.932961	3.58339
300.025	0.932963	3.58339
300.26	0.932964	3.5834
300.494	0.932965	3.5834
300.728	0.932967	3.58341
300.962	0.932968	3.58341
301.196	0.93297	3.58342
301.431	0.932971	3.58342
301.665	0.932972	3.58343
301.899	0.932974	3.58343
302.133	0.932975	3.58344
302.368	0.932977	3.58344
302.602	0.932978	3.58345
302.836	0.93298	3.58345
303.07	0.932981	3.58346
303.304	0.932982	3.58346
303.539	0.932984	3.58347
303.773	0.932985	3.58347
304.007	0.932987	3.58348
304.241	0.932988	3.58348
304.475	0.93299	3.58349
304.71	0.932991	3.58349
304.944	0.932992	3.5835
305.178	0.932994	3.5835
305.412	0.932995	3.58351
305.647	0.932997	3.58351
305.881	0.932998	3.58352
306.115	0.932999	3.58352
306.349	0.933001	3.58353
306.583	0.933002	3.58353
306.818	0.933004	3.58354
307.052	0.933005	3.58354
307.286	0.933007	3.58355
307.52	0.933008	3.58355
307.754	0.933009	3.58356
307.989	0.933011	3.58356
308.223	0.933012	3.58357
308.457	0.933014	3.58357
308.691	0.933015	3.58358
308.925	0.933016	3.58358
309.16	0.933018	3.58359
309.394	0.933019	3.5836
309.628	0.933021	3.5836
309.862	0.933022	3.58361
310.097	0.933024	3.58361
310.331	0.933025	3.58362
310.565	0.933026	3.58362
310.799	0.933028	3.58363
311.033	0.933029	3.58363
311.268	0.933031	3.58364
311.502	0.933032	3.58364
311.736	0.933033	3.58365
311.97	0.933035	3.58365
312.204	0.933036	3.58366
312.439	0.933038	3.58366
312.673	0.933039	3.58367
312.907	0.933041	3.58367
313.141	0.933042	3.58368
313.376	0.933043	3.58368
313.61	0.933045	3.58369
313.844	0.933046	3.58369
314.078	0.933048	3.5837
314.312	0.933049	3.5837
314.547	0.933051	3.58371
314.781	0.933052	3.58371
315.015	0.933053	3.58372
315.249	0.933055	3.58372
315.483	0.933056	3.58373
315.718	0.933058	3.58373
315.952	0.933059	3.58374
316.186	0.93306	3.58374
316.42	0.933062	3.58375
316.654	0.933063	3.58375
316.889	0.933065	3.58376
317.123	0.933066	3.58376
317.357	0.933068	3.58377
317.591	0.933069	3.58377
317.826	0.93307	3.58378
318.06	0.933072	3.58378
318.294	0.933073	3.58379
318.528	0.933075	3.58379
318.762	0.933076	3.5838
318.997	0.933077	3.5838
319.231	0.933079	3.58381
319.465	0.93308	3.58381
319.699	0.933082	3.58382
319.933	0.933083	3.58382
320.168	0.933085	3.58383
320.402	0.933086	3.58383
320.636	0.933087	3.58384
320.87	0.933089	3.58384
321.104	0.93309	3.58385
321.339	0.933092	3.58385
321.573	0.933093	3.58386
321.807	0.933094	3.58386
322.041	0.933096	3.58387
322.276	0.933097	3.58387
322.51	0.933099	3.58388
322.744	0.9331	3.58388
322.978	0.933102	3.58389
323.212	0.933103	3.58389
323.447	0.933104	3.5839
323.681	0.933106	3.5839
323.915	0.933107	3.58391
324.149	0.933109	3.58391
324.383	0.93311	3.58392
324.618	0.933111	3.58392
324.852	0.933113	3.58393
325.086	0.933114	3.58393
325.32	0.933116	3.58394
325.555	0.933117	3.58394
325.789	0.933118	3.58395
326.023	0.93312	3.58395
326.257	0.933121	3.58396
326.491	0.933123	3.58396
326.726	0.933124	3.58397
326.96	0.933126	3.58397
327.194	0.933127	3.58398
327.428	0.933128	3.58398
327.662	0.93313	3.58399
327.897	0.933131	3.584
328.131	0.933133	3.584
328.365	0.933134	3.58401
328.599	0.933135	3.58401
328.833	0.933137	3.58402
329.068	0.933138	3.58402
329.302	0.93314	3.58403
329.536	0.933141	3.58403
329.77	0.933143	3.58404
330.005	0.933144	3.58404
330.239	0.933145	3.58405
330.473	0.933147	3.58405
330.707	0.933148	3.58406
330.941	0.93315	3.58406
331.176	0.933151	3.58407
331.41	0.933152	3.58407
331.644	0.933154	3.58408
331.878	0.933155	3.58408
332.112	0.933157	3.58409
332.347	0.933158	3.58409
332.581	0.93316	3.5841
332.815	0.933161	3.5841
333.049	0.933162	3.58411
333.284	0.933164	3.58411
333.518	0.933165	3.58412
333.752	0.933167	3.58412
333.986	0.933168	3.58413
334.22	0.933169	3.58413
334.455	0.933171	3.58414
334.689	0.933172	3.58414
334.923	0.933174	3.58415
335.157	0.933175	3.58415
335.391	0.933176	3.58416
335.626	0.933178	3.58416
335.86	0.933179	3.58417
336.094	0.933181	3.58417
336.328	0.933182	3.58418
336.562	0.933184	3.58418
336.797	0.933185	3.58419
337.031	0.933186	3.58419
337.265	0.933188	3.5842
337.499	0.933189	3.5842
337.734	0.933191	3.58421
337.968	0.933192	3.58421
338.202	0.933193	3.58422
338.436	0.933195	3.58422
338.67	0.933196	3.58423
338.905	0.933198	3.58423
339.139	0.933199	3.58424
339.373	0.933201	3.58424
339.607	0.933202	3.58425
339.841	0.933203	3.58425
340.076	0.933205	3.58426
340.31	0.933206	3.58426
340.544	0.933208	3.58427
340.781	0.933209	3.58427
341.015	0.93321	3.58428
341.249	0.933212	3.58428
341.483	0.933213	3.58429
341.717	0.933215	3.58429
341.952	0.933216	3.5843
342.186	0.933217	3.5843
342.42	0.933219	3.58431
342.654	0.93322	3.58431
342.889	0.933222	3.58432
343.123	0.933223	3.58432
343.357	0.933225	3.58433
343.591	0.933226	3.58433
343.825	0.933227	3.58434
344.06	0.933229	3.58434
344.294	0.93323	3.58435
344.528	0.933232	3.58435
344.762	0.933233	3.58436
344.996	0.933234	3.58436
345.231	0.933236	3.58437
345.465	0.933237	3.58437
345.699	0.933239	3.58438
345.933	0.93324	3.58438
346.168	0.933241	3.58439
346.402	0.933243	3.5844
346.636	0.933244	3.5844
346.87	0.933246	3.58441
347.104	0.933247	3.58441
347.339	0.933249	3.58442
347.573	0.93325	3.58442
347.807	0.933251	3.58443
348.041	0.933253	3.58443
348.275	0.933254	3.58444
348.51	0.933256	3.58444
348.744	0.933257	3.58445
348.978	0.933258	3.58445
349.212	0.93326	3.58446
349.446	0.933261	3.58446
349.681	0.933263	3.58447
349.915	0.933264	3.58447
350.149	0.933265	3.58448
350.383	0.933267	3.58448
350.618	0.933268	3.58449
350.852	0.93327	3.58449
351.086	0.933271	3.5845
351.32	0.933273	3.5845
351.554	0.933274	3.58451
351.789	0.933275	3.58451
352.023	0.933277	3.58452
352.257	0.933278	3.58452
352.491	0.93328	3.58453
352.725	0.933281	3.58453
352.96	0.933282	3.58454
353.194	0.933284	3.58454
353.428	0.933285	3.58455
353.662	0.933287	3.58455
353.897	0.933288	3.58456
354.131	0.933289	3.58456
354.365	0.933291	3.58457
354.599	0.933292	3.58457
354.833	0.933294	3.58458
355.068	0.933295	3.58458
355.302	0.933297	3.58459
355.536	0.933298	3.58459
355.77	0.933299	3.5846
356.004	0.933301	3.5846
356.239	0.933302	3.58461
356.473	0.933304	3.58461
356.707	0.933305	3.58462
356.941	0.933306	3.58462
357.175	0.933308	3.58463
357.41	0.933309	3.58463
357.644	0.933311	3.58464
357.878	0.933312	3.58464
358.112	0.933313	3.58465
358.347	0.933315	3.58465
358.581	0.933316	3.58466
358.815	0.933318	3.58466
359.049	0.933319	3.58467
359.283	0.933321	3.58467
359.518	0.933322	3.58468
359.752	0.933323	3.58468
359.986	0.933325	3.58469
360.22	0.933326	3.58469
360.454	0.933328	3.5847
360.689	0.933329	3.5847
360.923	0.93333	3.58471
361.157	0.933332	3.58471
361.391	0.933333	3.58472
361.625	0.933335	3.58472
361.86	0.933336	3.58473
362.094	0.933337	3.58473
362.328	0.933339	3.58474
362.562	0.93334	3.58474
362.797	0.933342	3.58475
363.031	0.933343	3.58475
363.265	0.933344	3.58476
363.499	0.933346	3.58476
363.733	0.933347	3.58477
363.968	0.933349	3.58477
364.202	0.93335	3.58478
364.436	0.933352	3.58478
364.67	0.933353	3.58479
364.904	0.933354	3.58479
365.139	0.933356	3.5848
365.373	0.933357	3.58481
365.607	0.933359	3.58481
365.841	0.93336	3.58482
366.076	0.933361	3.58482
366.31	0.933363	3.58483
366.544	0.933364	3.58483
366.778	0.933366	3.58484
367.012	0.933367	3.58484
367.247	0.933368	3.58485
367.481	0.93337	3.58485
367.715	0.933371	3.58486
367.949	0.933373	3.58486
368.183	0.933374	3.58487
368.418	0.933375	3.58487
368.652	0.933377	3.58488
368.886	0.933378	3.58488
369.12	0.93338	3.58489
369.354	0.933381	3.58489
369.589	0.933383	3.5849
369.823	0.933384	3.5849
370.057	0.933385	3.58491
370.291	0.933387	3.58491
370.526	0.933388	3.58492
370.76	0.93339	3.58492
370.994	0.933391	3.58493
371.228	0.933392	3.58493
371.462	0.933394	3.58494
371.697	0.933395	3.58494
371.931	0.933397	3.58495
372.165	0.933398	3.58495
372.399	0.933399	3.58496
372.633	0.933401	3.58496
372.868	0.933402	3.58497
373.102	0.933404	3.58497
373.336	0.933405	3.58498
373.57	0.933406	3.58498
373.805	0.933408	3.58499
374.039	0.933409	3.58499
374.273	0.933411	3.585
374.507	0.933412	3.585
374.741	0.933414	3.58501
374.976	0.933415	3.58501
375.21	0.933416	3.58502
375.444	0.933418	3.58502
375.678	0.933419	3.58503
375.912	0.933421	3.58503
376.147	0.933422	3.58504
376.381	0.933423	3.58504
376.615	0.933425	3.58505
376.849	0.933426	3.58505
377.083	0.933428	3.58506
377.318	0.933429	3.58506
377.552	0.93343	3.58507
377.786	0.933432	3.58507
378.02	0.933433	3.58508
378.255	0.933435	3.58508
378.489	0.933436	3.58509
378.723	0.933437	3.58509
378.957	0.933439	3.5851
379.191	0.93344	3.5851
379.426	0.933442	3.58511
379.66	0.933443	3.58511
379.894	0.933444	3.58512
380.128	0.933446	3.58512
380.362	0.933447	3.58513
380.597	0.933449	3.58513
380.831	0.93345	3.58514
381.065	0.933452	3.58514
381.299	0.933453	3.58515
381.534	0.933454	3.58515
381.768	0.933456	3.58516
382.002	0.933457	3.58516
382.236	0.933459	3.58517
382.47	0.93346	3.58517
382.705	0.933461	3.58518
382.939	0.933463	3.58518
383.173	0.933464	3.58519
383.407	0.933466	3.58519
383.641	0.933467	3.5852
383.876	0.933468	3.5852
384.11	0.93347	3.58521
384.344	0.933471	3.58521
384.578	0.933473	3.58522
384.812	0.933474	3.58522
385.047	0.933475	3.58523
385.281	0.933477	3.58524
385.515	0.933478	3.58524
385.749	0.93348	3.58525
385.984	0.933481	3.58525
386.218	0.933482	3.58526
386.452	0.933484	3.58526
386.686	0.933485	3.58527
386.92	0.933487	3.58527
387.155	0.933488	3.58528
387.389	0.93349	3.58528
387.623	0.933491	3.58529
387.857	0.933492	3.58529
388.091	0.933494	3.5853
388.326	0.933495	3.5853
388.56	0.933497	3.58531
388.794	0.933498	3.58531
389.028	0.933499	3.58532
389.262	0.933501	3.58532
389.497	0.933502	3.58533
389.731	0.933504	3.58533
389.965	0.933505	3.58534
390.199	0.933506	3.58534
390.434	0.933508	3.58535
390.668	0.933509	3.58535
390.902	0.933511	3.58536
391.136	0.933512	3.58536
391.37	0.933513	3.58537
391.605	0.933515	3.58537
391.839	0.933516	3.58538
392.073	0.933518	3.58538
392.307	0.933519	3.58539
392.541	0.93352	3.58539
392.776	0.933522	3.5854
393.01	0.933523	3.5854
393.244	0.933525	3.58541
393.478	0.933526	3.58541
393.713	0.933527	3.58542
393.947	0.933529	3.58542
394.181	0.93353	3.58543
394.415	0.933532	3.58543
394.649	0.933533	3.58544
394.884	0.933535	3.58544
395.118	0.933536	3.58545
395.352	0.933537	3.58545
395.586	0.933539	3.58546
395.82	0.93354	3.58546
396.055	0.933542	3.58547
396.289	0.933543	3.58547
396.523	0.933544	3.58548
396.757	0.933546	3.58548
396.991	0.933547	3.58549
397.226	0.933549	3.58549
397.46	0.93355	3.5855
397.694	0.933551	3.5855
397.928	0.933553	3.58551
398.163	0.933554	3.58551
398.397	0.933556	3.58552
398.631	0.933557	3.58552
398.865	0.933558	3.58553
399.099	0.93356	3.58553
399.334	0.933561	3.58554
399.568	0.933563	3.58554
399.802	0.933564	3.58555
400.036	0.933565	3.58555
400.27	0.933567	3.58556
400.505	0.933568	3.58556
400.739	0.93357	3.58557
400.973	0.933571	3.58557
401.207	0.933572	3.58558
401.442	0.933574	3.58558
401.676	0.933575	3.58559
401.91	0.933577	3.58559
402.144	0.933578	3.5856
402.378	0.933579	3.5856
402.613	0.933581	3.58561
402.847	0.933582	3.58561
403.081	0.933584	3.58562
403.315	0.933585	3.58562
403.549	0.933587	3.58563
403.784	0.933588	3.58563
404.018	0.933589	3.58564
404.252	0.933591	3.58564
404.486	0.933592	3.58565
404.72	0.933594	3.58565
404.955	0.933595	3.58566
405.189	0.933596	3.58567
405.423	0.933598	3.58567
405.657	0.933599	3.58568
405.892	0.933601	3.58568
406.126	0.933602	3.58569
406.36	0.933603	3.58569
406.594	0.933605	3.5857
406.828	0.933606	3.5857
407.063	0.933608	3.58571
407.297	0.933609	3.58571
407.531	0.93361	3.58572
407.765	0.933612	3.58572
407.999	0.933613	3.58573
408.234	0.933615	3.58573
408.468	0.933616	3.58574
408.702	0.933617	3.58574
408.936	0.933619	3.58575
409.171	0.93362	3.58575
409.405	0.933622	3.58576
409.639	0.933623	3.58576
409.873	0.933624	3.58577
410.107	0.933626	3.58577
410.342	0.933627	3.58578
410.576	0.933629	3.58578
410.81	0.93363	3.58579
411.044	0.933631	3.58579
411.278	0.933633	3.5858
411.513	0.933634	3.5858
411.747	0.933636	3.58581
411.981	0.933637	3.58581
412.215	0.933638	3.58582
412.449	0.93364	3.58582
412.684	0.933641	3.58583
412.918	0.933643	3.58583
413.152	0.933644	3.58584
413.386	0.933645	3.58584
413.621	0.933647	3.58585
413.855	0.933648	3.58585
414.089	0.93365	3.58586
414.323	0.933651	3.58586
414.557	0.933653	3.58587
414.792	0.933654	3.58587
415.026	0.933655	3.58588
415.26	0.933657	3.58588
415.494	0.933658	3.58589
415.728	0.93366	3.58589
415.963	0.933661	3.5859
416.197	0.933662	3.5859
416.431	0.933664	3.58591
416.665	0.933665	3.58591
416.899	0.933667	3.58592
417.134	0.933668	3.58592
417.368	0.933669	3.58593
417.602	0.933671	3.58593
417.836	0.933672	3.58594
418.071	0.933674	3.58594
418.305	0.933675	3.58595
418.539	0.933676	3.58595
418.773	0.933678	3.58596
419.007	0.933679	3.58596
419.242	0.933681	3.58597
419.476	0.933682	3.58597
419.71	0.933683	3.58598
419.944	0.933685	3.58598
420.178	0.933686	3.58599
420.413	0.933688	3.58599
420.647	0.933689	3.586
420.881	0.93369	3.586
421.115	0.933692	3.58601
421.35	0.933693	3.58601
421.584	0.933695	3.58602
421.818	0.933696	3.58602
422.052	0.933697	3.58603
422.286	0.933699	3.58603
422.521	0.9337	3.58604
422.755	0.933702	3.58604
422.989	0.933703	3.58605
423.223	0.933704	3.58605
423.457	0.933706	3.58606
423.692	0.933707	3.58606
423.926	0.933709	3.58607
424.16	0.93371	3.58607
424.394	0.933711	3.58608
424.628	0.933713	3.58608
424.863	0.933714	3.58609
425.097	0.933716	3.58609
425.331	0.933717	3.5861
425.565	0.933718	3.58611
425.8	0.93372	3.58611
426.034	0.933721	3.58612
426.268	0.933723	3.58612
426.502	0.933724	3.58613
426.736	0.933725	3.58613
426.971	0.933727	3.58614
427.205	0.933728	3.58614
427.439	0.93373	3.58615
427.673	0.933731	3.58615
427.907	0.933732	3.58616
428.142	0.933734	3.58616
428.376	0.933735	3.58617
428.61	0.933737	3.58617
428.844	0.933738	3.58618
429.079	0.933739	3.58618
429.313	0.933741	3.58619
429.547	0.933742	3.58619
429.781	0.933744	3.5862
430.015	0.933745	3.5862
430.25	0.933746	3.58621
430.484	0.933748	3.58621
430.718	0.933749	3.58622
430.952	0.933751	3.58622
431.186	0.933752	3.58623
431.421	0.933754	3.58623
431.655	0.933755	3.58624
431.889	0.933756	3.58624
432.123	0.933758	3.58625
432.357	0.933759	3.58625
432.592	0.933761	3.58626
432.826	0.933762	3.58626
433.06	0.933763	3.58627
433.294	0.933765	3.58627
433.529	0.933766	3.58628
433.763	0.933768	3.58628
433.997	0.933769	3.58629
434.231	0.93377	3.58629
434.465	0.933772	3.5863
434.7	0.933773	3.5863
434.934	0.933775	3.58631
435.168	0.933776	3.58631
435.402	0.933777	3.58632
435.636	0.933779	3.58632
435.871	0.93378	3.58633
436.105	0.933782	3.58633
436.339	0.933783	3.58634
436.573	0.933784	3.58634
436.808	0.933786	3.58635
437.042	0.933787	3.58635
437.276	0.933789	3.58636
437.51	0.93379	3.58636
437.744	0.933791	3.58637
437.979	0.933793	3.58637
438.213	0.933794	3.58638
438.447	0.933796	3.58638
438.681	0.933797	3.58639
438.915	0.933798	3.58639
439.15	0.9338	3.5864
439.384	0.933801	3.5864
439.618	0.933803	3.58641
439.852	0.933804	3.58641
440.086	0.933805	3.58642
440.321	0.933807	3.58642
440.555	0.933808	3.58643
440.789	0.93381	3.58643
441.023	0.933811	3.58644
441.258	0.933812	3.58644
441.492	0.933814	3.58645
441.726	0.933815	3.58645
441.96	0.933817	3.58646
442.194	0.933818	3.58646
442.429	0.933819	3.58647
442.663	0.933821	3.58647
442.897	0.933822	3.58648
443.131	0.933824	3.58648
443.365	0.933825	3.58649
443.6	0.933826	3.58649
443.834	0.933828	3.5865
444.068	0.933829	3.5865
444.302	0.933831	3.58651
444.537	0.933832	3.58651
444.771	0.933833	3.58652
445.005	0.933835	3.58652
445.239	0.933836	3.58653
445.473	0.933838	3.58653
445.708	0.933839	3.58654
445.942	0.93384	3.58654
446.176	0.933842	3.58655
446.41	0.933843	3.58656
446.644	0.933845	3.58656
446.879	0.933846	3.58657
447.113	0.933847	3.58657
447.347	0.933849	3.58658
447.581	0.93385	3.58658
447.815	0.933852	3.58659
448.05	0.933853	3.58659
448.284	0.933854	3.5866
448.518	0.933856	3.5866
448.752	0.933857	3.58661
448.987	0.933859	3.58661
449.221	0.93386	3.58662
449.455	0.933861	3.58662
449.689	0.933863	3.58663
449.923	0.933864	3.58663
450.158	0.933866	3.58664
450.392	0.933867	3.58664
450.626	0.933868	3.58665
450.86	0.93387	3.58665
451.094	0.933871	3.58666
451.329	0.933873	3.58666
451.563	0.933874	3.58667
451.797	0.933875	3.58667
452.031	0.933877	3.58668
452.265	0.933878	3.58668
452.5	0.93388	3.58669
452.734	0.933881	3.58669
452.968	0.933882	3.5867
453.202	0.933884	3.5867
453.437	0.933885	3.58671
453.671	0.933887	3.58671
453.905	0.933888	3.58672
454.139	0.933889	3.58672
454.373	0.933891	3.58673
454.608	0.933892	3.58673
454.842	0.933894	3.58674
455.076	0.933895	3.58674
455.31	0.933896	3.58675
455.544	0.933898	3.58675
455.779	0.933899	3.58676
456.013	0.933901	3.58676
456.247	0.933902	3.58677
456.481	0.933903	3.58677
456.716	0.933905	3.58678
456.95	0.933906	3.58678
457.184	0.933908	3.58679
457.418	0.933909	3.58679
457.652	0.93391	3.5868
457.887	0.933912	3.5868
458.121	0.933913	3.58681
458.355	0.933915	3.58681
458.589	0.933916	3.58682
458.823	0.933917	3.58682
459.058	0.933919	3.58683
459.292	0.93392	3.58683
459.526	0.933922	3.58684
459.76	0.933923	3.58684
459.994	0.933924	3.58685
460.229	0.933926	3.58685
460.463	0.933927	3.58686
460.697	0.933929	3.58686
460.931	0.93393	3.58687
461.166	0.933931	3.58687
461.4	0.933933	3.58688
461.634	0.933934	3.58688
461.868	0.933936	3.58689
462.102	0.933937	3.58689
462.337	0.933938	3.5869
462.571	0.93394	3.5869
462.805	0.933941	3.58691
463.039	0.933943	3.58691
463.273	0.933944	3.58692
463.508	0.933945	3.58692
463.742	0.933947	3.58693
463.976	0.933948	3.58693
464.21	0.93395	3.58694
464.445	0.933951	3.58694
464.679	0.933952	3.58695
464.913	0.933954	3.58695
465.147	0.933955	3.58696
465.381	0.933957	3.58696
465.616	0.933958	3.58697
465.85	0.933959	3.58697
466.084	0.933961	3.58698
466.318	0.933962	3.58698
466.552	0.933964	3.58699
466.787	0.933965	3.58699
467.021	0.933966	3.587
467.255	0.933968	3.587
467.489	0.933969	3.58701
467.723	0.933971	3.58701
467.958	0.933972	3.58702
468.192	0.933973	3.58703
468.426	0.933975	3.58703
468.66	0.933976	3.58704
468.895	0.933978	3.58704
469.129	0.933979	3.58705
469.363	0.93398	3.58705
469.597	0.933982	3.58706
469.831	0.933983	3.58706
470.066	0.933984	3.58707
470.3	0.933986	3.58707
470.534	0.933987	3.58708
470.768	0.933989	3.58708
471.002	0.93399	3.58709
471.237	0.933991	3.58709
471.471	0.933993	3.5871
471.705	0.933994	3.5871
471.939	0.933996	3.58711
472.174	0.933997	3.58711
472.408	0.933998	3.58712
472.642	0.934	3.58712
472.876	0.934001	3.58713
473.11	0.934003	3.58713
473.345	0.934004	3.58714
473.579	0.934005	3.58714
473.813	0.934007	3.58715
474.047	0.934008	3.58715
474.281	0.93401	3.58716
474.516	0.934011	3.58716
474.75	0.934012	3.58717
474.984	0.934014	3.58717
475.218	0.934015	3.58718
475.452	0.934017	3.58718
475.687	0.934018	3.58719
475.921	0.934019	3.58719
476.155	0.934021	3.5872
476.389	0.934022	3.5872
476.624	0.934024	3.58721
476.858	0.934025	3.58721
477.092	0.934026	3.58722
477.326	0.934028	3.58722
477.56	0.934029	3.58723
477.795	0.934031	3.58723
478.029	0.934032	3.58724
478.263	0.934033	3.58724
478.497	0.934035	3.58725
478.731	0.934036	3.58725
478.966	0.934038	3.58726
479.2	0.934039	3.58726
479.434	0.93404	3.58727
479.668	0.934042	3.58727
479.902	0.934043	3.58728
480.137	0.934045	3.58728
480.371	0.934046	3.58729
480.605	0.934047	3.58729
480.839	0.934049	3.5873
481.074	0.93405	3.5873
481.308	0.934052	3.58731
481.542	0.934053	3.58731
481.776	0.934054	3.58732
482.01	0.934056	3.58732
482.245	0.934057	3.58733
482.479	0.934059	3.58733
482.713	0.93406	3.58734
482.947	0.934061	3.58734
483.181	0.934063	3.58735
483.416	0.934064	3.58735
483.65	0.934066	3.58736
483.884	0.934067	3.58736
484.118	0.934068	3.58737
484.353	0.93407	3.58737
484.587	0.934071	3.58738
484.821	0.934073	3.58738
485.055	0.934074	3.58739
485.289	0.934075	3.58739
485.524	0.934077	3.5874
485.758	0.934078	3.5874
485.992	0.93408	3.58741
486.226	0.934081	3.58741
486.46	0.934082	3.58742
486.695	0.934084	3.58742
486.929	0.934085	3.58743
487.163	0.934086	3.58743
487.397	0.934088	3.58744
487.631	0.934089	3.58744
487.866	0.934091	3.58745
488.1	0.934092	3.58745
488.334	0.934093	3.58746
488.568	0.934095	3.58746
488.803	0.934096	3.58747
489.037	0.934098	3.58747
489.271	0.934099	3.58748
489.505	0.9341	3.58748
489.739	0.934102	3.58749
489.974	0.934103	3.5875
490.208	0.934105	3.5875
490.442	0.934106	3.58751
490.676	0.934107	3.58751
490.91	0.934109	3.58752
491.145	0.93411	3.58752
491.379	0.934112	3.58753
491.613	0.934113	3.58753
491.847	0.934114	3.58754
492.082	0.934116	3.58754
492.316	0.934117	3.58755
492.55	0.934119	3.58755
492.784	0.93412	3.58756
493.018	0.934121	3.58756
493.253	0.934123	3.58757
493.487	0.934124	3.58757
493.721	0.934126	3.58758
493.955	0.934127	3.58758
494.189	0.934128	3.58759
494.424	0.93413	3.58759
494.658	0.934131	3.5876
494.892	0.934133	3.5876
495.126	0.934134	3.58761
495.36	0.934135	3.58761
495.595	0.934137	3.58762
495.829	0.934138	3.58762
496.063	0.93414	3.58763
496.297	0.934141	3.58763
496.532	0.934142	3.58764
496.766	0.934144	3.58764
497	0.934145	3.58765
497.234	0.934147	3.58765
497.468	0.934148	3.58766
497.703	0.934149	3.58766
497.937	0.934151	3.58767
498.171	0.934152	3.58767
498.405	0.934153	3.58768
498.639	0.934155	3.58768
498.874	0.934156	3.58769
499.108	0.934158	3.58769
499.342	0.934159	3.5877
499.576	0.93416	3.5877
499.811	0.934162	3.58771
