0	1.00149	3.55791
0	1.00149	3.55791
0.165613	1.0017	3.55827
0.331226	1.00228	3.55927
0.498495	1.00313	3.56075
0.664107	1.00413	3.56251
0.82972	1.00516	3.56437
0.995333	1.00614	3.56614
1.15929	1.00697	3.56767
1.3249	1.00761	3.56887
1.49052	1.00804	3.56969
1.65613	1.00823	3.57013
1.82174	1.0082	3.57018
1.98735	1.00797	3.56992
2.15297	1.00761	3.56942
2.31858	1.00715	3.56877
2.48419	1.00664	3.56807
2.6498	1.00614	3.56739
2.81542	1.00566	3.56679
2.98103	1.00525	3.56631
3.14664	1.00491	3.56598
3.31226	1.00465	3.56581
3.47787	1.00447	3.56579
3.64348	1.00436	3.56591
3.80909	1.0043	3.56613
3.97471	1.00428	3.56644
4.14032	1.00429	3.56682
4.30593	1.0043	3.56721
4.47155	1.00429	3.56761
4.63716	1.00425	3.56796
4.80277	1.00417	3.56824
4.96838	1.00404	3.56845
5.134	1.00387	3.56859
5.29961	1.00365	3.56866
5.46522	1.00339	3.56867
5.63084	1.00311	3.56865
5.79645	1.0028	3.56861
5.96206	1.00249	3.56857
6.12767	1.00217	3.56854
6.29329	1.00186	3.56852
6.4589	1.00155	3.56852
6.62451	1.00125	3.56855
6.79013	1.00096	3.5686
6.95574	1.00067	3.56867
7.12135	1.0004	3.56878
7.28696	1.00013	3.5689
7.45258	0.999866	3.56904
7.61819	0.999602	3.5692
7.7838	0.999334	3.56936
7.94941	0.999061	3.56952
8.11503	0.998777	3.56967
8.28064	0.998483	3.56981
8.44625	0.998176	3.56993
8.61187	0.997858	3.57004
8.77748	0.997529	3.57014
8.94475	0.997189	3.57023
9.11036	0.996845	3.57032
9.27597	0.996496	3.57041
9.44159	0.996143	3.5705
9.6072	0.995787	3.57058
9.77281	0.995428	3.57067
9.93842	0.995068	3.57077
10.104	0.994708	3.57086
10.2697	0.994347	3.57096
10.4353	0.993986	3.57107
10.6009	0.993626	3.57118
10.7665	0.993266	3.5713
10.9321	0.992905	3.57142
11.0977	0.992543	3.57154
11.2633	0.992179	3.57166
11.4289	0.991813	3.57179
11.5946	0.991445	3.57191
11.7602	0.991074	3.57202
11.9258	0.9907	3.57214
12.0914	0.990324	3.57225
12.257	0.989946	3.57236
12.4226	0.989567	3.57247
12.5882	0.989186	3.57258
12.7538	0.988805	3.57269
12.9195	0.988423	3.5728
13.0851	0.98804	3.57291
13.2507	0.987657	3.57302
13.4163	0.987274	3.57313
13.5819	0.986892	3.57324
13.7475	0.98651	3.57335
13.9131	0.986129	3.57346
14.0787	0.985749	3.57357
14.2444	0.98537	3.57368
14.41	0.984992	3.57379
14.5756	0.984614	3.57391
14.7412	0.984237	3.57402
14.9068	0.983861	3.57413
15.0724	0.983486	3.57424
15.238	0.983112	3.57435
15.4036	0.982738	3.57446
15.5693	0.982366	3.57457
15.7349	0.981995	3.57467
15.9005	0.981625	3.57478
16.0661	0.981257	3.57489
16.2317	0.98089	3.57499
16.3973	0.980525	3.5751
16.5629	0.980162	3.5752
16.7286	0.9798	3.57531
16.8942	0.97944	3.57541
17.0598	0.979083	3.57552
17.2254	0.978728	3.57562
17.391	0.978375	3.57572
17.5566	0.978024	3.57582
17.7222	0.977675	3.57593
17.8878	0.977329	3.57603
18.0535	0.976985	3.57613
18.2191	0.976644	3.57623
18.3847	0.976305	3.57633
18.5503	0.975969	3.57643
18.7159	0.975635	3.57652
18.8815	0.975304	3.57662
19.0471	0.974975	3.57672
19.2127	0.97465	3.57681
19.3784	0.974327	3.57691
19.544	0.974006	3.577
19.7096	0.973689	3.5771
19.8752	0.973374	3.57719
20.0408	0.973062	3.57728
20.2064	0.972753	3.57737
20.372	0.972447	3.57746
20.5376	0.972144	3.57755
20.7033	0.971845	3.57764
20.8689	0.971548	3.57773
21.0345	0.971254	3.57782
21.2001	0.970963	3.57791
21.3657	0.970676	3.57799
21.5313	0.970391	3.57808
21.6969	0.970109	3.57817
21.8625	0.969831	3.57825
22.0282	0.969556	3.57833
22.1938	0.969284	3.57842
22.3594	0.969015	3.5785
22.525	0.968749	3.57858
22.6906	0.968486	3.57866
22.8562	0.968227	3.57874
23.0218	0.96797	3.57882
23.1874	0.967717	3.5789
23.3531	0.967467	3.57898
23.5187	0.96722	3.57906
23.6843	0.966976	3.57913
23.8499	0.966735	3.57921
24.0155	0.966497	3.57929
24.1811	0.966263	3.57936
24.3467	0.966031	3.57943
24.5124	0.965803	3.57951
24.678	0.965578	3.57958
24.8436	0.965355	3.57965
25.0092	0.965136	3.57972
25.1748	0.96492	3.57979
25.3404	0.964707	3.57986
25.506	0.964497	3.57993
25.6716	0.96429	3.58
25.8373	0.964086	3.58007
26.0029	0.963884	3.58014
26.1685	0.963686	3.58021
26.3341	0.963491	3.58027
26.4997	0.963298	3.58034
26.6653	0.963108	3.5804
26.8309	0.962922	3.58047
26.9965	0.962738	3.58053
27.1622	0.962556	3.58059
27.3278	0.962378	3.58066
27.4934	0.962202	3.58072
27.659	0.962029	3.58078
27.8246	0.961859	3.58084
27.9902	0.961692	3.5809
28.1558	0.961527	3.58096
28.3214	0.961364	3.58102
28.4871	0.961205	3.58108
28.6527	0.961048	3.58114
28.8183	0.960893	3.58119
28.9839	0.960741	3.58125
29.1495	0.960591	3.58131
29.3151	0.960444	3.58136
29.4807	0.9603	3.58142
29.6463	0.960157	3.58148
29.812	0.960018	3.58153
29.9776	0.95988	3.58158
30.1432	0.959745	3.58164
30.3088	0.959612	3.58169
30.4744	0.959481	3.58174
30.64	0.959353	3.5818
30.8056	0.959227	3.58185
30.9713	0.959103	3.5819
31.1369	0.958981	3.58195
31.3025	0.958861	3.582
31.4681	0.958744	3.58205
31.6337	0.958628	3.5821
31.7993	0.958515	3.58215
31.9649	0.958404	3.5822
32.1305	0.958294	3.58224
32.2962	0.958187	3.58229
32.4618	0.958081	3.58234
32.6274	0.957978	3.58239
32.793	0.957876	3.58243
32.9586	0.957776	3.58248
33.1242	0.957678	3.58253
33.2898	0.957582	3.58257
33.4554	0.957488	3.58262
33.6211	0.957395	3.58266
33.7867	0.957304	3.58271
33.9523	0.957215	3.58275
34.1179	0.957127	3.58279
34.2835	0.957041	3.58284
34.4491	0.956957	3.58288
34.6147	0.956875	3.58292
34.7803	0.956793	3.58297
34.946	0.956714	3.58301
35.1116	0.956636	3.58305
35.2772	0.95656	3.58309
35.4428	0.956485	3.58313
35.6084	0.956411	3.58317
35.774	0.956339	3.58321
35.9396	0.956268	3.58325
36.1052	0.956199	3.58329
36.2709	0.956131	3.58333
36.4365	0.956065	3.58337
36.6021	0.956	3.58341
36.7677	0.955936	3.58345
36.9333	0.955873	3.58349
37.0989	0.955812	3.58353
37.2645	0.955752	3.58357
37.4302	0.955693	3.58361
37.5958	0.955635	3.58364
37.7614	0.955579	3.58368
37.927	0.955523	3.58372
38.0926	0.955469	3.58376
38.2582	0.955416	3.58379
38.4238	0.955364	3.58383
38.5894	0.955313	3.58387
38.7534	0.955264	3.5839
38.919	0.955215	3.58394
39.0846	0.955168	3.58397
39.2502	0.955121	3.58401
39.4158	0.955075	3.58404
39.5815	0.95503	3.58408
39.7471	0.954987	3.58411
39.9127	0.954944	3.58415
40.0783	0.954902	3.58418
40.2439	0.954861	3.58422
40.4095	0.954821	3.58425
40.5751	0.954782	3.58429
40.7408	0.954743	3.58432
40.9064	0.954706	3.58435
41.072	0.954669	3.58439
41.2376	0.954633	3.58442
41.4032	0.954598	3.58445
41.5688	0.954564	3.58449
41.7344	0.954531	3.58452
41.9	0.954498	3.58455
42.0657	0.954466	3.58458
42.2313	0.954435	3.58462
42.3969	0.954404	3.58465
42.5625	0.954374	3.58468
42.7281	0.954345	3.58471
42.8937	0.954317	3.58475
43.0593	0.954289	3.58478
43.2249	0.954262	3.58481
43.3906	0.954236	3.58484
43.5562	0.95421	3.58487
43.7218	0.954185	3.5849
43.8874	0.95416	3.58493
44.053	0.954136	3.58496
44.2186	0.954113	3.585
44.3842	0.95409	3.58503
44.5498	0.954068	3.58506
44.7155	0.954046	3.58509
44.8811	0.954025	3.58512
45.0467	0.954004	3.58515
45.2123	0.953984	3.58518
45.3779	0.953965	3.58521
45.5435	0.953946	3.58524
45.7091	0.953927	3.58527
45.8747	0.953909	3.5853
46.0404	0.953892	3.58533
46.206	0.953874	3.58536
46.3716	0.953858	3.58539
46.5372	0.953842	3.58542
46.7028	0.953826	3.58545
46.8684	0.95381	3.58548
47.034	0.953796	3.5855
47.1997	0.953781	3.58553
47.3653	0.953767	3.58556
47.5309	0.953753	3.58559
47.6965	0.95374	3.58562
47.8621	0.953727	3.58565
48.0277	0.953715	3.58568
48.1933	0.953703	3.58571
48.3589	0.953691	3.58573
48.5246	0.95368	3.58576
48.6902	0.953668	3.58579
48.8558	0.953658	3.58582
49.0214	0.953647	3.58585
49.187	0.953637	3.58588
49.3526	0.953628	3.5859
49.5182	0.953618	3.58593
49.6838	0.953609	3.58596
49.8495	0.9536	3.58599
50.0151	0.953592	3.58602
50.1807	0.953584	3.58604
50.3463	0.953576	3.58607
50.5119	0.953568	3.5861
50.6775	0.953561	3.58613
50.8431	0.953554	3.58615
51.0087	0.953547	3.58618
51.1744	0.953541	3.58621
51.34	0.953534	3.58624
51.5056	0.953528	3.58626
51.6712	0.953523	3.58629
51.8368	0.953517	3.58632
52.0024	0.953512	3.58635
52.168	0.953507	3.58637
52.3336	0.953502	3.5864
52.4993	0.953497	3.58643
52.6649	0.953493	3.58645
52.8305	0.953489	3.58648
52.9961	0.953485	3.58651
53.1617	0.953481	3.58654
53.3273	0.953478	3.58656
53.4929	0.953474	3.58659
53.6586	0.953471	3.58662
53.8242	0.953468	3.58664
53.9898	0.953466	3.58667
54.1554	0.953463	3.5867
54.321	0.953461	3.58672
54.4866	0.953458	3.58675
54.6522	0.953456	3.58678
54.8178	0.953454	3.5868
54.9835	0.953453	3.58683
55.1491	0.953451	3.58686
55.3147	0.95345	3.58688
55.4803	0.953449	3.58691
55.6459	0.953448	3.58693
55.8115	0.953447	3.58696
55.9771	0.953446	3.58699
56.1427	0.953445	3.58701
56.3084	0.953445	3.58704
56.474	0.953444	3.58707
56.6396	0.953444	3.58709
56.8052	0.953444	3.58712
56.9708	0.953444	3.58714
57.1364	0.953444	3.58717
57.302	0.953445	3.5872
57.4676	0.953445	3.58722
57.6333	0.953446	3.58725
57.7989	0.953446	3.58727
57.9645	0.953447	3.5873
58.1301	0.953448	3.58733
58.2957	0.953449	3.58735
58.4613	0.95345	3.58738
58.6269	0.953451	3.5874
58.7925	0.953453	3.58743
58.9582	0.953454	3.58746
59.1238	0.953455	3.58748
59.2894	0.953457	3.58751
59.455	0.953459	3.58753
59.6206	0.953461	3.58756
59.7862	0.953463	3.58759
59.9518	0.953465	3.58761
60.1175	0.953467	3.58764
60.2831	0.953469	3.58766
60.4487	0.953471	3.58769
60.6143	0.953473	3.58771
60.7799	0.953476	3.58774
60.9455	0.953478	3.58776
61.1111	0.953481	3.58779
61.2767	0.953484	3.58782
61.4424	0.953486	3.58784
61.608	0.953489	3.58787
61.7736	0.953492	3.58789
61.9392	0.953495	3.58792
62.1048	0.953498	3.58794
62.2704	0.953501	3.58797
62.436	0.953504	3.58799
62.6016	0.953507	3.58802
62.7673	0.953511	3.58805
62.9329	0.953514	3.58807
63.0985	0.953518	3.5881
63.2641	0.953521	3.58812
63.4297	0.953525	3.58815
63.5953	0.953528	3.58817
63.7609	0.953532	3.5882
63.9265	0.953535	3.58822
64.0922	0.953539	3.58825
64.2578	0.953543	3.58827
64.4234	0.953547	3.5883
64.589	0.953551	3.58832
64.7546	0.953555	3.58835
64.9202	0.953559	3.58838
65.0858	0.953563	3.5884
65.2514	0.953567	3.58843
65.4171	0.953571	3.58845
65.5827	0.953575	3.58848
65.7483	0.953579	3.5885
65.9139	0.953584	3.58853
66.0795	0.953588	3.58855
66.2451	0.953592	3.58858
66.4107	0.953597	3.5886
66.5764	0.953601	3.58863
66.742	0.953606	3.58865
66.9076	0.95361	3.58868
67.0732	0.953615	3.5887
67.2388	0.953619	3.58873
67.4044	0.953624	3.58875
67.57	0.953629	3.58878
67.7356	0.953633	3.5888
67.9013	0.953638	3.58883
68.0669	0.953643	3.58885
68.2325	0.953648	3.58888
68.3981	0.953653	3.5889
68.5637	0.953657	3.58893
68.7293	0.953662	3.58895
68.8949	0.953667	3.58898
69.0605	0.953672	3.589
69.2262	0.953677	3.58903
69.3918	0.953682	3.58905
69.5574	0.953687	3.58908
69.723	0.953692	3.5891
69.8886	0.953697	3.58913
70.0542	0.953702	3.58916
70.2198	0.953708	3.58918
70.3854	0.953713	3.58921
70.5511	0.953718	3.58923
70.7167	0.953723	3.58926
70.8823	0.953728	3.58928
71.0479	0.953734	3.58931
71.2135	0.953739	3.58933
71.3791	0.953744	3.58936
71.5447	0.953749	3.58938
71.7103	0.953755	3.58941
71.876	0.95376	3.58943
72.0416	0.953765	3.58946
72.2072	0.953771	3.58948
72.3728	0.953776	3.5895
72.5384	0.953782	3.58953
72.704	0.953787	3.58955
72.8696	0.953793	3.58958
73.0353	0.953798	3.5896
73.2009	0.953804	3.58963
73.3665	0.953809	3.58965
73.5321	0.953815	3.58968
73.6977	0.95382	3.5897
73.8633	0.953826	3.58973
74.0289	0.953831	3.58975
74.1945	0.953837	3.58978
74.3602	0.953842	3.5898
74.5258	0.953848	3.58983
74.6914	0.953854	3.58985
74.857	0.953859	3.58988
75.0226	0.953865	3.5899
75.1882	0.953871	3.58993
75.3538	0.953876	3.58995
75.5194	0.953882	3.58998
75.6851	0.953888	3.59
75.8507	0.953893	3.59003
76.0163	0.953899	3.59005
76.1819	0.953905	3.59008
76.3475	0.953911	3.5901
76.5131	0.953916	3.59013
76.6787	0.953922	3.59015
76.8443	0.953928	3.59018
77.01	0.953934	3.5902
77.1756	0.95394	3.59023
77.3412	0.953945	3.59025
77.5068	0.953951	3.59028
77.6724	0.953957	3.5903
77.838	0.953963	3.59033
78.0036	0.953969	3.59035
78.1692	0.953975	3.59038
78.3349	0.95398	3.5904
78.5005	0.953986	3.59043
78.6661	0.953992	3.59045
78.8317	0.953998	3.59048
78.9973	0.954004	3.5905
79.1629	0.95401	3.59053
79.3285	0.954016	3.59055
79.4941	0.954022	3.59057
79.6598	0.954028	3.5906
79.8254	0.954034	3.59062
79.991	0.954039	3.59065
80.1583	0.954045	3.59067
80.3239	0.954051	3.5907
80.4895	0.954057	3.59072
80.6551	0.954063	3.59075
80.8207	0.954069	3.59077
80.9863	0.954075	3.5908
81.1519	0.954081	3.59082
81.3175	0.954087	3.59085
81.4832	0.954093	3.59087
81.6488	0.954099	3.5909
81.8144	0.954105	3.59092
81.98	0.954111	3.59095
82.1456	0.954117	3.59097
82.3112	0.954123	3.591
82.4768	0.954129	3.59102
82.6424	0.954135	3.59105
82.8081	0.954141	3.59107
82.9737	0.954147	3.5911
83.1393	0.954153	3.59112
83.3049	0.954159	3.59115
83.4705	0.954165	3.59117
83.6361	0.954171	3.59119
83.8017	0.954177	3.59122
83.9674	0.954183	3.59124
84.133	0.954189	3.59127
84.2986	0.954195	3.59129
84.4642	0.954201	3.59132
84.6298	0.954208	3.59134
84.7954	0.954214	3.59137
84.961	0.95422	3.59139
85.1266	0.954226	3.59142
85.2923	0.954232	3.59144
85.4579	0.954238	3.59147
85.6235	0.954244	3.59149
85.7891	0.95425	3.59152
85.9547	0.954256	3.59154
86.1203	0.954262	3.59157
86.2859	0.954268	3.59159
86.4515	0.954274	3.59162
86.6172	0.95428	3.59164
86.7828	0.954286	3.59166
86.9484	0.954293	3.59169
87.114	0.954299	3.59171
87.2796	0.954305	3.59174
87.4452	0.954311	3.59176
87.6108	0.954317	3.59179
87.7764	0.954323	3.59181
87.9421	0.954329	3.59184
88.1077	0.954335	3.59186
88.2733	0.954341	3.59189
88.4389	0.954347	3.59191
88.6045	0.954353	3.59194
88.7701	0.95436	3.59196
88.9357	0.954366	3.59199
89.1013	0.954372	3.59201
89.267	0.954378	3.59204
89.4326	0.954384	3.59206
89.5982	0.95439	3.59208
89.7638	0.954396	3.59211
89.9294	0.954402	3.59213
90.095	0.954408	3.59216
90.2606	0.954414	3.59218
90.4263	0.954421	3.59221
90.5919	0.954427	3.59223
90.7575	0.954433	3.59226
90.9231	0.954439	3.59228
91.0887	0.954445	3.59231
91.2543	0.954451	3.59233
91.4199	0.954457	3.59236
91.5855	0.954463	3.59238
91.7512	0.954469	3.59241
91.9168	0.954476	3.59243
92.0824	0.954482	3.59246
92.248	0.954488	3.59248
92.4136	0.954494	3.5925
92.5792	0.9545	3.59253
92.7448	0.954506	3.59255
92.9104	0.954512	3.59258
93.0761	0.954518	3.5926
93.2417	0.954524	3.59263
93.4073	0.954531	3.59265
93.5729	0.954537	3.59268
93.7385	0.954543	3.5927
93.9041	0.954549	3.59273
94.0697	0.954555	3.59275
94.2353	0.954561	3.59278
94.401	0.954567	3.5928
94.5666	0.954573	3.59283
94.7322	0.954579	3.59285
94.8978	0.954586	3.59287
95.0634	0.954592	3.5929
95.229	0.954598	3.59292
95.3946	0.954604	3.59295
95.5602	0.95461	3.59297
95.7259	0.954616	3.593
95.8915	0.954622	3.59302
96.0571	0.954628	3.59305
96.2227	0.954634	3.59307
96.3883	0.954641	3.5931
96.5539	0.954647	3.59312
96.7195	0.954653	3.59315
96.8852	0.954659	3.59317
97.0508	0.954665	3.5932
97.2164	0.954671	3.59322
97.382	0.954677	3.59324
97.5476	0.954683	3.59327
97.7132	0.954689	3.59329
97.8788	0.954696	3.59332
98.0444	0.954702	3.59334
98.2101	0.954708	3.59337
98.3757	0.954714	3.59339
98.5413	0.95472	3.59342
98.7069	0.954726	3.59344
98.8725	0.954732	3.59347
99.0381	0.954738	3.59349
99.2037	0.954744	3.59352
99.3693	0.95475	3.59354
99.535	0.954757	3.59357
99.7006	0.954763	3.59359
99.8662	0.954769	3.59361
100.032	0.954775	3.59364
100.197	0.954781	3.59366
100.363	0.954787	3.59369
100.529	0.954793	3.59371
100.694	0.954799	3.59374
100.86	0.954805	3.59376
101.025	0.954811	3.59379
101.191	0.954817	3.59381
101.357	0.954824	3.59384
101.522	0.95483	3.59386
101.688	0.954836	3.59389
101.854	0.954842	3.59391
102.019	0.954848	3.59393
102.185	0.954854	3.59396
102.35	0.95486	3.59398
102.516	0.954866	3.59401
102.682	0.954872	3.59403
102.847	0.954878	3.59406
103.013	0.954884	3.59408
103.178	0.95489	3.59411
103.344	0.954897	3.59413
103.51	0.954903	3.59416
103.675	0.954909	3.59418
103.841	0.954915	3.59421
104.007	0.954921	3.59423
104.172	0.954927	3.59425
104.338	0.954933	3.59428
104.503	0.954939	3.5943
104.669	0.954945	3.59433
104.835	0.954951	3.59435
105	0.954957	3.59438
105.166	0.954963	3.5944
105.331	0.954969	3.59443
105.497	0.954975	3.59445
105.663	0.954981	3.59448
105.828	0.954988	3.5945
105.994	0.954994	3.59453
106.159	0.955	3.59455
106.325	0.955006	3.59457
106.491	0.955012	3.5946
106.656	0.955018	3.59462
106.822	0.955024	3.59465
106.988	0.95503	3.59467
107.153	0.955036	3.5947
107.319	0.955042	3.59472
107.484	0.955048	3.59475
107.65	0.955054	3.59477
107.816	0.95506	3.5948
107.981	0.955066	3.59482
108.147	0.955072	3.59485
108.312	0.955078	3.59487
108.478	0.955084	3.59489
108.644	0.95509	3.59492
108.809	0.955096	3.59494
108.975	0.955102	3.59497
109.14	0.955109	3.59499
109.306	0.955115	3.59502
109.472	0.955121	3.59504
109.637	0.955127	3.59507
109.803	0.955133	3.59509
109.969	0.955139	3.59512
110.134	0.955145	3.59514
110.3	0.955151	3.59517
110.465	0.955157	3.59519
110.631	0.955163	3.59521
110.797	0.955169	3.59524
110.962	0.955175	3.59526
111.128	0.955181	3.59529
111.293	0.955187	3.59531
111.459	0.955193	3.59534
111.625	0.955199	3.59536
111.79	0.955205	3.59539
111.956	0.955211	3.59541
112.122	0.955217	3.59544
112.287	0.955223	3.59546
112.453	0.955229	3.59548
112.618	0.955235	3.59551
112.784	0.955241	3.59553
112.95	0.955247	3.59556
113.115	0.955253	3.59558
113.281	0.955259	3.59561
113.446	0.955265	3.59563
113.612	0.955271	3.59566
113.778	0.955277	3.59568
113.943	0.955283	3.59571
114.109	0.955289	3.59573
114.274	0.955295	3.59575
114.44	0.955301	3.59578
114.606	0.955307	3.5958
114.771	0.955313	3.59583
114.937	0.955319	3.59585
115.103	0.955325	3.59588
115.268	0.955331	3.5959
115.434	0.955337	3.59593
115.599	0.955343	3.59595
115.765	0.955349	3.59598
115.931	0.955355	3.596
116.096	0.955361	3.59602
116.262	0.955367	3.59605
116.427	0.955373	3.59607
116.593	0.955379	3.5961
116.759	0.955385	3.59612
116.924	0.955391	3.59615
117.09	0.955397	3.59617
117.256	0.955403	3.5962
117.421	0.955409	3.59622
117.587	0.955415	3.59625
117.752	0.955421	3.59627
117.918	0.955427	3.5963
118.084	0.955433	3.59632
118.249	0.955439	3.59634
118.415	0.955445	3.59637
118.58	0.955451	3.59639
118.746	0.955457	3.59642
118.912	0.955463	3.59644
119.077	0.955469	3.59647
119.243	0.955475	3.59649
119.408	0.955481	3.59652
119.574	0.955487	3.59654
119.74	0.955493	3.59657
119.905	0.955499	3.59659
120.071	0.955504	3.59661
120.237	0.95551	3.59664
120.402	0.955516	3.59666
120.568	0.955522	3.59669
120.733	0.955528	3.59671
120.899	0.955534	3.59674
121.065	0.95554	3.59676
121.23	0.955546	3.59679
121.396	0.955552	3.59681
121.561	0.955558	3.59683
121.727	0.955564	3.59686
121.893	0.95557	3.59688
122.058	0.955576	3.59691
122.224	0.955582	3.59693
122.39	0.955588	3.59696
122.555	0.955594	3.59698
122.721	0.9556	3.59701
122.886	0.955606	3.59703
123.052	0.955612	3.59706
123.218	0.955618	3.59708
123.383	0.955623	3.5971
123.549	0.955629	3.59713
123.714	0.955635	3.59715
123.88	0.955641	3.59718
124.046	0.955647	3.5972
124.211	0.955653	3.59723
124.377	0.955659	3.59725
124.542	0.955665	3.59728
124.708	0.955671	3.5973
124.874	0.955677	3.59733
125.039	0.955683	3.59735
125.205	0.955689	3.59737
125.371	0.955695	3.5974
125.536	0.955701	3.59742
125.702	0.955706	3.59745
125.867	0.955712	3.59747
126.033	0.955718	3.5975
126.199	0.955724	3.59752
126.364	0.95573	3.59755
126.53	0.955736	3.59757
126.695	0.955742	3.5976
126.861	0.955748	3.59762
127.027	0.955754	3.59764
127.192	0.95576	3.59767
127.358	0.955766	3.59769
127.524	0.955772	3.59772
127.689	0.955777	3.59774
127.855	0.955783	3.59777
128.02	0.955789	3.59779
128.186	0.955795	3.59782
128.352	0.955801	3.59784
128.517	0.955807	3.59786
128.683	0.955813	3.59789
128.848	0.955819	3.59791
129.014	0.955825	3.59794
129.18	0.955831	3.59796
129.345	0.955836	3.59799
129.511	0.955842	3.59801
129.676	0.955848	3.59804
129.842	0.955854	3.59806
130.008	0.95586	3.59809
130.173	0.955866	3.59811
130.339	0.955872	3.59813
130.505	0.955878	3.59816
130.67	0.955884	3.59818
130.836	0.955889	3.59821
131.001	0.955895	3.59823
131.167	0.955901	3.59826
131.333	0.955907	3.59828
131.498	0.955913	3.59831
131.664	0.955919	3.59833
131.829	0.955925	3.59835
131.995	0.955931	3.59838
132.161	0.955937	3.5984
132.326	0.955942	3.59843
132.492	0.955948	3.59845
132.658	0.955954	3.59848
132.823	0.95596	3.5985
132.989	0.955966	3.59853
133.154	0.955972	3.59855
133.32	0.955978	3.59857
133.486	0.955984	3.5986
133.651	0.955989	3.59862
133.817	0.955995	3.59865
133.982	0.956001	3.59867
134.148	0.956007	3.5987
134.314	0.956013	3.59872
134.479	0.956019	3.59875
134.645	0.956025	3.59877
134.81	0.95603	3.59879
134.976	0.956036	3.59882
135.142	0.956042	3.59884
135.307	0.956048	3.59887
135.473	0.956054	3.59889
135.639	0.95606	3.59892
135.804	0.956066	3.59894
135.97	0.956071	3.59897
136.135	0.956077	3.59899
136.301	0.956083	3.59902
136.467	0.956089	3.59904
136.632	0.956095	3.59906
136.798	0.956101	3.59909
136.963	0.956106	3.59911
137.129	0.956112	3.59914
137.295	0.956118	3.59916
137.46	0.956124	3.59919
137.626	0.95613	3.59921
137.792	0.956136	3.59924
137.957	0.956142	3.59926
138.123	0.956147	3.59928
138.288	0.956153	3.59931
138.454	0.956159	3.59933
138.62	0.956165	3.59936
138.785	0.956171	3.59938
138.951	0.956177	3.59941
139.116	0.956182	3.59943
139.282	0.956188	3.59946
139.448	0.956194	3.59948
139.613	0.9562	3.5995
139.779	0.956206	3.59953
139.944	0.956212	3.59955
140.11	0.956217	3.59958
140.276	0.956223	3.5996
140.441	0.956229	3.59963
140.607	0.956235	3.59965
140.773	0.956241	3.59968
140.938	0.956246	3.5997
141.104	0.956252	3.59972
141.269	0.956258	3.59975
141.435	0.956264	3.59977
141.601	0.95627	3.5998
141.766	0.956276	3.59982
141.932	0.956281	3.59985
142.097	0.956287	3.59987
142.263	0.956293	3.5999
142.429	0.956299	3.59992
142.594	0.956305	3.59994
142.76	0.95631	3.59997
142.926	0.956316	3.59999
143.091	0.956322	3.60002
143.257	0.956328	3.60004
143.422	0.956334	3.60007
143.588	0.956339	3.60009
143.754	0.956345	3.60012
143.919	0.956351	3.60014
144.085	0.956357	3.60016
144.25	0.956363	3.60019
144.416	0.956368	3.60021
144.582	0.956374	3.60024
144.747	0.95638	3.60026
144.913	0.956386	3.60029
145.078	0.956392	3.60031
145.244	0.956397	3.60033
145.41	0.956403	3.60036
145.575	0.956409	3.60038
145.741	0.956415	3.60041
145.907	0.956421	3.60043
146.072	0.956426	3.60046
146.238	0.956432	3.60048
146.403	0.956438	3.60051
146.569	0.956444	3.60053
146.735	0.95645	3.60055
146.9	0.956455	3.60058
147.066	0.956461	3.6006
147.231	0.956467	3.60063
147.397	0.956473	3.60065
147.563	0.956478	3.60068
147.728	0.956484	3.6007
147.894	0.95649	3.60073
148.06	0.956496	3.60075
148.225	0.956502	3.60077
148.391	0.956507	3.6008
148.556	0.956513	3.60082
148.722	0.956519	3.60085
148.888	0.956525	3.60087
149.053	0.95653	3.6009
149.217	0.956536	3.60092
149.383	0.956542	3.60095
149.548	0.956548	3.60097
149.714	0.956553	3.60099
149.88	0.956559	3.60102
150.045	0.956565	3.60104
150.211	0.956571	3.60107
150.376	0.956576	3.60109
150.542	0.956582	3.60112
150.708	0.956588	3.60114
150.873	0.956594	3.60116
151.039	0.956599	3.60119
151.204	0.956605	3.60121
151.37	0.956611	3.60124
151.536	0.956617	3.60126
151.701	0.956623	3.60129
151.867	0.956628	3.60131
152.033	0.956634	3.60134
152.198	0.95664	3.60136
152.364	0.956646	3.60138
152.529	0.956651	3.60141
152.695	0.956657	3.60143
152.861	0.956663	3.60146
153.026	0.956669	3.60148
153.192	0.956674	3.60151
153.357	0.95668	3.60153
153.523	0.956686	3.60155
153.689	0.956691	3.60158
153.854	0.956697	3.6016
154.02	0.956703	3.60163
154.186	0.956709	3.60165
154.351	0.956714	3.60168
154.517	0.95672	3.6017
154.682	0.956726	3.60173
154.848	0.956732	3.60175
155.014	0.956737	3.60177
155.179	0.956743	3.6018
155.345	0.956749	3.60182
155.51	0.956755	3.60185
155.676	0.95676	3.60187
155.842	0.956766	3.6019
156.007	0.956772	3.60192
156.173	0.956777	3.60194
156.338	0.956783	3.60197
156.504	0.956789	3.60199
156.67	0.956795	3.60202
156.835	0.9568	3.60204
157.001	0.956806	3.60207
157.167	0.956812	3.60209
157.332	0.956818	3.60212
157.498	0.956823	3.60214
157.663	0.956829	3.60216
157.829	0.956835	3.60219
157.995	0.95684	3.60221
158.16	0.956846	3.60224
158.326	0.956852	3.60226
158.491	0.956858	3.60229
158.657	0.956863	3.60231
158.823	0.956869	3.60233
158.988	0.956875	3.60236
159.154	0.95688	3.60238
159.32	0.956886	3.60241
159.485	0.956892	3.60243
159.651	0.956898	3.60246
159.816	0.956903	3.60248
159.982	0.956909	3.60251
160.148	0.956915	3.60253
160.313	0.95692	3.60255
160.479	0.956926	3.60258
160.644	0.956932	3.6026
160.81	0.956937	3.60263
160.976	0.956943	3.60265
161.141	0.956949	3.60268
161.307	0.956955	3.6027
161.472	0.95696	3.60272
161.638	0.956966	3.60275
161.804	0.956972	3.60277
161.969	0.956977	3.6028
162.135	0.956983	3.60282
162.301	0.956989	3.60285
162.466	0.956994	3.60287
162.632	0.957	3.60289
162.797	0.957006	3.60292
162.963	0.957011	3.60294
163.129	0.957017	3.60297
163.294	0.957023	3.60299
163.46	0.957029	3.60302
163.625	0.957034	3.60304
163.791	0.95704	3.60307
163.957	0.957046	3.60309
164.122	0.957051	3.60311
164.288	0.957057	3.60314
164.454	0.957063	3.60316
164.619	0.957068	3.60319
164.785	0.957074	3.60321
164.95	0.95708	3.60324
165.116	0.957085	3.60326
165.282	0.957091	3.60328
165.447	0.957097	3.60331
165.613	0.957102	3.60333
165.778	0.957108	3.60336
165.944	0.957114	3.60338
166.11	0.957119	3.60341
166.275	0.957125	3.60343
166.441	0.957131	3.60345
166.606	0.957136	3.60348
166.772	0.957142	3.6035
166.938	0.957148	3.60353
167.103	0.957153	3.60355
167.269	0.957159	3.60358
167.435	0.957165	3.6036
167.6	0.95717	3.60362
167.766	0.957176	3.60365
167.931	0.957182	3.60367
168.097	0.957187	3.6037
168.263	0.957193	3.60372
168.428	0.957199	3.60375
168.594	0.957204	3.60377
168.759	0.95721	3.6038
168.925	0.957216	3.60382
169.091	0.957221	3.60384
169.256	0.957227	3.60387
169.422	0.957233	3.60389
169.588	0.957238	3.60392
169.753	0.957244	3.60394
169.919	0.95725	3.60397
170.084	0.957255	3.60399
170.25	0.957261	3.60401
170.416	0.957267	3.60404
170.581	0.957272	3.60406
170.747	0.957278	3.60409
170.912	0.957283	3.60411
171.078	0.957289	3.60414
171.244	0.957295	3.60416
171.409	0.9573	3.60418
171.575	0.957306	3.60421
171.74	0.957312	3.60423
171.906	0.957317	3.60426
172.072	0.957323	3.60428
172.237	0.957329	3.60431
172.403	0.957334	3.60433
172.569	0.95734	3.60435
172.734	0.957345	3.60438
172.9	0.957351	3.6044
173.065	0.957357	3.60443
173.231	0.957362	3.60445
173.397	0.957368	3.60448
173.562	0.957374	3.6045
173.728	0.957379	3.60452
173.893	0.957385	3.60455
174.059	0.957391	3.60457
174.225	0.957396	3.6046
174.39	0.957402	3.60462
174.556	0.957407	3.60465
174.722	0.957413	3.60467
174.887	0.957419	3.60469
175.053	0.957424	3.60472
175.218	0.95743	3.60474
175.384	0.957435	3.60477
175.55	0.957441	3.60479
175.715	0.957447	3.60482
175.881	0.957452	3.60484
176.046	0.957458	3.60486
176.212	0.957464	3.60489
176.378	0.957469	3.60491
176.543	0.957475	3.60494
176.709	0.95748	3.60496
176.874	0.957486	3.60499
177.04	0.957492	3.60501
177.206	0.957497	3.60503
177.371	0.957503	3.60506
177.537	0.957508	3.60508
177.703	0.957514	3.60511
177.868	0.95752	3.60513
178.034	0.957525	3.60516
178.199	0.957531	3.60518
178.365	0.957537	3.6052
178.531	0.957542	3.60523
178.696	0.957548	3.60525
178.862	0.957553	3.60528
179.027	0.957559	3.6053
179.193	0.957565	3.60533
179.359	0.95757	3.60535
179.524	0.957576	3.60537
179.69	0.957581	3.6054
179.856	0.957587	3.60542
180.021	0.957593	3.60545
180.187	0.957598	3.60547
180.352	0.957604	3.6055
180.518	0.957609	3.60552
180.684	0.957615	3.60554
180.849	0.95762	3.60557
181.015	0.957626	3.60559
181.18	0.957632	3.60562
181.346	0.957637	3.60564
181.512	0.957643	3.60567
181.677	0.957648	3.60569
181.843	0.957654	3.60571
182.008	0.95766	3.60574
182.174	0.957665	3.60576
182.34	0.957671	3.60579
182.505	0.957676	3.60581
182.671	0.957682	3.60583
182.837	0.957687	3.60586
183.002	0.957693	3.60588
183.168	0.957699	3.60591
183.333	0.957704	3.60593
183.499	0.95771	3.60596
183.665	0.957715	3.60598
183.83	0.957721	3.606
183.996	0.957727	3.60603
184.161	0.957732	3.60605
184.327	0.957738	3.60608
184.493	0.957743	3.6061
184.658	0.957749	3.60613
184.824	0.957754	3.60615
184.99	0.95776	3.60617
185.155	0.957766	3.6062
185.321	0.957771	3.60622
185.486	0.957777	3.60625
185.652	0.957782	3.60627
185.818	0.957788	3.6063
185.983	0.957793	3.60632
186.149	0.957799	3.60634
186.314	0.957804	3.60637
186.48	0.95781	3.60639
186.646	0.957816	3.60642
186.811	0.957821	3.60644
186.977	0.957827	3.60647
187.142	0.957832	3.60649
187.308	0.957838	3.60651
187.474	0.957843	3.60654
187.639	0.957849	3.60656
187.805	0.957855	3.60659
187.971	0.95786	3.60661
188.136	0.957866	3.60663
188.302	0.957871	3.60666
188.467	0.957877	3.60668
188.633	0.957882	3.60671
188.799	0.957888	3.60673
188.964	0.957893	3.60676
189.13	0.957899	3.60678
189.295	0.957904	3.6068
189.461	0.95791	3.60683
189.627	0.957916	3.60685
189.792	0.957921	3.60688
189.958	0.957927	3.6069
190.124	0.957932	3.60693
190.289	0.957938	3.60695
190.455	0.957943	3.60697
190.62	0.957949	3.607
190.786	0.957954	3.60702
190.952	0.95796	3.60705
191.117	0.957965	3.60707
191.283	0.957971	3.6071
191.448	0.957977	3.60712
191.614	0.957982	3.60714
191.78	0.957988	3.60717
191.945	0.957993	3.60719
192.111	0.957999	3.60722
192.276	0.958004	3.60724
192.442	0.95801	3.60726
192.608	0.958015	3.60729
192.773	0.958021	3.60731
192.939	0.958026	3.60734
193.105	0.958032	3.60736
193.27	0.958037	3.60739
193.436	0.958043	3.60741
193.601	0.958048	3.60743
193.767	0.958054	3.60746
193.933	0.958059	3.60748
194.098	0.958065	3.60751
194.264	0.958071	3.60753
194.429	0.958076	3.60756
194.595	0.958082	3.60758
194.761	0.958087	3.6076
194.926	0.958093	3.60763
195.092	0.958098	3.60765
195.258	0.958104	3.60768
195.423	0.958109	3.6077
195.589	0.958115	3.60772
195.754	0.95812	3.60775
195.92	0.958126	3.60777
196.086	0.958131	3.6078
196.251	0.958137	3.60782
196.417	0.958142	3.60785
196.582	0.958148	3.60787
196.748	0.958153	3.60789
196.914	0.958159	3.60792
197.079	0.958164	3.60794
197.245	0.95817	3.60797
197.41	0.958175	3.60799
197.576	0.958181	3.60801
197.742	0.958186	3.60804
197.907	0.958192	3.60806
198.073	0.958197	3.60809
198.239	0.958203	3.60811
198.404	0.958208	3.60814
198.57	0.958214	3.60816
198.735	0.958219	3.60818
198.901	0.958225	3.60821
199.067	0.95823	3.60823
199.232	0.958236	3.60826
199.398	0.958241	3.60828
199.563	0.958247	3.60831
199.729	0.958252	3.60833
199.895	0.958258	3.60835
200.06	0.958263	3.60838
200.226	0.958269	3.6084
200.392	0.958274	3.60843
200.557	0.95828	3.60845
200.723	0.958285	3.60847
200.888	0.958291	3.6085
201.054	0.958296	3.60852
201.22	0.958302	3.60855
201.385	0.958307	3.60857
201.551	0.958313	3.6086
201.716	0.958318	3.60862
201.882	0.958324	3.60864
202.048	0.958329	3.60867
202.213	0.958335	3.60869
202.379	0.95834	3.60872
202.544	0.958346	3.60874
202.71	0.958351	3.60876
202.876	0.958357	3.60879
203.041	0.958362	3.60881
203.207	0.958368	3.60884
203.373	0.958373	3.60886
203.538	0.958379	3.60889
203.704	0.958384	3.60891
203.869	0.958389	3.60893
204.035	0.958395	3.60896
204.201	0.9584	3.60898
204.366	0.958406	3.60901
204.532	0.958411	3.60903
204.697	0.958417	3.60905
204.863	0.958422	3.60908
205.029	0.958428	3.6091
205.194	0.958433	3.60913
205.36	0.958439	3.60915
205.526	0.958444	3.60918
205.691	0.95845	3.6092
205.857	0.958455	3.60922
206.022	0.958461	3.60925
206.188	0.958466	3.60927
206.354	0.958472	3.6093
206.519	0.958477	3.60932
206.685	0.958482	3.60934
206.85	0.958488	3.60937
207.016	0.958493	3.60939
207.182	0.958499	3.60942
207.347	0.958504	3.60944
207.513	0.95851	3.60946
207.678	0.958515	3.60949
207.844	0.958521	3.60951
208.01	0.958526	3.60954
208.175	0.958532	3.60956
208.341	0.958537	3.60959
208.507	0.958542	3.60961
208.672	0.958548	3.60963
208.838	0.958553	3.60966
209.003	0.958559	3.60968
209.169	0.958564	3.60971
209.335	0.95857	3.60973
209.5	0.958575	3.60975
209.666	0.958581	3.60978
209.831	0.958586	3.6098
209.997	0.958592	3.60983
210.163	0.958597	3.60985
210.328	0.958602	3.60988
210.494	0.958608	3.6099
210.659	0.958613	3.60992
210.825	0.958619	3.60995
210.991	0.958624	3.60997
211.156	0.95863	3.61
211.322	0.958635	3.61002
211.488	0.958641	3.61004
211.653	0.958646	3.61007
211.819	0.958651	3.61009
211.984	0.958657	3.61012
212.15	0.958662	3.61014
212.316	0.958668	3.61016
212.481	0.958673	3.61019
212.647	0.958679	3.61021
212.812	0.958684	3.61024
212.978	0.958689	3.61026
213.144	0.958695	3.61029
213.309	0.9587	3.61031
213.475	0.958706	3.61033
213.641	0.958711	3.61036
213.806	0.958717	3.61038
213.972	0.958722	3.61041
214.137	0.958727	3.61043
214.303	0.958733	3.61045
214.469	0.958738	3.61048
214.634	0.958744	3.6105
214.8	0.958749	3.61053
214.965	0.958755	3.61055
215.131	0.95876	3.61057
215.297	0.958765	3.6106
215.462	0.958771	3.61062
215.628	0.958776	3.61065
215.793	0.958782	3.61067
215.959	0.958787	3.6107
216.125	0.958792	3.61072
216.29	0.958798	3.61074
216.456	0.958803	3.61077
216.622	0.958809	3.61079
216.787	0.958814	3.61082
216.953	0.95882	3.61084
217.118	0.958825	3.61086
217.284	0.95883	3.61089
217.45	0.958836	3.61091
217.615	0.958841	3.61094
217.781	0.958847	3.61096
217.946	0.958852	3.61098
218.112	0.958857	3.61101
218.278	0.958863	3.61103
218.443	0.958868	3.61106
218.609	0.958874	3.61108
218.775	0.958879	3.61111
218.94	0.958884	3.61113
219.106	0.95889	3.61115
219.271	0.958895	3.61118
219.437	0.958901	3.6112
219.603	0.958906	3.61123
219.768	0.958911	3.61125
219.934	0.958917	3.61127
220.099	0.958922	3.6113
220.265	0.958928	3.61132
220.431	0.958933	3.61135
220.596	0.958938	3.61137
220.762	0.958944	3.61139
220.927	0.958949	3.61142
221.093	0.958955	3.61144
221.259	0.95896	3.61147
221.424	0.958965	3.61149
221.59	0.958971	3.61151
221.756	0.958976	3.61154
221.921	0.958982	3.61156
222.087	0.958987	3.61159
222.252	0.958992	3.61161
222.418	0.958998	3.61164
222.584	0.959003	3.61166
222.749	0.959009	3.61168
222.915	0.959014	3.61171
223.08	0.959019	3.61173
223.246	0.959025	3.61176
223.412	0.95903	3.61178
223.577	0.959035	3.6118
223.743	0.959041	3.61183
223.909	0.959046	3.61185
224.074	0.959052	3.61188
224.24	0.959057	3.6119
224.405	0.959062	3.61192
224.571	0.959068	3.61195
224.737	0.959073	3.61197
224.902	0.959079	3.612
225.068	0.959084	3.61202
225.233	0.959089	3.61204
225.399	0.959095	3.61207
225.565	0.9591	3.61209
225.73	0.959105	3.61212
225.896	0.959111	3.61214
226.061	0.959116	3.61216
226.227	0.959122	3.61219
226.393	0.959127	3.61221
226.558	0.959132	3.61224
226.724	0.959138	3.61226
226.89	0.959143	3.61229
227.055	0.959148	3.61231
227.221	0.959154	3.61233
227.386	0.959159	3.61236
227.552	0.959164	3.61238
227.718	0.95917	3.61241
227.883	0.959175	3.61243
228.049	0.959181	3.61245
228.214	0.959186	3.61248
228.38	0.959191	3.6125
228.546	0.959197	3.61253
228.711	0.959202	3.61255
228.877	0.959207	3.61257
229.043	0.959213	3.6126
229.208	0.959218	3.61262
229.374	0.959223	3.61265
229.539	0.959229	3.61267
229.705	0.959234	3.61269
229.871	0.959239	3.61272
230.036	0.959245	3.61274
230.202	0.95925	3.61277
230.367	0.959256	3.61279
230.533	0.959261	3.61281
230.699	0.959266	3.61284
230.864	0.959272	3.61286
231.03	0.959277	3.61289
231.195	0.959282	3.61291
231.361	0.959288	3.61293
231.527	0.959293	3.61296
231.692	0.959298	3.61298
231.858	0.959304	3.61301
232.024	0.959309	3.61303
232.189	0.959314	3.61305
232.355	0.95932	3.61308
232.52	0.959325	3.6131
232.686	0.95933	3.61313
232.852	0.959336	3.61315
233.017	0.959341	3.61317
233.183	0.959346	3.6132
233.348	0.959352	3.61322
233.514	0.959357	3.61325
233.68	0.959362	3.61327
233.845	0.959368	3.6133
234.011	0.959373	3.61332
234.177	0.959378	3.61334
234.342	0.959384	3.61337
234.508	0.959389	3.61339
234.673	0.959394	3.61342
234.839	0.9594	3.61344
235.005	0.959405	3.61346
235.17	0.95941	3.61349
235.336	0.959416	3.61351
235.501	0.959421	3.61354
235.667	0.959426	3.61356
235.833	0.959432	3.61358
235.998	0.959437	3.61361
236.164	0.959442	3.61363
236.329	0.959448	3.61366
236.495	0.959453	3.61368
236.661	0.959458	3.6137
236.826	0.959464	3.61373
236.992	0.959469	3.61375
237.158	0.959474	3.61378
237.323	0.95948	3.6138
237.489	0.959485	3.61382
237.654	0.95949	3.61385
237.82	0.959496	3.61387
237.986	0.959501	3.6139
238.151	0.959506	3.61392
238.317	0.959512	3.61394
238.482	0.959517	3.61397
238.648	0.959522	3.61399
238.814	0.959528	3.61402
238.979	0.959533	3.61404
239.145	0.959538	3.61406
239.311	0.959543	3.61409
239.476	0.959549	3.61411
239.642	0.959554	3.61414
239.807	0.959559	3.61416
239.973	0.959565	3.61418
240.139	0.95957	3.61421
240.304	0.959575	3.61423
240.47	0.959581	3.61426
240.635	0.959586	3.61428
240.801	0.959591	3.6143
240.967	0.959597	3.61433
241.132	0.959602	3.61435
241.298	0.959607	3.61438
241.463	0.959612	3.6144
241.629	0.959618	3.61442
241.795	0.959623	3.61445
241.96	0.959628	3.61447
242.126	0.959634	3.6145
242.292	0.959639	3.61452
242.457	0.959644	3.61454
242.623	0.95965	3.61457
242.788	0.959655	3.61459
242.954	0.95966	3.61462
243.12	0.959665	3.61464
243.285	0.959671	3.61466
243.451	0.959676	3.61469
243.616	0.959681	3.61471
243.782	0.959687	3.61474
243.948	0.959692	3.61476
244.113	0.959697	3.61478
244.279	0.959702	3.61481
244.445	0.959708	3.61483
244.61	0.959713	3.61486
244.776	0.959718	3.61488
244.941	0.959724	3.6149
245.107	0.959729	3.61493
245.273	0.959734	3.61495
245.438	0.959739	3.61498
245.604	0.959745	3.615
245.769	0.95975	3.61502
245.935	0.959755	3.61505
246.101	0.959761	3.61507
246.266	0.959766	3.6151
246.432	0.959771	3.61512
246.597	0.959776	3.61514
246.763	0.959782	3.61517
246.929	0.959787	3.61519
247.094	0.959792	3.61522
247.26	0.959798	3.61524
247.426	0.959803	3.61526
247.591	0.959808	3.61529
247.757	0.959813	3.61531
247.922	0.959819	3.61534
248.088	0.959824	3.61536
248.254	0.959829	3.61538
248.419	0.959834	3.61541
248.585	0.95984	3.61543
248.75	0.959845	3.61546
248.916	0.95985	3.61548
249.082	0.959856	3.6155
249.247	0.959861	3.61553
249.413	0.959866	3.61555
249.579	0.959871	3.61558
249.744	0.959877	3.6156
249.91	0.959882	3.61562
250.075	0.959887	3.61565
250.241	0.959892	3.61567
250.407	0.959898	3.61569
250.572	0.959903	3.61572
250.738	0.959908	3.61574
250.903	0.959913	3.61577
251.069	0.959919	3.61579
251.235	0.959924	3.61581
251.4	0.959929	3.61584
251.566	0.959934	3.61586
251.731	0.95994	3.61589
251.897	0.959945	3.61591
252.063	0.95995	3.61593
252.228	0.959956	3.61596
252.394	0.959961	3.61598
252.56	0.959966	3.61601
252.725	0.959971	3.61603
252.891	0.959977	3.61605
253.056	0.959982	3.61608
253.222	0.959987	3.6161
253.388	0.959992	3.61613
253.553	0.959998	3.61615
253.719	0.960003	3.61617
253.884	0.960008	3.6162
254.05	0.960013	3.61622
254.216	0.960019	3.61625
254.381	0.960024	3.61627
254.547	0.960029	3.61629
254.713	0.960034	3.61632
254.878	0.96004	3.61634
255.044	0.960045	3.61637
255.209	0.96005	3.61639
255.375	0.960055	3.61641
255.541	0.96006	3.61644
255.706	0.960066	3.61646
255.872	0.960071	3.61649
256.037	0.960076	3.61651
256.203	0.960081	3.61653
256.369	0.960087	3.61656
256.534	0.960092	3.61658
256.7	0.960097	3.61661
256.865	0.960102	3.61663
257.031	0.960108	3.61665
257.197	0.960113	3.61668
257.362	0.960118	3.6167
257.528	0.960123	3.61672
257.694	0.960129	3.61675
257.859	0.960134	3.61677
258.025	0.960139	3.6168
258.19	0.960144	3.61682
258.356	0.960149	3.61684
258.522	0.960155	3.61687
258.687	0.96016	3.61689
258.853	0.960165	3.61692
259.018	0.96017	3.61694
259.184	0.960176	3.61696
259.35	0.960181	3.61699
259.515	0.960186	3.61701
259.681	0.960191	3.61704
259.847	0.960196	3.61706
260.012	0.960202	3.61708
260.178	0.960207	3.61711
260.343	0.960212	3.61713
260.509	0.960217	3.61716
260.675	0.960223	3.61718
260.84	0.960228	3.6172
261.006	0.960233	3.61723
261.171	0.960238	3.61725
261.337	0.960243	3.61728
261.503	0.960249	3.6173
261.668	0.960254	3.61732
261.834	0.960259	3.61735
261.999	0.960264	3.61737
262.165	0.96027	3.61739
262.331	0.960275	3.61742
262.496	0.96028	3.61744
262.662	0.960285	3.61747
262.828	0.96029	3.61749
262.993	0.960296	3.61751
263.159	0.960301	3.61754
263.324	0.960306	3.61756
263.49	0.960311	3.61759
263.656	0.960316	3.61761
263.821	0.960322	3.61763
263.987	0.960327	3.61766
264.152	0.960332	3.61768
264.318	0.960337	3.61771
264.484	0.960342	3.61773
264.649	0.960348	3.61775
264.815	0.960353	3.61778
264.98	0.960358	3.6178
265.146	0.960363	3.61783
265.312	0.960368	3.61785
265.477	0.960374	3.61787
265.643	0.960379	3.6179
265.809	0.960384	3.61792
265.974	0.960389	3.61794
266.14	0.960394	3.61797
266.305	0.9604	3.61799
266.471	0.960405	3.61802
266.637	0.96041	3.61804
266.802	0.960415	3.61806
266.968	0.96042	3.61809
267.133	0.960426	3.61811
267.299	0.960431	3.61814
267.465	0.960436	3.61816
267.63	0.960441	3.61818
267.796	0.960446	3.61821
267.962	0.960452	3.61823
268.127	0.960457	3.61826
268.293	0.960462	3.61828
268.458	0.960467	3.6183
268.624	0.960472	3.61833
268.79	0.960477	3.61835
268.955	0.960483	3.61837
269.121	0.960488	3.6184
269.286	0.960493	3.61842
269.452	0.960498	3.61845
269.618	0.960503	3.61847
269.783	0.960509	3.61849
269.949	0.960514	3.61852
270.114	0.960519	3.61854
270.28	0.960524	3.61857
270.446	0.960529	3.61859
270.611	0.960534	3.61861
270.777	0.96054	3.61864
270.943	0.960545	3.61866
271.108	0.96055	3.61869
271.274	0.960555	3.61871
271.439	0.96056	3.61873
271.605	0.960565	3.61876
271.771	0.960571	3.61878
271.936	0.960576	3.6188
272.102	0.960581	3.61883
272.267	0.960586	3.61885
272.433	0.960591	3.61888
272.599	0.960596	3.6189
272.764	0.960602	3.61892
272.93	0.960607	3.61895
273.096	0.960612	3.61897
273.261	0.960617	3.619
273.427	0.960622	3.61902
273.592	0.960627	3.61904
273.758	0.960633	3.61907
273.924	0.960638	3.61909
274.089	0.960643	3.61911
274.255	0.960648	3.61914
274.42	0.960653	3.61916
274.586	0.960658	3.61919
274.752	0.960664	3.61921
274.917	0.960669	3.61923
275.083	0.960674	3.61926
275.248	0.960679	3.61928
275.414	0.960684	3.61931
275.58	0.960689	3.61933
275.745	0.960695	3.61935
275.911	0.9607	3.61938
276.077	0.960705	3.6194
276.242	0.96071	3.61943
276.408	0.960715	3.61945
276.573	0.96072	3.61947
276.739	0.960725	3.6195
276.905	0.960731	3.61952
277.07	0.960736	3.61954
277.236	0.960741	3.61957
277.401	0.960746	3.61959
277.567	0.960751	3.61962
277.733	0.960756	3.61964
277.898	0.960761	3.61966
278.064	0.960767	3.61969
278.23	0.960772	3.61971
278.395	0.960777	3.61974
278.561	0.960782	3.61976
278.726	0.960787	3.61978
278.892	0.960792	3.61981
279.058	0.960797	3.61983
279.223	0.960803	3.61985
279.389	0.960808	3.61988
279.554	0.960813	3.6199
279.72	0.960818	3.61993
279.886	0.960823	3.61995
280.051	0.960828	3.61997
280.217	0.960833	3.62
280.382	0.960839	3.62002
280.548	0.960844	3.62005
280.714	0.960849	3.62007
280.879	0.960854	3.62009
281.045	0.960859	3.62012
281.211	0.960864	3.62014
281.376	0.960869	3.62016
281.542	0.960875	3.62019
281.707	0.96088	3.62021
281.873	0.960885	3.62024
282.039	0.96089	3.62026
282.204	0.960895	3.62028
282.37	0.9609	3.62031
282.535	0.960905	3.62033
282.701	0.96091	3.62036
282.867	0.960916	3.62038
283.032	0.960921	3.6204
283.198	0.960926	3.62043
283.364	0.960931	3.62045
283.529	0.960936	3.62047
283.695	0.960941	3.6205
283.86	0.960946	3.62052
284.026	0.960951	3.62055
284.192	0.960957	3.62057
284.357	0.960962	3.62059
284.523	0.960967	3.62062
284.688	0.960972	3.62064
284.854	0.960977	3.62067
285.02	0.960982	3.62069
285.185	0.960987	3.62071
285.351	0.960992	3.62074
285.516	0.960997	3.62076
285.682	0.961003	3.62078
285.848	0.961008	3.62081
286.013	0.961013	3.62083
286.179	0.961018	3.62086
286.345	0.961023	3.62088
286.51	0.961028	3.6209
286.676	0.961033	3.62093
286.841	0.961038	3.62095
287.007	0.961043	3.62097
287.173	0.961049	3.621
287.338	0.961054	3.62102
287.504	0.961059	3.62105
287.669	0.961064	3.62107
287.835	0.961069	3.62109
288.001	0.961074	3.62112
288.166	0.961079	3.62114
288.332	0.961084	3.62117
288.498	0.961089	3.62119
288.663	0.961094	3.62121
288.829	0.9611	3.62124
288.994	0.961105	3.62126
289.16	0.96111	3.62128
289.326	0.961115	3.62131
289.491	0.96112	3.62133
289.657	0.961125	3.62136
289.822	0.96113	3.62138
289.988	0.961135	3.6214
290.154	0.96114	3.62143
290.319	0.961145	3.62145
290.485	0.961151	3.62147
290.65	0.961156	3.6215
290.816	0.961161	3.62152
290.982	0.961166	3.62155
291.147	0.961171	3.62157
291.313	0.961176	3.62159
291.479	0.961181	3.62162
291.644	0.961186	3.62164
291.81	0.961191	3.62167
291.975	0.961196	3.62169
292.141	0.961201	3.62171
292.307	0.961207	3.62174
292.472	0.961212	3.62176
292.638	0.961217	3.62178
292.803	0.961222	3.62181
292.969	0.961227	3.62183
293.135	0.961232	3.62186
293.3	0.961237	3.62188
293.466	0.961242	3.6219
293.632	0.961247	3.62193
293.797	0.961252	3.62195
293.963	0.961257	3.62197
294.128	0.961262	3.622
294.294	0.961268	3.62202
294.46	0.961273	3.62205
294.625	0.961278	3.62207
294.791	0.961283	3.62209
294.956	0.961288	3.62212
295.122	0.961293	3.62214
295.288	0.961298	3.62216
295.453	0.961303	3.62219
295.619	0.961308	3.62221
295.784	0.961313	3.62224
295.95	0.961318	3.62226
296.116	0.961323	3.62228
296.281	0.961328	3.62231
296.447	0.961333	3.62233
296.613	0.961339	3.62235
296.778	0.961344	3.62238
296.944	0.961349	3.6224
297.109	0.961354	3.62243
297.275	0.961359	3.62245
297.441	0.961364	3.62247
297.606	0.961369	3.6225
297.772	0.961374	3.62252
297.937	0.961379	3.62255
298.103	0.961384	3.62257
298.269	0.961389	3.62259
298.434	0.961394	3.62262
298.6	0.961399	3.62264
298.766	0.961404	3.62266
298.931	0.961409	3.62269
299.097	0.961415	3.62271
299.262	0.96142	3.62274
299.428	0.961425	3.62276
299.594	0.96143	3.62278
299.759	0.961435	3.62281
299.925	0.96144	3.62283
300.09	0.961445	3.62285
300.256	0.96145	3.62288
300.422	0.961455	3.6229
300.587	0.96146	3.62293
300.753	0.961465	3.62295
300.918	0.96147	3.62297
301.084	0.961475	3.623
301.25	0.96148	3.62302
301.415	0.961485	3.62304
301.581	0.96149	3.62307
301.747	0.961495	3.62309
301.912	0.9615	3.62312
302.078	0.961505	3.62314
302.243	0.961511	3.62316
302.409	0.961516	3.62319
302.575	0.961521	3.62321
302.74	0.961526	3.62323
302.906	0.961531	3.62326
303.071	0.961536	3.62328
303.237	0.961541	3.62331
303.403	0.961546	3.62333
303.568	0.961551	3.62335
303.734	0.961556	3.62338
303.9	0.961561	3.6234
304.065	0.961566	3.62342
304.231	0.961571	3.62345
304.396	0.961576	3.62347
304.562	0.961581	3.6235
304.728	0.961586	3.62352
304.893	0.961591	3.62354
305.059	0.961596	3.62357
305.224	0.961601	3.62359
305.39	0.961606	3.62361
305.556	0.961611	3.62364
305.721	0.961616	3.62366
305.887	0.961621	3.62369
306.052	0.961626	3.62371
306.218	0.961631	3.62373
306.384	0.961636	3.62376
306.549	0.961641	3.62378
306.715	0.961646	3.6238
306.881	0.961652	3.62383
307.046	0.961657	3.62385
307.212	0.961662	3.62388
307.377	0.961667	3.6239
307.543	0.961672	3.62392
307.709	0.961677	3.62395
307.874	0.961682	3.62397
308.04	0.961687	3.62399
308.205	0.961692	3.62402
308.371	0.961697	3.62404
308.537	0.961702	3.62407
308.702	0.961707	3.62409
308.868	0.961712	3.62411
309.034	0.961717	3.62414
309.199	0.961722	3.62416
309.365	0.961727	3.62418
309.53	0.961732	3.62421
309.696	0.961737	3.62423
309.862	0.961742	3.62426
310.027	0.961747	3.62428
310.193	0.961752	3.6243
310.358	0.961757	3.62433
310.524	0.961762	3.62435
310.69	0.961767	3.62437
310.855	0.961772	3.6244
311.021	0.961777	3.62442
311.186	0.961782	3.62444
311.352	0.961787	3.62447
311.518	0.961792	3.62449
311.683	0.961797	3.62452
311.849	0.961802	3.62454
312.015	0.961807	3.62456
312.18	0.961812	3.62459
312.346	0.961817	3.62461
312.511	0.961822	3.62463
312.677	0.961827	3.62466
312.844	0.961832	3.62468
313.01	0.961837	3.62471
313.175	0.961842	3.62473
313.341	0.961847	3.62475
313.507	0.961852	3.62478
313.672	0.961857	3.6248
313.838	0.961862	3.62482
314.004	0.961867	3.62485
314.169	0.961872	3.62487
314.335	0.961877	3.6249
314.5	0.961882	3.62492
314.666	0.961887	3.62494
314.832	0.961892	3.62497
314.997	0.961897	3.62499
315.163	0.961902	3.62501
315.328	0.961907	3.62504
315.494	0.961912	3.62506
315.66	0.961917	3.62509
315.825	0.961922	3.62511
315.991	0.961927	3.62513
316.157	0.961932	3.62516
316.322	0.961937	3.62518
316.488	0.961942	3.6252
316.653	0.961947	3.62523
316.819	0.961952	3.62525
316.985	0.961957	3.62527
317.15	0.961962	3.6253
317.316	0.961967	3.62532
317.481	0.961972	3.62535
317.647	0.961977	3.62537
317.813	0.961982	3.62539
317.978	0.961987	3.62542
318.144	0.961992	3.62544
318.309	0.961997	3.62546
318.475	0.962002	3.62549
318.641	0.962007	3.62551
318.806	0.962012	3.62554
318.972	0.962017	3.62556
319.138	0.962022	3.62558
319.303	0.962027	3.62561
319.469	0.962032	3.62563
319.634	0.962037	3.62565
319.8	0.962042	3.62568
319.966	0.962047	3.6257
320.131	0.962052	3.62573
320.297	0.962057	3.62575
320.462	0.962062	3.62577
320.628	0.962067	3.6258
320.794	0.962071	3.62582
320.959	0.962076	3.62584
321.125	0.962081	3.62587
321.291	0.962086	3.62589
321.456	0.962091	3.62591
321.622	0.962096	3.62594
321.787	0.962101	3.62596
321.953	0.962106	3.62599
322.119	0.962111	3.62601
322.284	0.962116	3.62603
322.45	0.962121	3.62606
322.615	0.962126	3.62608
322.781	0.962131	3.6261
322.947	0.962136	3.62613
323.112	0.962141	3.62615
323.278	0.962146	3.62617
323.443	0.962151	3.6262
323.609	0.962156	3.62622
323.775	0.962161	3.62625
323.94	0.962166	3.62627
324.106	0.962171	3.62629
324.272	0.962176	3.62632
324.437	0.962181	3.62634
324.603	0.962186	3.62636
324.768	0.962191	3.62639
324.934	0.962196	3.62641
325.1	0.962201	3.62644
325.265	0.962205	3.62646
325.431	0.96221	3.62648
325.596	0.962215	3.62651
325.762	0.96222	3.62653
325.928	0.962225	3.62655
326.093	0.96223	3.62658
326.259	0.962235	3.6266
326.425	0.96224	3.62662
326.59	0.962245	3.62665
326.756	0.96225	3.62667
326.921	0.962255	3.6267
327.087	0.96226	3.62672
327.253	0.962265	3.62674
327.418	0.96227	3.62677
327.584	0.962275	3.62679
327.749	0.96228	3.62681
327.915	0.962285	3.62684
328.081	0.96229	3.62686
328.246	0.962295	3.62688
328.412	0.962299	3.62691
328.577	0.962304	3.62693
328.743	0.962309	3.62696
328.909	0.962314	3.62698
329.074	0.962319	3.627
329.24	0.962324	3.62703
329.406	0.962329	3.62705
329.571	0.962334	3.62707
329.737	0.962339	3.6271
329.902	0.962344	3.62712
330.068	0.962349	3.62715
330.234	0.962354	3.62717
330.399	0.962359	3.62719
330.565	0.962364	3.62722
330.73	0.962369	3.62724
330.896	0.962374	3.62726
331.062	0.962378	3.62729
331.227	0.962383	3.62731
331.393	0.962388	3.62733
331.559	0.962393	3.62736
331.724	0.962398	3.62738
331.89	0.962403	3.62741
332.055	0.962408	3.62743
332.221	0.962413	3.62745
332.387	0.962418	3.62748
332.552	0.962423	3.6275
332.718	0.962428	3.62752
332.883	0.962433	3.62755
333.049	0.962438	3.62757
333.215	0.962443	3.62759
333.38	0.962447	3.62762
333.546	0.962452	3.62764
333.711	0.962457	3.62767
333.877	0.962462	3.62769
334.043	0.962467	3.62771
334.208	0.962472	3.62774
334.374	0.962477	3.62776
334.54	0.962482	3.62778
334.705	0.962487	3.62781
334.871	0.962492	3.62783
335.036	0.962497	3.62785
335.202	0.962502	3.62788
335.368	0.962506	3.6279
335.533	0.962511	3.62793
335.699	0.962516	3.62795
335.864	0.962521	3.62797
336.03	0.962526	3.628
336.196	0.962531	3.62802
336.361	0.962536	3.62804
336.527	0.962541	3.62807
336.693	0.962546	3.62809
336.858	0.962551	3.62811
337.024	0.962556	3.62814
337.189	0.96256	3.62816
337.355	0.962565	3.62818
337.521	0.96257	3.62821
337.686	0.962575	3.62823
337.852	0.96258	3.62826
338.017	0.962585	3.62828
338.183	0.96259	3.6283
338.349	0.962595	3.62833
338.514	0.9626	3.62835
338.68	0.962605	3.62837
338.845	0.96261	3.6284
339.011	0.962614	3.62842
339.177	0.962619	3.62844
339.342	0.962624	3.62847
339.508	0.962629	3.62849
339.674	0.962634	3.62852
339.839	0.962639	3.62854
340.005	0.962644	3.62856
340.17	0.962649	3.62859
340.336	0.962654	3.62861
340.502	0.962658	3.62863
340.667	0.962663	3.62866
340.833	0.962668	3.62868
340.998	0.962673	3.6287
341.164	0.962678	3.62873
341.33	0.962683	3.62875
341.495	0.962688	3.62878
341.661	0.962693	3.6288
341.827	0.962698	3.62882
341.992	0.962702	3.62885
342.158	0.962707	3.62887
342.323	0.962712	3.62889
342.489	0.962717	3.62892
342.655	0.962722	3.62894
342.82	0.962727	3.62896
342.986	0.962732	3.62899
343.151	0.962737	3.62901
343.317	0.962742	3.62903
343.483	0.962746	3.62906
343.648	0.962751	3.62908
343.814	0.962756	3.62911
343.979	0.962761	3.62913
344.145	0.962766	3.62915
344.311	0.962771	3.62918
344.476	0.962776	3.6292
344.642	0.962781	3.62922
344.808	0.962786	3.62925
344.973	0.96279	3.62927
345.139	0.962795	3.62929
345.304	0.9628	3.62932
345.47	0.962805	3.62934
345.636	0.96281	3.62937
345.801	0.962815	3.62939
345.967	0.96282	3.62941
346.132	0.962825	3.62944
346.298	0.962829	3.62946
346.464	0.962834	3.62948
346.629	0.962839	3.62951
346.795	0.962844	3.62953
346.96	0.962849	3.62955
347.126	0.962854	3.62958
347.292	0.962859	3.6296
347.457	0.962863	3.62962
347.623	0.962868	3.62965
347.789	0.962873	3.62967
347.954	0.962878	3.6297
348.12	0.962883	3.62972
348.285	0.962888	3.62974
348.451	0.962893	3.62977
348.617	0.962898	3.62979
348.782	0.962902	3.62981
348.948	0.962907	3.62984
349.113	0.962912	3.62986
349.279	0.962917	3.62988
349.445	0.962922	3.62991
349.61	0.962927	3.62993
349.776	0.962932	3.62995
349.942	0.962936	3.62998
350.107	0.962941	3.63
350.273	0.962946	3.63003
350.438	0.962951	3.63005
350.604	0.962956	3.63007
350.77	0.962961	3.6301
350.935	0.962966	3.63012
351.101	0.96297	3.63014
351.266	0.962975	3.63017
351.432	0.96298	3.63019
351.598	0.962985	3.63021
351.763	0.96299	3.63024
351.929	0.962995	3.63026
352.094	0.963	3.63028
352.26	0.963004	3.63031
352.426	0.963009	3.63033
352.591	0.963014	3.63036
352.757	0.963019	3.63038
352.923	0.963024	3.6304
353.088	0.963029	3.63043
353.254	0.963033	3.63045
353.419	0.963038	3.63047
353.585	0.963043	3.6305
353.751	0.963048	3.63052
353.916	0.963053	3.63054
354.082	0.963058	3.63057
354.247	0.963063	3.63059
354.413	0.963067	3.63061
354.579	0.963072	3.63064
354.744	0.963077	3.63066
354.91	0.963082	3.63069
355.076	0.963087	3.63071
355.241	0.963092	3.63073
355.407	0.963096	3.63076
355.572	0.963101	3.63078
355.738	0.963106	3.6308
355.904	0.963111	3.63083
356.069	0.963116	3.63085
356.235	0.963121	3.63087
356.4	0.963125	3.6309
356.566	0.96313	3.63092
356.732	0.963135	3.63094
356.897	0.96314	3.63097
357.063	0.963145	3.63099
357.228	0.96315	3.63101
357.394	0.963154	3.63104
357.56	0.963159	3.63106
357.725	0.963164	3.63109
357.891	0.963169	3.63111
358.057	0.963174	3.63113
358.222	0.963179	3.63116
358.388	0.963183	3.63118
358.553	0.963188	3.6312
358.719	0.963193	3.63123
358.885	0.963198	3.63125
359.05	0.963203	3.63127
359.216	0.963207	3.6313
359.381	0.963212	3.63132
359.547	0.963217	3.63134
359.713	0.963222	3.63137
359.878	0.963227	3.63139
360.044	0.963232	3.63141
360.21	0.963236	3.63144
360.375	0.963241	3.63146
360.541	0.963246	3.63149
360.706	0.963251	3.63151
360.872	0.963256	3.63153
361.038	0.96326	3.63156
361.203	0.963265	3.63158
361.369	0.96327	3.6316
361.534	0.963275	3.63163
361.7	0.96328	3.63165
361.866	0.963285	3.63167
362.031	0.963289	3.6317
362.197	0.963294	3.63172
362.362	0.963299	3.63174
362.528	0.963304	3.63177
362.694	0.963309	3.63179
362.859	0.963313	3.63181
363.025	0.963318	3.63184
363.191	0.963323	3.63186
363.356	0.963328	3.63189
363.522	0.963333	3.63191
363.687	0.963337	3.63193
363.853	0.963342	3.63196
364.019	0.963347	3.63198
364.184	0.963352	3.632
364.35	0.963357	3.63203
364.515	0.963361	3.63205
364.681	0.963366	3.63207
364.847	0.963371	3.6321
365.012	0.963376	3.63212
365.178	0.963381	3.63214
365.344	0.963385	3.63217
365.509	0.96339	3.63219
365.675	0.963395	3.63221
365.84	0.9634	3.63224
366.006	0.963405	3.63226
366.172	0.963409	3.63229
366.337	0.963414	3.63231
366.503	0.963419	3.63233
366.668	0.963424	3.63236
366.834	0.963429	3.63238
367	0.963433	3.6324
367.165	0.963438	3.63243
367.331	0.963443	3.63245
367.496	0.963448	3.63247
367.662	0.963453	3.6325
367.828	0.963457	3.63252
367.993	0.963462	3.63254
368.159	0.963467	3.63257
368.325	0.963472	3.63259
368.49	0.963477	3.63261
368.656	0.963481	3.63264
368.821	0.963486	3.63266
368.987	0.963491	3.63268
369.153	0.963496	3.63271
369.318	0.9635	3.63273
369.484	0.963505	3.63276
369.649	0.96351	3.63278
369.815	0.963515	3.6328
369.981	0.96352	3.63283
370.146	0.963524	3.63285
370.312	0.963529	3.63287
370.478	0.963534	3.6329
370.643	0.963539	3.63292
370.809	0.963544	3.63294
370.974	0.963548	3.63297
371.14	0.963553	3.63299
371.306	0.963558	3.63301
371.471	0.963563	3.63304
371.637	0.963567	3.63306
371.802	0.963572	3.63308
371.968	0.963577	3.63311
372.134	0.963582	3.63313
372.299	0.963586	3.63315
372.465	0.963591	3.63318
372.63	0.963596	3.6332
372.796	0.963601	3.63323
372.962	0.963606	3.63325
373.127	0.96361	3.63327
373.293	0.963615	3.6333
373.459	0.96362	3.63332
373.624	0.963625	3.63334
373.79	0.963629	3.63337
373.955	0.963634	3.63339
374.121	0.963639	3.63341
374.287	0.963644	3.63344
374.452	0.963648	3.63346
374.618	0.963653	3.63348
374.783	0.963658	3.63351
374.949	0.963663	3.63353
375.115	0.963668	3.63355
375.28	0.963672	3.63358
375.446	0.963677	3.6336
375.612	0.963682	3.63362
375.777	0.963687	3.63365
375.943	0.963691	3.63367
376.108	0.963696	3.63369
376.274	0.963701	3.63372
376.44	0.963706	3.63374
376.605	0.96371	3.63377
376.771	0.963715	3.63379
376.936	0.96372	3.63381
377.102	0.963725	3.63384
377.268	0.963729	3.63386
377.433	0.963734	3.63388
377.599	0.963739	3.63391
377.764	0.963744	3.63393
377.93	0.963748	3.63395
378.096	0.963753	3.63398
378.261	0.963758	3.634
378.427	0.963763	3.63402
378.593	0.963767	3.63405
378.758	0.963772	3.63407
378.924	0.963777	3.63409
379.089	0.963782	3.63412
379.255	0.963786	3.63414
379.421	0.963791	3.63416
379.586	0.963796	3.63419
379.752	0.963801	3.63421
379.917	0.963805	3.63423
380.083	0.96381	3.63426
380.249	0.963815	3.63428
380.414	0.96382	3.63431
380.58	0.963824	3.63433
380.746	0.963829	3.63435
380.911	0.963834	3.63438
381.077	0.963839	3.6344
381.242	0.963843	3.63442
381.408	0.963848	3.63445
381.574	0.963853	3.63447
381.739	0.963858	3.63449
381.905	0.963862	3.63452
382.07	0.963867	3.63454
382.236	0.963872	3.63456
382.402	0.963877	3.63459
382.567	0.963881	3.63461
382.733	0.963886	3.63463
382.898	0.963891	3.63466
383.064	0.963895	3.63468
383.23	0.9639	3.6347
383.395	0.963905	3.63473
383.561	0.96391	3.63475
383.727	0.963914	3.63477
383.892	0.963919	3.6348
384.058	0.963924	3.63482
384.223	0.963929	3.63484
384.389	0.963933	3.63487
384.555	0.963938	3.63489
384.72	0.963943	3.63491
384.886	0.963947	3.63494
385.051	0.963952	3.63496
385.217	0.963957	3.63499
385.383	0.963962	3.63501
385.548	0.963966	3.63503
385.714	0.963971	3.63506
385.88	0.963976	3.63508
386.045	0.963981	3.6351
386.211	0.963985	3.63513
386.376	0.96399	3.63515
386.542	0.963995	3.63517
386.708	0.963999	3.6352
386.873	0.964004	3.63522
387.039	0.964009	3.63524
387.204	0.964014	3.63527
387.37	0.964018	3.63529
387.536	0.964023	3.63531
387.701	0.964028	3.63534
387.867	0.964032	3.63536
388.032	0.964037	3.63538
388.198	0.964042	3.63541
388.364	0.964047	3.63543
388.529	0.964051	3.63545
388.695	0.964056	3.63548
388.861	0.964061	3.6355
389.026	0.964065	3.63552
389.192	0.96407	3.63555
389.357	0.964075	3.63557
389.523	0.96408	3.63559
389.689	0.964084	3.63562
389.854	0.964089	3.63564
390.02	0.964094	3.63566
390.185	0.964098	3.63569
390.351	0.964103	3.63571
390.517	0.964108	3.63573
390.682	0.964113	3.63576
390.848	0.964117	3.63578
391.014	0.964122	3.63581
391.179	0.964127	3.63583
391.345	0.964131	3.63585
391.51	0.964136	3.63588
391.676	0.964141	3.6359
391.842	0.964145	3.63592
392.007	0.96415	3.63595
392.173	0.964155	3.63597
392.338	0.96416	3.63599
392.504	0.964164	3.63602
392.67	0.964169	3.63604
392.835	0.964174	3.63606
393.001	0.964178	3.63609
393.166	0.964183	3.63611
393.332	0.964188	3.63613
393.498	0.964192	3.63616
393.663	0.964197	3.63618
393.829	0.964202	3.6362
393.995	0.964206	3.63623
394.16	0.964211	3.63625
394.326	0.964216	3.63627
394.491	0.964221	3.6363
394.657	0.964225	3.63632
394.823	0.96423	3.63634
394.988	0.964235	3.63637
395.154	0.964239	3.63639
395.319	0.964244	3.63641
395.485	0.964249	3.63644
395.651	0.964253	3.63646
395.816	0.964258	3.63648
395.982	0.964263	3.63651
396.148	0.964267	3.63653
396.313	0.964272	3.63655
396.479	0.964277	3.63658
396.644	0.964281	3.6366
396.81	0.964286	3.63662
396.976	0.964291	3.63665
397.141	0.964296	3.63667
397.307	0.9643	3.63669
397.472	0.964305	3.63672
397.638	0.96431	3.63674
397.804	0.964314	3.63676
397.969	0.964319	3.63679
398.135	0.964324	3.63681
398.3	0.964328	3.63684
398.466	0.964333	3.63686
398.632	0.964338	3.63688
398.797	0.964342	3.63691
398.963	0.964347	3.63693
399.129	0.964352	3.63695
399.294	0.964356	3.63698
399.46	0.964361	3.637
399.625	0.964366	3.63702
399.791	0.96437	3.63705
399.957	0.964375	3.63707
400.122	0.96438	3.63709
400.288	0.964384	3.63712
400.453	0.964389	3.63714
400.619	0.964394	3.63716
400.785	0.964398	3.63719
400.95	0.964403	3.63721
401.116	0.964408	3.63723
401.282	0.964412	3.63726
401.447	0.964417	3.63728
401.613	0.964422	3.6373
401.778	0.964426	3.63733
401.944	0.964431	3.63735
402.11	0.964436	3.63737
402.275	0.96444	3.6374
402.441	0.964445	3.63742
402.606	0.96445	3.63744
402.772	0.964454	3.63747
402.938	0.964459	3.63749
403.103	0.964464	3.63751
403.269	0.964468	3.63754
403.434	0.964473	3.63756
403.6	0.964478	3.63758
403.766	0.964482	3.63761
403.931	0.964487	3.63763
404.097	0.964492	3.63765
404.263	0.964496	3.63768
404.428	0.964501	3.6377
404.594	0.964506	3.63772
404.759	0.96451	3.63775
404.925	0.964515	3.63777
405.091	0.96452	3.63779
405.256	0.964524	3.63782
405.422	0.964529	3.63784
405.587	0.964534	3.63786
405.753	0.964538	3.63789
405.919	0.964543	3.63791
406.084	0.964547	3.63793
406.25	0.964552	3.63796
406.415	0.964557	3.63798
406.581	0.964561	3.638
406.747	0.964566	3.63803
406.912	0.964571	3.63805
407.078	0.964575	3.63807
407.244	0.96458	3.6381
407.409	0.964585	3.63812
407.575	0.964589	3.63814
407.74	0.964594	3.63817
407.906	0.964599	3.63819
408.072	0.964603	3.63821
408.237	0.964608	3.63824
408.403	0.964612	3.63826
408.568	0.964617	3.63828
408.734	0.964622	3.63831
408.9	0.964626	3.63833
409.065	0.964631	3.63835
409.231	0.964636	3.63838
409.397	0.96464	3.6384
409.562	0.964645	3.63842
409.728	0.96465	3.63845
409.893	0.964654	3.63847
410.059	0.964659	3.63849
410.225	0.964663	3.63852
410.39	0.964668	3.63854
410.556	0.964673	3.63856
410.721	0.964677	3.63859
410.887	0.964682	3.63861
411.053	0.964687	3.63863
411.218	0.964691	3.63866
411.384	0.964696	3.63868
411.549	0.964701	3.6387
411.715	0.964705	3.63873
411.881	0.96471	3.63875
412.046	0.964714	3.63877
412.212	0.964719	3.6388
412.378	0.964724	3.63882
412.543	0.964728	3.63884
412.709	0.964733	3.63887
412.874	0.964738	3.63889
413.04	0.964742	3.63891
413.206	0.964747	3.63894
413.371	0.964751	3.63896
413.537	0.964756	3.63898
413.702	0.964761	3.63901
413.868	0.964765	3.63903
414.034	0.96477	3.63905
414.199	0.964775	3.63908
414.365	0.964779	3.6391
414.531	0.964784	3.63913
414.696	0.964788	3.63915
414.862	0.964793	3.63917
415.027	0.964798	3.6392
415.193	0.964802	3.63922
415.359	0.964807	3.63924
415.524	0.964811	3.63927
415.69	0.964816	3.63929
415.855	0.964821	3.63931
416.021	0.964825	3.63934
416.187	0.96483	3.63936
416.352	0.964835	3.63938
416.518	0.964839	3.63941
416.683	0.964844	3.63943
416.849	0.964848	3.63945
417.015	0.964853	3.63947
417.18	0.964858	3.6395
417.346	0.964862	3.63952
417.512	0.964867	3.63954
417.677	0.964871	3.63957
417.843	0.964876	3.63959
418.008	0.964881	3.63961
418.174	0.964885	3.63964
418.34	0.96489	3.63966
418.505	0.964894	3.63968
418.671	0.964899	3.63971
418.836	0.964904	3.63973
419.002	0.964908	3.63975
419.168	0.964913	3.63978
419.333	0.964917	3.6398
419.499	0.964922	3.63982
419.665	0.964927	3.63985
419.83	0.964931	3.63987
419.996	0.964936	3.63989
420.161	0.96494	3.63992
420.327	0.964945	3.63994
420.493	0.96495	3.63996
420.658	0.964954	3.63999
420.824	0.964959	3.64001
420.989	0.964963	3.64003
421.155	0.964968	3.64006
421.321	0.964973	3.64008
421.486	0.964977	3.6401
421.652	0.964982	3.64013
421.817	0.964986	3.64015
421.983	0.964991	3.64017
422.149	0.964996	3.6402
422.314	0.965	3.64022
422.48	0.965005	3.64024
422.646	0.965009	3.64027
422.811	0.965014	3.64029
422.977	0.965019	3.64031
423.142	0.965023	3.64034
423.308	0.965028	3.64036
423.474	0.965032	3.64038
423.639	0.965037	3.64041
423.805	0.965041	3.64043
423.97	0.965046	3.64045
424.136	0.965051	3.64048
424.302	0.965055	3.6405
424.467	0.96506	3.64052
424.633	0.965064	3.64055
424.799	0.965069	3.64057
424.964	0.965074	3.64059
425.13	0.965078	3.64062
425.295	0.965083	3.64064
425.461	0.965087	3.64066
425.627	0.965092	3.64069
425.792	0.965096	3.64071
425.958	0.965101	3.64073
426.123	0.965106	3.64076
426.289	0.96511	3.64078
426.455	0.965115	3.6408
426.62	0.965119	3.64083
426.786	0.965124	3.64085
426.951	0.965128	3.64087
427.117	0.965133	3.6409
427.283	0.965138	3.64092
427.448	0.965142	3.64094
427.614	0.965147	3.64097
427.78	0.965151	3.64099
427.945	0.965156	3.64101
428.111	0.96516	3.64104
428.276	0.965165	3.64106
428.442	0.96517	3.64108
428.608	0.965174	3.64111
428.773	0.965179	3.64113
428.939	0.965183	3.64115
429.104	0.965188	3.64118
429.27	0.965192	3.6412
429.436	0.965197	3.64122
429.601	0.965202	3.64125
429.767	0.965206	3.64127
429.933	0.965211	3.64129
430.098	0.965215	3.64132
430.264	0.96522	3.64134
430.429	0.965224	3.64136
430.595	0.965229	3.64139
430.761	0.965234	3.64141
430.926	0.965238	3.64143
431.092	0.965243	3.64146
431.257	0.965247	3.64148
431.423	0.965252	3.6415
431.589	0.965256	3.64153
431.754	0.965261	3.64155
431.92	0.965265	3.64157
432.085	0.96527	3.6416
432.251	0.965275	3.64162
432.417	0.965279	3.64164
432.582	0.965284	3.64167
432.748	0.965288	3.64169
432.914	0.965293	3.64171
433.079	0.965297	3.64174
433.245	0.965302	3.64176
433.41	0.965306	3.64178
433.576	0.965311	3.6418
433.742	0.965315	3.64183
433.907	0.96532	3.64185
434.073	0.965325	3.64187
434.238	0.965329	3.6419
434.404	0.965334	3.64192
434.57	0.965338	3.64194
434.735	0.965343	3.64197
434.901	0.965347	3.64199
435.067	0.965352	3.64201
435.232	0.965356	3.64204
435.398	0.965361	3.64206
435.563	0.965366	3.64208
435.729	0.96537	3.64211
435.895	0.965375	3.64213
436.06	0.965379	3.64215
436.226	0.965384	3.64218
436.391	0.965388	3.6422
436.557	0.965393	3.64222
436.723	0.965397	3.64225
436.888	0.965402	3.64227
437.054	0.965406	3.64229
437.219	0.965411	3.64232
437.385	0.965415	3.64234
437.551	0.96542	3.64236
437.716	0.965425	3.64239
437.882	0.965429	3.64241
438.048	0.965434	3.64243
438.213	0.965438	3.64246
438.379	0.965443	3.64248
438.544	0.965447	3.6425
438.71	0.965452	3.64253
438.876	0.965456	3.64255
439.041	0.965461	3.64257
439.207	0.965465	3.6426
439.372	0.96547	3.64262
439.538	0.965474	3.64264
439.704	0.965479	3.64267
439.869	0.965483	3.64269
440.035	0.965488	3.64271
440.201	0.965492	3.64274
440.366	0.965497	3.64276
440.532	0.965502	3.64278
440.697	0.965506	3.6428
440.863	0.965511	3.64283
441.029	0.965515	3.64285
441.194	0.96552	3.64287
441.36	0.965524	3.6429
441.525	0.965529	3.64292
441.691	0.965533	3.64294
441.857	0.965538	3.64297
442.022	0.965542	3.64299
442.188	0.965547	3.64301
442.353	0.965551	3.64304
442.519	0.965556	3.64306
442.685	0.96556	3.64308
442.85	0.965565	3.64311
443.016	0.965569	3.64313
443.182	0.965574	3.64315
443.347	0.965578	3.64318
443.513	0.965583	3.6432
443.678	0.965587	3.64322
443.844	0.965592	3.64325
444.01	0.965596	3.64327
444.175	0.965601	3.64329
444.341	0.965605	3.64332
444.506	0.96561	3.64334
444.672	0.965615	3.64336
444.838	0.965619	3.64339
445.003	0.965624	3.64341
445.169	0.965628	3.64343
445.335	0.965633	3.64346
445.5	0.965637	3.64348
445.666	0.965642	3.6435
445.831	0.965646	3.64353
445.997	0.965651	3.64355
446.163	0.965655	3.64357
446.328	0.96566	3.6436
446.494	0.965664	3.64362
446.659	0.965669	3.64364
446.825	0.965673	3.64366
446.991	0.965678	3.64369
447.156	0.965682	3.64371
447.322	0.965687	3.64373
447.487	0.965691	3.64376
447.653	0.965696	3.64378
447.819	0.9657	3.6438
447.984	0.965705	3.64383
448.15	0.965709	3.64385
448.316	0.965714	3.64387
448.481	0.965718	3.6439
448.647	0.965723	3.64392
448.812	0.965727	3.64394
448.978	0.965732	3.64397
449.144	0.965736	3.64399
449.309	0.965741	3.64401
449.475	0.965745	3.64404
449.64	0.96575	3.64406
449.806	0.965754	3.64408
449.972	0.965759	3.64411
450.137	0.965763	3.64413
450.303	0.965768	3.64415
450.469	0.965772	3.64418
450.634	0.965777	3.6442
450.8	0.965781	3.64422
450.965	0.965786	3.64425
451.131	0.96579	3.64427
451.297	0.965795	3.64429
451.462	0.965799	3.64431
451.628	0.965803	3.64434
451.793	0.965808	3.64436
451.959	0.965812	3.64438
452.125	0.965817	3.64441
452.29	0.965821	3.64443
452.456	0.965826	3.64445
452.621	0.96583	3.64448
452.787	0.965835	3.6445
452.953	0.965839	3.64452
453.118	0.965844	3.64455
453.284	0.965848	3.64457
453.45	0.965853	3.64459
453.615	0.965857	3.64462
453.781	0.965862	3.64464
453.946	0.965866	3.64466
454.112	0.965871	3.64469
454.278	0.965875	3.64471
454.443	0.96588	3.64473
454.609	0.965884	3.64476
454.774	0.965889	3.64478
454.94	0.965893	3.6448
455.106	0.965898	3.64483
455.271	0.965902	3.64485
455.437	0.965907	3.64487
455.603	0.965911	3.64489
455.768	0.965915	3.64492
455.934	0.96592	3.64494
456.099	0.965924	3.64496
456.265	0.965929	3.64499
456.431	0.965933	3.64501
456.596	0.965938	3.64503
456.762	0.965942	3.64506
456.927	0.965947	3.64508
457.093	0.965951	3.6451
457.259	0.965956	3.64513
457.424	0.96596	3.64515
457.59	0.965965	3.64517
457.755	0.965969	3.6452
457.921	0.965974	3.64522
458.087	0.965978	3.64524
458.252	0.965983	3.64527
458.418	0.965987	3.64529
458.584	0.965991	3.64531
458.749	0.965996	3.64534
458.915	0.966	3.64536
459.08	0.966005	3.64538
459.246	0.966009	3.6454
459.412	0.966014	3.64543
459.577	0.966018	3.64545
459.743	0.966023	3.64547
459.908	0.966027	3.6455
460.074	0.966032	3.64552
460.24	0.966036	3.64554
460.405	0.966041	3.64557
460.571	0.966045	3.64559
460.737	0.966049	3.64561
460.902	0.966054	3.64564
461.068	0.966058	3.64566
461.233	0.966063	3.64568
461.399	0.966067	3.64571
461.565	0.966072	3.64573
461.73	0.966076	3.64575
461.896	0.966081	3.64578
462.061	0.966085	3.6458
462.227	0.96609	3.64582
462.393	0.966094	3.64585
462.558	0.966098	3.64587
462.724	0.966103	3.64589
462.889	0.966107	3.64591
463.055	0.966112	3.64594
463.221	0.966116	3.64596
463.386	0.966121	3.64598
463.552	0.966125	3.64601
463.718	0.96613	3.64603
463.883	0.966134	3.64605
464.049	0.966138	3.64608
464.214	0.966143	3.6461
464.38	0.966147	3.64612
464.546	0.966152	3.64615
464.711	0.966156	3.64617
464.877	0.966161	3.64619
465.042	0.966165	3.64622
465.208	0.96617	3.64624
465.374	0.966174	3.64626
465.539	0.966178	3.64629
465.705	0.966183	3.64631
465.87	0.966187	3.64633
466.036	0.966192	3.64635
466.202	0.966196	3.64638
466.367	0.966201	3.6464
466.533	0.966205	3.64642
466.699	0.966209	3.64645
466.864	0.966214	3.64647
467.03	0.966218	3.64649
467.195	0.966223	3.64652
467.361	0.966227	3.64654
467.527	0.966232	3.64656
467.692	0.966236	3.64659
467.858	0.966241	3.64661
468.023	0.966245	3.64663
468.189	0.966249	3.64666
468.355	0.966254	3.64668
468.52	0.966258	3.6467
468.686	0.966263	3.64673
468.852	0.966267	3.64675
469.017	0.966272	3.64677
469.183	0.966276	3.64679
469.348	0.96628	3.64682
469.514	0.966285	3.64684
469.68	0.966289	3.64686
469.845	0.966294	3.64689
470.011	0.966298	3.64691
470.176	0.966302	3.64693
470.342	0.966307	3.64696
470.508	0.966311	3.64698
470.673	0.966316	3.647
470.839	0.96632	3.64703
471.004	0.966325	3.64705
471.17	0.966329	3.64707
471.336	0.966333	3.6471
471.501	0.966338	3.64712
471.667	0.966342	3.64714
471.833	0.966347	3.64717
471.998	0.966351	3.64719
472.164	0.966356	3.64721
472.329	0.96636	3.64723
472.495	0.966364	3.64726
472.661	0.966369	3.64728
472.826	0.966373	3.6473
472.992	0.966378	3.64733
473.157	0.966382	3.64735
473.323	0.966386	3.64737
473.489	0.966391	3.6474
473.654	0.966395	3.64742
473.82	0.9664	3.64744
473.986	0.966404	3.64747
474.151	0.966408	3.64749
474.317	0.966413	3.64751
474.482	0.966417	3.64754
474.648	0.966422	3.64756
474.814	0.966426	3.64758
474.979	0.966431	3.6476
475.145	0.966435	3.64763
475.31	0.966439	3.64765
475.476	0.966444	3.64767
475.642	0.966448	3.6477
475.807	0.966453	3.64772
475.973	0.966457	3.64774
476.138	0.966461	3.64777
476.304	0.966466	3.64779
476.47	0.96647	3.64781
476.635	0.966475	3.64784
476.801	0.966479	3.64786
476.967	0.966483	3.64788
477.132	0.966488	3.64791
477.298	0.966492	3.64793
477.463	0.966497	3.64795
477.629	0.966501	3.64797
477.795	0.966505	3.648
477.96	0.96651	3.64802
478.126	0.966514	3.64804
478.291	0.966519	3.64807
478.457	0.966523	3.64809
478.623	0.966527	3.64811
478.788	0.966532	3.64814
478.954	0.966536	3.64816
479.12	0.966541	3.64818
479.285	0.966545	3.64821
479.451	0.966549	3.64823
479.616	0.966554	3.64825
479.782	0.966558	3.64828
479.948	0.966563	3.6483
480.113	0.966567	3.64832
480.279	0.966571	3.64834
480.444	0.966576	3.64837
480.61	0.96658	3.64839
480.776	0.966584	3.64841
480.941	0.966589	3.64844
481.107	0.966593	3.64846
481.272	0.966598	3.64848
481.438	0.966602	3.64851
481.604	0.966606	3.64853
481.769	0.966611	3.64855
481.935	0.966615	3.64858
482.101	0.96662	3.6486
482.266	0.966624	3.64862
482.432	0.966628	3.64865
482.597	0.966633	3.64867
482.763	0.966637	3.64869
482.929	0.966641	3.64871
483.094	0.966646	3.64874
483.26	0.96665	3.64876
483.425	0.966655	3.64878
483.591	0.966659	3.64881
483.757	0.966663	3.64883
483.922	0.966668	3.64885
484.088	0.966672	3.64888
484.254	0.966676	3.6489
484.419	0.966681	3.64892
484.585	0.966685	3.64895
484.75	0.96669	3.64897
484.916	0.966694	3.64899
485.082	0.966698	3.64901
485.247	0.966703	3.64904
485.413	0.966707	3.64906
485.578	0.966711	3.64908
485.744	0.966716	3.64911
485.91	0.96672	3.64913
486.075	0.966725	3.64915
486.241	0.966729	3.64918
486.406	0.966733	3.6492
486.572	0.966738	3.64922
486.738	0.966742	3.64925
486.903	0.966746	3.64927
487.069	0.966751	3.64929
487.235	0.966755	3.64931
487.4	0.96676	3.64934
487.566	0.966764	3.64936
487.731	0.966768	3.64938
487.897	0.966773	3.64941
488.063	0.966777	3.64943
488.228	0.966781	3.64945
488.394	0.966786	3.64948
488.559	0.96679	3.6495
488.725	0.966794	3.64952
488.891	0.966799	3.64955
489.056	0.966803	3.64957
489.222	0.966807	3.64959
489.388	0.966812	3.64961
489.553	0.966816	3.64964
489.719	0.966821	3.64966
489.884	0.966825	3.64968
490.05	0.966829	3.64971
490.216	0.966834	3.64973
490.381	0.966838	3.64975
490.547	0.966842	3.64978
490.712	0.966847	3.6498
490.878	0.966851	3.64982
491.044	0.966855	3.64985
491.209	0.96686	3.64987
491.375	0.966864	3.64989
491.54	0.966868	3.64991
491.706	0.966873	3.64994
491.872	0.966877	3.64996
492.037	0.966882	3.64998
492.203	0.966886	3.65001
492.369	0.96689	3.65003
492.534	0.966895	3.65005
492.7	0.966899	3.65008
492.865	0.966903	3.6501
493.031	0.966908	3.65012
493.197	0.966912	3.65015
493.362	0.966916	3.65017
493.528	0.966921	3.65019
493.693	0.966925	3.65021
493.859	0.966929	3.65024
494.025	0.966934	3.65026
494.19	0.966938	3.65028
494.356	0.966942	3.65031
494.522	0.966947	3.65033
494.687	0.966951	3.65035
494.853	0.966955	3.65038
495.018	0.96696	3.6504
495.184	0.966964	3.65042
495.35	0.966968	3.65045
495.515	0.966973	3.65047
495.681	0.966977	3.65049
495.846	0.966981	3.65051
496.012	0.966986	3.65054
496.178	0.96699	3.65056
496.343	0.966994	3.65058
496.509	0.966999	3.65061
496.674	0.967003	3.65063
496.84	0.967007	3.65065
497.006	0.967012	3.65068
497.171	0.967016	3.6507
497.337	0.96702	3.65072
497.503	0.967025	3.65075
497.668	0.967029	3.65077
497.834	0.967033	3.65079
497.999	0.967038	3.65081
498.165	0.967042	3.65084
498.331	0.967046	3.65086
498.496	0.967051	3.65088
498.662	0.967055	3.65091
498.827	0.967059	3.65093
498.993	0.967064	3.65095
499.159	0.967068	3.65098
499.324	0.967072	3.651
499.49	0.967077	3.65102
499.656	0.967081	3.65105
499.821	0.967085	3.65107
499.987	0.96709	3.65109
