0	1.00149	3.55791
0	1.00149	3.55791
0.165613	1.0017	3.55827
0.331226	1.00228	3.55927
0.498495	1.00313	3.56075
0.664107	1.00413	3.56251
0.82972	1.00516	3.56437
0.995333	1.00614	3.56614
1.15929	1.00697	3.56766
1.3249	1.00761	3.56886
1.49052	1.00803	3.56968
1.65613	1.00822	3.57011
1.82174	1.00819	3.57017
1.98735	1.00796	3.5699
2.15297	1.00759	3.56939
2.31858	1.00713	3.56873
2.48419	1.00661	3.56802
2.6498	1.0061	3.56733
2.81542	1.00563	3.56672
2.98103	1.00521	3.56623
3.14664	1.00486	3.56589
3.31226	1.00459	3.56571
3.47787	1.00441	3.56568
3.64348	1.00429	3.56579
3.80909	1.00423	3.566
3.97471	1.0042	3.5663
4.14032	1.0042	3.56666
4.30593	1.0042	3.56705
4.47155	1.00419	3.56743
4.63716	1.00415	3.56777
4.80277	1.00406	3.56805
4.96838	1.00393	3.56825
5.134	1.00375	3.56838
5.29961	1.00353	3.56844
5.46522	1.00326	3.56845
5.63084	1.00298	3.56842
5.79645	1.00267	3.56837
5.96206	1.00235	3.56832
6.12767	1.00203	3.56828
6.29329	1.00171	3.56825
6.4589	1.00139	3.56824
6.62451	1.00109	3.56826
6.79013	1.00079	3.56829
6.95574	1.0005	3.56836
7.12135	1.00022	3.56845
7.28696	0.999941	3.56856
7.45258	0.999671	3.5687
7.61819	0.999401	3.56884
7.7838	0.999128	3.56899
7.94941	0.998848	3.56914
8.11503	0.998559	3.56928
8.28064	0.998259	3.5694
8.44625	0.997947	3.56952
8.61187	0.997623	3.56962
8.77748	0.997289	3.56971
8.94475	0.996943	3.56979
9.11036	0.996593	3.56987
9.27597	0.996239	3.56994
9.44159	0.995879	3.57002
9.6072	0.995517	3.57009
9.77281	0.995153	3.57017
9.93842	0.994787	3.57025
10.104	0.99442	3.57034
10.2697	0.994053	3.57043
10.4353	0.993686	3.57052
10.6009	0.99332	3.57062
10.7665	0.992953	3.57072
10.9321	0.992587	3.57083
11.0977	0.992219	3.57094
11.2633	0.991849	3.57105
11.4289	0.991477	3.57116
11.5946	0.991103	3.57127
11.7602	0.990725	3.57137
11.9258	0.990346	3.57148
12.0914	0.989964	3.57158
12.257	0.98958	3.57167
12.4226	0.989195	3.57177
12.5882	0.988808	3.57187
12.7538	0.988421	3.57197
12.9195	0.988032	3.57206
13.0851	0.987644	3.57216
13.2507	0.987255	3.57225
13.4163	0.986866	3.57235
13.5819	0.986478	3.57244
13.7475	0.98609	3.57254
13.9131	0.985703	3.57263
14.0787	0.985317	3.57273
14.2444	0.984932	3.57283
14.41	0.984548	3.57293
14.5756	0.984164	3.57303
14.7412	0.983781	3.57312
14.9068	0.983399	3.57322
15.0724	0.983018	3.57332
15.238	0.982638	3.57341
15.4036	0.982258	3.57351
15.5693	0.98188	3.5736
15.7349	0.981503	3.57369
15.9005	0.981128	3.57379
16.0661	0.980753	3.57388
16.2317	0.980381	3.57397
16.3973	0.98001	3.57406
16.5629	0.97964	3.57415
16.7286	0.979273	3.57424
16.8942	0.978908	3.57432
17.0598	0.978544	3.57441
17.2254	0.978183	3.5745
17.391	0.977824	3.57459
17.5566	0.977468	3.57467
17.7222	0.977113	3.57476
17.8878	0.976762	3.57484
18.0535	0.976412	3.57493
18.2191	0.976065	3.57501
18.3847	0.97572	3.57509
18.5503	0.975378	3.57518
18.7159	0.975039	3.57526
18.8815	0.974702	3.57534
19.0471	0.974368	3.57542
19.2127	0.974036	3.5755
19.3784	0.973708	3.57558
19.544	0.973382	3.57565
19.7096	0.973058	3.57573
19.8752	0.972738	3.57581
20.0408	0.972421	3.57588
20.2064	0.972106	3.57596
20.372	0.971795	3.57603
20.5376	0.971486	3.5761
20.7033	0.971181	3.57618
20.8689	0.970879	3.57625
21.0345	0.970579	3.57632
21.2001	0.970283	3.57639
21.3657	0.96999	3.57646
21.5313	0.9697	3.57652
21.6969	0.969413	3.57659
21.8625	0.969129	3.57666
22.0282	0.968848	3.57672
22.1938	0.968571	3.57679
22.3594	0.968297	3.57685
22.525	0.968025	3.57692
22.6906	0.967757	3.57698
22.8562	0.967492	3.57704
23.0218	0.96723	3.5771
23.1874	0.966972	3.57716
23.3531	0.966716	3.57722
23.5187	0.966464	3.57728
23.6843	0.966215	3.57734
23.8499	0.965969	3.5774
24.0155	0.965726	3.57746
24.1811	0.965486	3.57751
24.3467	0.965249	3.57757
24.5124	0.965015	3.57762
24.678	0.964785	3.57768
24.8436	0.964557	3.57773
25.0092	0.964333	3.57778
25.1748	0.964111	3.57783
25.3404	0.963893	3.57788
25.506	0.963678	3.57793
25.6716	0.963465	3.57798
25.8373	0.963256	3.57803
26.0029	0.963049	3.57808
26.1685	0.962846	3.57813
26.3341	0.962645	3.57818
26.4997	0.962448	3.57822
26.6653	0.962253	3.57827
26.8309	0.962061	3.57831
26.9965	0.961872	3.57836
27.1622	0.961685	3.5784
27.3278	0.961502	3.57844
27.4934	0.961321	3.57849
27.659	0.961143	3.57853
27.8246	0.960967	3.57857
27.9902	0.960795	3.57861
28.1558	0.960624	3.57865
28.3214	0.960457	3.57869
28.4871	0.960292	3.57873
28.6527	0.96013	3.57877
28.8183	0.95997	3.5788
28.9839	0.959813	3.57884
29.1495	0.959658	3.57888
29.3151	0.959506	3.57891
29.4807	0.959356	3.57895
29.6463	0.959209	3.57898
29.812	0.959064	3.57902
29.9776	0.958921	3.57905
30.1432	0.958781	3.57909
30.3088	0.958643	3.57912
30.4744	0.958507	3.57915
30.64	0.958374	3.57918
30.8056	0.958242	3.57921
30.9713	0.958113	3.57925
31.1369	0.957986	3.57928
31.3025	0.957861	3.57931
31.4681	0.957739	3.57933
31.6337	0.957618	3.57936
31.7993	0.9575	3.57939
31.9649	0.957383	3.57942
32.1305	0.957268	3.57945
32.2962	0.957156	3.57948
32.4618	0.957045	3.5795
32.6274	0.956937	3.57953
32.793	0.95683	3.57956
32.9586	0.956725	3.57958
33.1242	0.956622	3.57961
33.2898	0.95652	3.57963
33.4554	0.956421	3.57966
33.6211	0.956323	3.57968
33.7867	0.956227	3.5797
33.9523	0.956133	3.57973
34.1179	0.95604	3.57975
34.2835	0.955949	3.57977
34.4491	0.95586	3.57979
34.6147	0.955772	3.57982
34.7803	0.955686	3.57984
34.946	0.955601	3.57986
35.1116	0.955518	3.57988
35.2772	0.955436	3.5799
35.4428	0.955356	3.57992
35.6084	0.955277	3.57994
35.774	0.9552	3.57996
35.9396	0.955124	3.57998
36.1052	0.95505	3.58
36.2709	0.954977	3.58002
36.4365	0.954905	3.58004
36.6021	0.954835	3.58005
36.7677	0.954766	3.58007
36.9333	0.954698	3.58009
37.0989	0.954632	3.58011
37.2645	0.954566	3.58012
37.4302	0.954502	3.58014
37.5958	0.954439	3.58016
37.7614	0.954378	3.58017
37.927	0.954317	3.58019
38.0926	0.954258	3.58021
38.2582	0.9542	3.58022
38.4238	0.954142	3.58024
38.5894	0.954086	3.58025
38.7534	0.954032	3.58027
38.919	0.953978	3.58028
39.0846	0.953925	3.5803
39.2502	0.953873	3.58031
39.4158	0.953822	3.58033
39.5815	0.953772	3.58034
39.7471	0.953723	3.58035
39.9127	0.953675	3.58037
40.0783	0.953628	3.58038
40.2439	0.953582	3.58039
40.4095	0.953537	3.58041
40.5751	0.953492	3.58042
40.7408	0.953449	3.58043
40.9064	0.953406	3.58044
41.072	0.953364	3.58046
41.2376	0.953323	3.58047
41.4032	0.953283	3.58048
41.5688	0.953243	3.58049
41.7344	0.953204	3.5805
41.9	0.953166	3.58051
42.0657	0.953129	3.58052
42.2313	0.953093	3.58054
42.3969	0.953057	3.58055
42.5625	0.953022	3.58056
42.7281	0.952988	3.58057
42.8937	0.952954	3.58058
43.0593	0.952921	3.58059
43.2249	0.952889	3.5806
43.3906	0.952857	3.58061
43.5562	0.952826	3.58062
43.7218	0.952795	3.58063
43.8874	0.952766	3.58064
44.053	0.952736	3.58065
44.2186	0.952708	3.58066
44.3842	0.95268	3.58067
44.5498	0.952652	3.58068
44.7155	0.952625	3.58068
44.8811	0.952599	3.58069
45.0467	0.952573	3.5807
45.2123	0.952548	3.58071
45.3779	0.952523	3.58072
45.5435	0.952498	3.58073
45.7091	0.952475	3.58074
45.8747	0.952451	3.58074
46.0404	0.952428	3.58075
46.206	0.952406	3.58076
46.3716	0.952384	3.58077
46.5372	0.952363	3.58078
46.7028	0.952342	3.58078
46.8684	0.952321	3.58079
47.034	0.952301	3.5808
47.1997	0.952281	3.58081
47.3653	0.952262	3.58081
47.5309	0.952243	3.58082
47.6965	0.952224	3.58083
47.8621	0.952206	3.58084
48.0277	0.952188	3.58084
48.1933	0.952171	3.58085
48.3589	0.952154	3.58086
48.5246	0.952137	3.58086
48.6902	0.952121	3.58087
48.8558	0.952105	3.58088
49.0214	0.952089	3.58089
49.187	0.952074	3.58089
49.3526	0.952059	3.5809
49.5182	0.952044	3.5809
49.6838	0.952029	3.58091
49.8495	0.952015	3.58092
50.0151	0.952002	3.58092
50.1807	0.951988	3.58093
50.3463	0.951975	3.58094
50.5119	0.951962	3.58094
50.6775	0.951949	3.58095
50.8431	0.951937	3.58095
51.0087	0.951925	3.58096
51.1744	0.951913	3.58097
51.34	0.951902	3.58097
51.5056	0.95189	3.58098
51.6712	0.951879	3.58098
51.8368	0.951868	3.58099
52.0024	0.951858	3.58099
52.168	0.951847	3.581
52.3336	0.951837	3.58101
52.4993	0.951827	3.58101
52.6649	0.951818	3.58102
52.8305	0.951808	3.58102
52.9961	0.951799	3.58103
53.1617	0.95179	3.58103
53.3273	0.951781	3.58104
53.4929	0.951772	3.58104
53.6586	0.951764	3.58105
53.8242	0.951756	3.58105
53.9898	0.951748	3.58106
54.1554	0.95174	3.58106
54.321	0.951732	3.58107
54.4866	0.951724	3.58107
54.6522	0.951717	3.58108
54.8178	0.95171	3.58108
54.9835	0.951703	3.58109
55.1491	0.951696	3.58109
55.3147	0.951689	3.5811
55.4803	0.951683	3.5811
55.6459	0.951676	3.58111
55.8115	0.95167	3.58111
55.9771	0.951664	3.58112
56.1427	0.951658	3.58112
56.3084	0.951652	3.58113
56.474	0.951647	3.58113
56.6396	0.951641	3.58113
56.8052	0.951636	3.58114
56.9708	0.95163	3.58114
57.1364	0.951625	3.58115
57.302	0.95162	3.58115
57.4676	0.951615	3.58116
57.6333	0.951611	3.58116
57.7989	0.951606	3.58117
57.9645	0.951601	3.58117
58.1301	0.951597	3.58117
58.2957	0.951593	3.58118
58.4613	0.951588	3.58118
58.6269	0.951584	3.58119
58.7925	0.95158	3.58119
58.9582	0.951576	3.5812
59.1238	0.951573	3.5812
59.2894	0.951569	3.5812
59.455	0.951565	3.58121
59.6206	0.951562	3.58121
59.7862	0.951558	3.58122
59.9518	0.951555	3.58122
60.1175	0.951552	3.58122
60.2831	0.951549	3.58123
60.4487	0.951546	3.58123
60.6143	0.951543	3.58124
60.7799	0.95154	3.58124
60.9455	0.951537	3.58124
61.1111	0.951534	3.58125
61.2767	0.951532	3.58125
61.4424	0.951529	3.58126
61.608	0.951527	3.58126
61.7736	0.951524	3.58126
61.9392	0.951522	3.58127
62.1048	0.951519	3.58127
62.2704	0.951517	3.58128
62.436	0.951515	3.58128
62.6016	0.951513	3.58128
62.7673	0.951511	3.58129
62.9329	0.951509	3.58129
63.0985	0.951507	3.5813
63.2641	0.951505	3.5813
63.4297	0.951503	3.5813
63.5953	0.951502	3.58131
63.7609	0.9515	3.58131
63.9265	0.951498	3.58131
64.0922	0.951497	3.58132
64.2578	0.951495	3.58132
64.4234	0.951494	3.58133
64.589	0.951493	3.58133
64.7546	0.951491	3.58133
64.9202	0.95149	3.58134
65.0858	0.951489	3.58134
65.2514	0.951488	3.58134
65.4171	0.951486	3.58135
65.5827	0.951485	3.58135
65.7483	0.951484	3.58135
65.9139	0.951483	3.58136
66.0795	0.951482	3.58136
66.2451	0.951481	3.58136
66.4107	0.95148	3.58137
66.5764	0.95148	3.58137
66.742	0.951479	3.58138
66.9076	0.951478	3.58138
67.0732	0.951477	3.58138
67.2388	0.951477	3.58139
67.4044	0.951476	3.58139
67.57	0.951475	3.58139
67.7356	0.951475	3.5814
67.9013	0.951474	3.5814
68.0669	0.951474	3.5814
68.2325	0.951473	3.58141
68.3981	0.951473	3.58141
68.5637	0.951472	3.58141
68.7293	0.951472	3.58142
68.8949	0.951471	3.58142
69.0605	0.951471	3.58142
69.2262	0.951471	3.58143
69.3918	0.95147	3.58143
69.5574	0.95147	3.58143
69.723	0.95147	3.58144
69.8886	0.95147	3.58144
70.0542	0.95147	3.58145
70.2198	0.951469	3.58145
70.3854	0.951469	3.58145
70.5511	0.951469	3.58146
70.7167	0.951469	3.58146
70.8823	0.951469	3.58146
71.0479	0.951469	3.58147
71.2135	0.951469	3.58147
71.3791	0.951469	3.58147
71.5447	0.951469	3.58148
71.7103	0.951469	3.58148
71.876	0.951469	3.58148
72.0416	0.951469	3.58149
72.2072	0.951469	3.58149
72.3728	0.95147	3.58149
72.5384	0.95147	3.5815
72.704	0.95147	3.5815
72.8696	0.95147	3.5815
73.0353	0.95147	3.58151
73.2009	0.951471	3.58151
73.3665	0.951471	3.58151
73.5321	0.951471	3.58152
73.6977	0.951471	3.58152
73.8633	0.951472	3.58152
74.0289	0.951472	3.58153
74.1945	0.951472	3.58153
74.3602	0.951473	3.58153
74.5258	0.951473	3.58154
74.6914	0.951473	3.58154
74.857	0.951474	3.58154
75.0226	0.951474	3.58155
75.1882	0.951475	3.58155
75.3538	0.951475	3.58155
75.5194	0.951475	3.58156
75.6851	0.951476	3.58156
75.8507	0.951476	3.58156
76.0163	0.951477	3.58157
76.1819	0.951477	3.58157
76.3475	0.951478	3.58157
76.5131	0.951478	3.58158
76.6787	0.951479	3.58158
76.8443	0.951479	3.58158
77.01	0.95148	3.58158
77.1756	0.95148	3.58159
77.3412	0.951481	3.58159
77.5068	0.951482	3.58159
77.6724	0.951482	3.5816
77.838	0.951483	3.5816
78.0036	0.951483	3.5816
78.1692	0.951484	3.58161
78.3349	0.951485	3.58161
78.5005	0.951485	3.58161
78.6661	0.951486	3.58162
78.8317	0.951486	3.58162
78.9973	0.951487	3.58162
79.1629	0.951488	3.58163
79.3285	0.951488	3.58163
79.4941	0.951489	3.58163
79.6598	0.95149	3.58164
79.8254	0.95149	3.58164
79.991	0.951491	3.58164
80.1583	0.951492	3.58165
80.3239	0.951493	3.58165
80.4895	0.951493	3.58165
80.6551	0.951494	3.58166
80.8207	0.951495	3.58166
80.9863	0.951495	3.58166
81.1519	0.951496	3.58167
81.3175	0.951497	3.58167
81.4832	0.951498	3.58167
81.6488	0.951498	3.58168
81.8144	0.951499	3.58168
81.98	0.9515	3.58168
82.1456	0.951501	3.58168
82.3112	0.951502	3.58169
82.4768	0.951502	3.58169
82.6424	0.951503	3.58169
82.8081	0.951504	3.5817
82.9737	0.951505	3.5817
83.1393	0.951505	3.5817
83.3049	0.951506	3.58171
83.4705	0.951507	3.58171
83.6361	0.951508	3.58171
83.8017	0.951509	3.58172
83.9674	0.95151	3.58172
84.133	0.95151	3.58172
84.2986	0.951511	3.58173
84.4642	0.951512	3.58173
84.6298	0.951513	3.58173
84.7954	0.951514	3.58174
84.961	0.951515	3.58174
85.1266	0.951515	3.58174
85.2923	0.951516	3.58175
85.4579	0.951517	3.58175
85.6235	0.951518	3.58175
85.7891	0.951519	3.58176
85.9547	0.95152	3.58176
86.1203	0.951521	3.58176
86.2859	0.951521	3.58176
86.4515	0.951522	3.58177
86.6172	0.951523	3.58177
86.7828	0.951524	3.58177
86.9484	0.951525	3.58178
87.114	0.951526	3.58178
87.2796	0.951527	3.58178
87.4452	0.951528	3.58179
87.6108	0.951529	3.58179
87.7764	0.951529	3.58179
87.9421	0.95153	3.5818
88.1077	0.951531	3.5818
88.2733	0.951532	3.5818
88.4389	0.951533	3.58181
88.6045	0.951534	3.58181
88.7701	0.951535	3.58181
88.9357	0.951536	3.58182
89.1013	0.951537	3.58182
89.267	0.951538	3.58182
89.4326	0.951539	3.58182
89.5982	0.951539	3.58183
89.7638	0.95154	3.58183
89.9294	0.951541	3.58183
90.095	0.951542	3.58184
90.2606	0.951543	3.58184
90.4263	0.951544	3.58184
90.5919	0.951545	3.58185
90.7575	0.951546	3.58185
90.9231	0.951547	3.58185
91.0887	0.951548	3.58186
91.2543	0.951549	3.58186
91.4199	0.95155	3.58186
91.5855	0.951551	3.58187
91.7512	0.951551	3.58187
91.9168	0.951552	3.58187
92.0824	0.951553	3.58188
92.248	0.951554	3.58188
92.4136	0.951555	3.58188
92.5792	0.951556	3.58189
92.7448	0.951557	3.58189
92.9104	0.951558	3.58189
93.0761	0.951559	3.58189
93.2417	0.95156	3.5819
93.4073	0.951561	3.5819
93.5729	0.951562	3.5819
93.7385	0.951563	3.58191
93.9041	0.951564	3.58191
94.0697	0.951565	3.58191
94.2353	0.951566	3.58192
94.401	0.951567	3.58192
94.5666	0.951567	3.58192
94.7322	0.951568	3.58193
94.8978	0.951569	3.58193
95.0634	0.95157	3.58193
95.229	0.951571	3.58194
95.3946	0.951572	3.58194
95.5602	0.951573	3.58194
95.7259	0.951574	3.58194
95.8915	0.951575	3.58195
96.0571	0.951576	3.58195
96.2227	0.951577	3.58195
96.3883	0.951578	3.58196
96.5539	0.951579	3.58196
96.7195	0.95158	3.58196
96.8852	0.951581	3.58197
97.0508	0.951582	3.58197
97.2164	0.951583	3.58197
97.382	0.951584	3.58198
97.5476	0.951585	3.58198
97.7132	0.951586	3.58198
97.8788	0.951586	3.58199
98.0444	0.951587	3.58199
98.2101	0.951588	3.58199
98.3757	0.951589	3.582
98.5413	0.95159	3.582
98.7069	0.951591	3.582
98.8725	0.951592	3.582
99.0381	0.951593	3.58201
99.2037	0.951594	3.58201
99.3693	0.951595	3.58201
99.535	0.951596	3.58202
99.7006	0.951597	3.58202
99.8662	0.951598	3.58202
100.032	0.951599	3.58203
100.197	0.9516	3.58203
100.363	0.951601	3.58203
100.529	0.951602	3.58204
100.694	0.951603	3.58204
100.86	0.951604	3.58204
101.025	0.951605	3.58205
101.191	0.951606	3.58205
101.357	0.951607	3.58205
101.522	0.951607	3.58206
101.688	0.951608	3.58206
101.854	0.951609	3.58206
102.019	0.95161	3.58206
102.185	0.951611	3.58207
102.35	0.951612	3.58207
102.516	0.951613	3.58207
102.682	0.951614	3.58208
102.847	0.951615	3.58208
103.013	0.951616	3.58208
103.178	0.951617	3.58209
103.344	0.951618	3.58209
103.51	0.951619	3.58209
103.675	0.95162	3.5821
103.841	0.951621	3.5821
104.007	0.951622	3.5821
104.172	0.951623	3.58211
104.338	0.951624	3.58211
104.503	0.951625	3.58211
104.669	0.951626	3.58211
104.835	0.951627	3.58212
105	0.951627	3.58212
105.166	0.951628	3.58212
105.331	0.951629	3.58213
105.497	0.95163	3.58213
105.663	0.951631	3.58213
105.828	0.951632	3.58214
105.994	0.951633	3.58214
106.159	0.951634	3.58214
106.325	0.951635	3.58215
106.491	0.951636	3.58215
106.656	0.951637	3.58215
106.822	0.951638	3.58216
106.988	0.951639	3.58216
107.153	0.95164	3.58216
107.319	0.951641	3.58217
107.484	0.951642	3.58217
107.65	0.951643	3.58217
107.816	0.951644	3.58217
107.981	0.951645	3.58218
108.147	0.951646	3.58218
108.312	0.951646	3.58218
108.478	0.951647	3.58219
108.644	0.951648	3.58219
108.809	0.951649	3.58219
108.975	0.95165	3.5822
109.14	0.951651	3.5822
109.306	0.951652	3.5822
109.472	0.951653	3.58221
109.637	0.951654	3.58221
109.803	0.951655	3.58221
109.969	0.951656	3.58222
110.134	0.951657	3.58222
110.3	0.951658	3.58222
110.465	0.951659	3.58222
110.631	0.95166	3.58223
110.797	0.951661	3.58223
110.962	0.951662	3.58223
111.128	0.951662	3.58224
111.293	0.951663	3.58224
111.459	0.951664	3.58224
111.625	0.951665	3.58225
111.79	0.951666	3.58225
111.956	0.951667	3.58225
112.122	0.951668	3.58226
112.287	0.951669	3.58226
112.453	0.95167	3.58226
112.618	0.951671	3.58227
112.784	0.951672	3.58227
112.95	0.951673	3.58227
113.115	0.951674	3.58227
113.281	0.951675	3.58228
113.446	0.951676	3.58228
113.612	0.951676	3.58228
113.778	0.951677	3.58229
113.943	0.951678	3.58229
114.109	0.951679	3.58229
114.274	0.95168	3.5823
114.44	0.951681	3.5823
114.606	0.951682	3.5823
114.771	0.951683	3.58231
114.937	0.951684	3.58231
115.103	0.951685	3.58231
115.268	0.951686	3.58232
115.434	0.951687	3.58232
115.599	0.951688	3.58232
115.765	0.951689	3.58233
115.931	0.951689	3.58233
116.096	0.95169	3.58233
116.262	0.951691	3.58233
116.427	0.951692	3.58234
116.593	0.951693	3.58234
116.759	0.951694	3.58234
116.924	0.951695	3.58235
117.09	0.951696	3.58235
117.256	0.951697	3.58235
117.421	0.951698	3.58236
117.587	0.951699	3.58236
117.752	0.9517	3.58236
117.918	0.951701	3.58237
118.084	0.951702	3.58237
118.249	0.951702	3.58237
118.415	0.951703	3.58238
118.58	0.951704	3.58238
118.746	0.951705	3.58238
118.912	0.951706	3.58238
119.077	0.951707	3.58239
119.243	0.951708	3.58239
119.408	0.951709	3.58239
119.574	0.95171	3.5824
119.74	0.951711	3.5824
119.905	0.951712	3.5824
120.071	0.951713	3.58241
120.237	0.951713	3.58241
120.402	0.951714	3.58241
120.568	0.951715	3.58242
120.733	0.951716	3.58242
120.899	0.951717	3.58242
121.065	0.951718	3.58243
121.23	0.951719	3.58243
121.396	0.95172	3.58243
121.561	0.951721	3.58244
121.727	0.951722	3.58244
121.893	0.951723	3.58244
122.058	0.951724	3.58244
122.224	0.951724	3.58245
122.39	0.951725	3.58245
122.555	0.951726	3.58245
122.721	0.951727	3.58246
122.886	0.951728	3.58246
123.052	0.951729	3.58246
123.218	0.95173	3.58247
123.383	0.951731	3.58247
123.549	0.951732	3.58247
123.714	0.951733	3.58248
123.88	0.951734	3.58248
124.046	0.951734	3.58248
124.211	0.951735	3.58249
124.377	0.951736	3.58249
124.542	0.951737	3.58249
124.708	0.951738	3.58249
124.874	0.951739	3.5825
125.039	0.95174	3.5825
125.205	0.951741	3.5825
125.371	0.951742	3.58251
125.536	0.951743	3.58251
125.702	0.951743	3.58251
125.867	0.951744	3.58252
126.033	0.951745	3.58252
126.199	0.951746	3.58252
126.364	0.951747	3.58253
126.53	0.951748	3.58253
126.695	0.951749	3.58253
126.861	0.95175	3.58254
127.027	0.951751	3.58254
127.192	0.951752	3.58254
127.358	0.951752	3.58254
127.524	0.951753	3.58255
127.689	0.951754	3.58255
127.855	0.951755	3.58255
128.02	0.951756	3.58256
128.186	0.951757	3.58256
128.352	0.951758	3.58256
128.517	0.951759	3.58257
128.683	0.95176	3.58257
128.848	0.951761	3.58257
129.014	0.951761	3.58258
129.18	0.951762	3.58258
129.345	0.951763	3.58258
129.511	0.951764	3.58259
129.676	0.951765	3.58259
129.842	0.951766	3.58259
130.008	0.951767	3.5826
130.173	0.951768	3.5826
130.339	0.951769	3.5826
130.505	0.951769	3.5826
130.67	0.95177	3.58261
130.836	0.951771	3.58261
131.001	0.951772	3.58261
131.167	0.951773	3.58262
131.333	0.951774	3.58262
131.498	0.951775	3.58262
131.664	0.951776	3.58263
131.829	0.951777	3.58263
131.995	0.951778	3.58263
132.161	0.951778	3.58264
132.326	0.951779	3.58264
132.492	0.95178	3.58264
132.658	0.951781	3.58265
132.823	0.951782	3.58265
132.989	0.951783	3.58265
133.154	0.951784	3.58265
133.32	0.951785	3.58266
133.486	0.951785	3.58266
133.651	0.951786	3.58266
133.817	0.951787	3.58267
133.982	0.951788	3.58267
134.148	0.951789	3.58267
134.314	0.95179	3.58268
134.479	0.951791	3.58268
134.645	0.951792	3.58268
134.81	0.951793	3.58269
134.976	0.951793	3.58269
135.142	0.951794	3.58269
135.307	0.951795	3.5827
135.473	0.951796	3.5827
135.639	0.951797	3.5827
135.804	0.951798	3.5827
135.97	0.951799	3.58271
136.135	0.9518	3.58271
136.301	0.9518	3.58271
136.467	0.951801	3.58272
136.632	0.951802	3.58272
136.798	0.951803	3.58272
136.963	0.951804	3.58273
137.129	0.951805	3.58273
137.295	0.951806	3.58273
137.46	0.951807	3.58274
137.626	0.951808	3.58274
137.792	0.951808	3.58274
137.957	0.951809	3.58275
138.123	0.95181	3.58275
138.288	0.951811	3.58275
138.454	0.951812	3.58275
138.62	0.951813	3.58276
138.785	0.951814	3.58276
138.951	0.951815	3.58276
139.116	0.951815	3.58277
139.282	0.951816	3.58277
139.448	0.951817	3.58277
139.613	0.951818	3.58278
139.779	0.951819	3.58278
139.944	0.95182	3.58278
140.11	0.951821	3.58279
140.276	0.951822	3.58279
140.441	0.951822	3.58279
140.607	0.951823	3.5828
140.773	0.951824	3.5828
140.938	0.951825	3.5828
141.104	0.951826	3.58281
141.269	0.951827	3.58281
141.435	0.951828	3.58281
141.601	0.951828	3.58281
141.766	0.951829	3.58282
141.932	0.95183	3.58282
142.097	0.951831	3.58282
142.263	0.951832	3.58283
142.429	0.951833	3.58283
142.594	0.951834	3.58283
142.76	0.951835	3.58284
142.926	0.951835	3.58284
143.091	0.951836	3.58284
143.257	0.951837	3.58285
143.422	0.951838	3.58285
143.588	0.951839	3.58285
143.754	0.95184	3.58286
143.919	0.951841	3.58286
144.085	0.951842	3.58286
144.25	0.951842	3.58286
144.416	0.951843	3.58287
144.582	0.951844	3.58287
144.747	0.951845	3.58287
144.913	0.951846	3.58288
145.078	0.951847	3.58288
145.244	0.951848	3.58288
145.41	0.951848	3.58289
145.575	0.951849	3.58289
145.741	0.95185	3.58289
145.907	0.951851	3.5829
146.072	0.951852	3.5829
146.238	0.951853	3.5829
146.403	0.951854	3.58291
146.569	0.951854	3.58291
146.735	0.951855	3.58291
146.9	0.951856	3.58291
147.066	0.951857	3.58292
147.231	0.951858	3.58292
147.397	0.951859	3.58292
147.563	0.95186	3.58293
147.728	0.95186	3.58293
147.894	0.951861	3.58293
148.06	0.951862	3.58294
148.225	0.951863	3.58294
148.391	0.951864	3.58294
148.556	0.951865	3.58295
148.722	0.951866	3.58295
148.888	0.951866	3.58295
149.053	0.951867	3.58296
149.217	0.951868	3.58296
149.383	0.951869	3.58296
149.548	0.95187	3.58297
149.714	0.951871	3.58297
149.88	0.951872	3.58297
150.045	0.951872	3.58297
150.211	0.951873	3.58298
150.376	0.951874	3.58298
150.542	0.951875	3.58298
150.708	0.951876	3.58299
150.873	0.951877	3.58299
151.039	0.951878	3.58299
151.204	0.951878	3.583
151.37	0.951879	3.583
151.536	0.95188	3.583
151.701	0.951881	3.58301
151.867	0.951882	3.58301
152.033	0.951883	3.58301
152.198	0.951884	3.58302
152.364	0.951884	3.58302
152.529	0.951885	3.58302
152.695	0.951886	3.58302
152.861	0.951887	3.58303
153.026	0.951888	3.58303
153.192	0.951889	3.58303
153.357	0.95189	3.58304
153.523	0.95189	3.58304
153.689	0.951891	3.58304
153.854	0.951892	3.58305
154.02	0.951893	3.58305
154.186	0.951894	3.58305
154.351	0.951895	3.58306
154.517	0.951896	3.58306
154.682	0.951896	3.58306
154.848	0.951897	3.58307
155.014	0.951898	3.58307
155.179	0.951899	3.58307
155.345	0.9519	3.58307
155.51	0.951901	3.58308
155.676	0.951901	3.58308
155.842	0.951902	3.58308
156.007	0.951903	3.58309
156.173	0.951904	3.58309
156.338	0.951905	3.58309
156.504	0.951906	3.5831
156.67	0.951907	3.5831
156.835	0.951907	3.5831
157.001	0.951908	3.58311
157.167	0.951909	3.58311
157.332	0.95191	3.58311
157.498	0.951911	3.58312
157.663	0.951912	3.58312
157.829	0.951912	3.58312
157.995	0.951913	3.58312
158.16	0.951914	3.58313
158.326	0.951915	3.58313
158.491	0.951916	3.58313
158.657	0.951917	3.58314
158.823	0.951918	3.58314
158.988	0.951918	3.58314
159.154	0.951919	3.58315
159.32	0.95192	3.58315
159.485	0.951921	3.58315
159.651	0.951922	3.58316
159.816	0.951923	3.58316
159.982	0.951923	3.58316
160.148	0.951924	3.58317
160.313	0.951925	3.58317
160.479	0.951926	3.58317
160.644	0.951927	3.58318
160.81	0.951928	3.58318
160.976	0.951928	3.58318
161.141	0.951929	3.58318
161.307	0.95193	3.58319
161.472	0.951931	3.58319
161.638	0.951932	3.58319
161.804	0.951933	3.5832
161.969	0.951933	3.5832
162.135	0.951934	3.5832
162.301	0.951935	3.58321
162.466	0.951936	3.58321
162.632	0.951937	3.58321
162.797	0.951938	3.58322
162.963	0.951939	3.58322
163.129	0.951939	3.58322
163.294	0.95194	3.58323
163.46	0.951941	3.58323
163.625	0.951942	3.58323
163.791	0.951943	3.58323
163.957	0.951944	3.58324
164.122	0.951944	3.58324
164.288	0.951945	3.58324
164.454	0.951946	3.58325
164.619	0.951947	3.58325
164.785	0.951948	3.58325
164.95	0.951949	3.58326
165.116	0.951949	3.58326
165.282	0.95195	3.58326
165.447	0.951951	3.58327
165.613	0.951952	3.58327
165.778	0.951953	3.58327
165.944	0.951954	3.58328
166.11	0.951954	3.58328
166.275	0.951955	3.58328
166.441	0.951956	3.58328
166.606	0.951957	3.58329
166.772	0.951958	3.58329
166.938	0.951959	3.58329
167.103	0.951959	3.5833
167.269	0.95196	3.5833
167.435	0.951961	3.5833
167.6	0.951962	3.58331
167.766	0.951963	3.58331
167.931	0.951964	3.58331
168.097	0.951964	3.58332
168.263	0.951965	3.58332
168.428	0.951966	3.58332
168.594	0.951967	3.58333
168.759	0.951968	3.58333
168.925	0.951969	3.58333
169.091	0.951969	3.58333
169.256	0.95197	3.58334
169.422	0.951971	3.58334
169.588	0.951972	3.58334
169.753	0.951973	3.58335
169.919	0.951974	3.58335
170.084	0.951974	3.58335
170.25	0.951975	3.58336
170.416	0.951976	3.58336
170.581	0.951977	3.58336
170.747	0.951978	3.58337
170.912	0.951979	3.58337
171.078	0.951979	3.58337
171.244	0.95198	3.58338
171.409	0.951981	3.58338
171.575	0.951982	3.58338
171.74	0.951983	3.58339
171.906	0.951984	3.58339
172.072	0.951984	3.58339
172.237	0.951985	3.58339
172.403	0.951986	3.5834
172.569	0.951987	3.5834
172.734	0.951988	3.5834
172.9	0.951989	3.58341
173.065	0.951989	3.58341
173.231	0.95199	3.58341
173.397	0.951991	3.58342
173.562	0.951992	3.58342
173.728	0.951993	3.58342
173.893	0.951993	3.58343
174.059	0.951994	3.58343
174.225	0.951995	3.58343
174.39	0.951996	3.58344
174.556	0.951997	3.58344
174.722	0.951998	3.58344
174.887	0.951998	3.58344
175.053	0.951999	3.58345
175.218	0.952	3.58345
175.384	0.952001	3.58345
175.55	0.952002	3.58346
175.715	0.952003	3.58346
175.881	0.952003	3.58346
176.046	0.952004	3.58347
176.212	0.952005	3.58347
176.378	0.952006	3.58347
176.543	0.952007	3.58348
176.709	0.952007	3.58348
176.874	0.952008	3.58348
177.04	0.952009	3.58349
177.206	0.95201	3.58349
177.371	0.952011	3.58349
177.537	0.952012	3.58349
177.703	0.952012	3.5835
177.868	0.952013	3.5835
178.034	0.952014	3.5835
178.199	0.952015	3.58351
178.365	0.952016	3.58351
178.531	0.952017	3.58351
178.696	0.952017	3.58352
178.862	0.952018	3.58352
179.027	0.952019	3.58352
179.193	0.95202	3.58353
179.359	0.952021	3.58353
179.524	0.952021	3.58353
179.69	0.952022	3.58354
179.856	0.952023	3.58354
180.021	0.952024	3.58354
180.187	0.952025	3.58354
180.352	0.952026	3.58355
180.518	0.952026	3.58355
180.684	0.952027	3.58355
180.849	0.952028	3.58356
181.015	0.952029	3.58356
181.18	0.95203	3.58356
181.346	0.952031	3.58357
181.512	0.952031	3.58357
181.677	0.952032	3.58357
181.843	0.952033	3.58358
182.008	0.952034	3.58358
182.174	0.952035	3.58358
182.34	0.952035	3.58359
182.505	0.952036	3.58359
182.671	0.952037	3.58359
182.837	0.952038	3.58359
183.002	0.952039	3.5836
183.168	0.95204	3.5836
183.333	0.95204	3.5836
183.499	0.952041	3.58361
183.665	0.952042	3.58361
183.83	0.952043	3.58361
183.996	0.952044	3.58362
184.161	0.952044	3.58362
184.327	0.952045	3.58362
184.493	0.952046	3.58363
184.658	0.952047	3.58363
184.824	0.952048	3.58363
184.99	0.952049	3.58364
185.155	0.952049	3.58364
185.321	0.95205	3.58364
185.486	0.952051	3.58365
185.652	0.952052	3.58365
185.818	0.952053	3.58365
185.983	0.952053	3.58365
186.149	0.952054	3.58366
186.314	0.952055	3.58366
186.48	0.952056	3.58366
186.646	0.952057	3.58367
186.811	0.952058	3.58367
186.977	0.952058	3.58367
187.142	0.952059	3.58368
187.308	0.95206	3.58368
187.474	0.952061	3.58368
187.639	0.952062	3.58369
187.805	0.952062	3.58369
187.971	0.952063	3.58369
188.136	0.952064	3.5837
188.302	0.952065	3.5837
188.467	0.952066	3.5837
188.633	0.952066	3.5837
188.799	0.952067	3.58371
188.964	0.952068	3.58371
189.13	0.952069	3.58371
189.295	0.95207	3.58372
189.461	0.952071	3.58372
189.627	0.952071	3.58372
189.792	0.952072	3.58373
189.958	0.952073	3.58373
190.124	0.952074	3.58373
190.289	0.952075	3.58374
190.455	0.952075	3.58374
190.62	0.952076	3.58374
190.786	0.952077	3.58375
190.952	0.952078	3.58375
191.117	0.952079	3.58375
191.283	0.952079	3.58375
191.448	0.95208	3.58376
191.614	0.952081	3.58376
191.78	0.952082	3.58376
191.945	0.952083	3.58377
192.111	0.952084	3.58377
192.276	0.952084	3.58377
192.442	0.952085	3.58378
192.608	0.952086	3.58378
192.773	0.952087	3.58378
192.939	0.952088	3.58379
193.105	0.952088	3.58379
193.27	0.952089	3.58379
193.436	0.95209	3.5838
193.601	0.952091	3.5838
193.767	0.952092	3.5838
193.933	0.952092	3.5838
194.098	0.952093	3.58381
194.264	0.952094	3.58381
194.429	0.952095	3.58381
194.595	0.952096	3.58382
194.761	0.952097	3.58382
194.926	0.952097	3.58382
195.092	0.952098	3.58383
195.258	0.952099	3.58383
195.423	0.9521	3.58383
195.589	0.952101	3.58384
195.754	0.952101	3.58384
195.92	0.952102	3.58384
196.086	0.952103	3.58385
196.251	0.952104	3.58385
196.417	0.952105	3.58385
196.582	0.952105	3.58385
196.748	0.952106	3.58386
196.914	0.952107	3.58386
197.079	0.952108	3.58386
197.245	0.952109	3.58387
197.41	0.952109	3.58387
197.576	0.95211	3.58387
197.742	0.952111	3.58388
197.907	0.952112	3.58388
198.073	0.952113	3.58388
198.239	0.952114	3.58389
198.404	0.952114	3.58389
198.57	0.952115	3.58389
198.735	0.952116	3.5839
198.901	0.952117	3.5839
199.067	0.952118	3.5839
199.232	0.952118	3.58391
199.398	0.952119	3.58391
199.563	0.95212	3.58391
199.729	0.952121	3.58391
199.895	0.952122	3.58392
200.06	0.952122	3.58392
200.226	0.952123	3.58392
200.392	0.952124	3.58393
200.557	0.952125	3.58393
200.723	0.952126	3.58393
200.888	0.952126	3.58394
201.054	0.952127	3.58394
201.22	0.952128	3.58394
201.385	0.952129	3.58395
201.551	0.95213	3.58395
201.716	0.95213	3.58395
201.882	0.952131	3.58396
202.048	0.952132	3.58396
202.213	0.952133	3.58396
202.379	0.952134	3.58396
202.544	0.952134	3.58397
202.71	0.952135	3.58397
202.876	0.952136	3.58397
203.041	0.952137	3.58398
203.207	0.952138	3.58398
203.373	0.952139	3.58398
203.538	0.952139	3.58399
203.704	0.95214	3.58399
203.869	0.952141	3.58399
204.035	0.952142	3.584
204.201	0.952143	3.584
204.366	0.952143	3.584
204.532	0.952144	3.58401
204.697	0.952145	3.58401
204.863	0.952146	3.58401
205.029	0.952147	3.58401
205.194	0.952147	3.58402
205.36	0.952148	3.58402
205.526	0.952149	3.58402
205.691	0.95215	3.58403
205.857	0.952151	3.58403
206.022	0.952151	3.58403
206.188	0.952152	3.58404
206.354	0.952153	3.58404
206.519	0.952154	3.58404
206.685	0.952155	3.58405
206.85	0.952155	3.58405
207.016	0.952156	3.58405
207.182	0.952157	3.58406
207.347	0.952158	3.58406
207.513	0.952159	3.58406
207.678	0.952159	3.58406
207.844	0.95216	3.58407
208.01	0.952161	3.58407
208.175	0.952162	3.58407
208.341	0.952163	3.58408
208.507	0.952163	3.58408
208.672	0.952164	3.58408
208.838	0.952165	3.58409
209.003	0.952166	3.58409
209.169	0.952167	3.58409
209.335	0.952167	3.5841
209.5	0.952168	3.5841
209.666	0.952169	3.5841
209.831	0.95217	3.58411
209.997	0.952171	3.58411
210.163	0.952171	3.58411
210.328	0.952172	3.58411
210.494	0.952173	3.58412
210.659	0.952174	3.58412
210.825	0.952175	3.58412
210.991	0.952175	3.58413
211.156	0.952176	3.58413
211.322	0.952177	3.58413
211.488	0.952178	3.58414
211.653	0.952179	3.58414
211.819	0.952179	3.58414
211.984	0.95218	3.58415
212.15	0.952181	3.58415
212.316	0.952182	3.58415
212.481	0.952183	3.58416
212.647	0.952183	3.58416
212.812	0.952184	3.58416
212.978	0.952185	3.58416
213.144	0.952186	3.58417
213.309	0.952187	3.58417
213.475	0.952187	3.58417
213.641	0.952188	3.58418
213.806	0.952189	3.58418
213.972	0.95219	3.58418
214.137	0.952191	3.58419
214.303	0.952191	3.58419
214.469	0.952192	3.58419
214.634	0.952193	3.5842
214.8	0.952194	3.5842
214.965	0.952195	3.5842
215.131	0.952195	3.58421
215.297	0.952196	3.58421
215.462	0.952197	3.58421
215.628	0.952198	3.58422
215.793	0.952199	3.58422
215.959	0.952199	3.58422
216.125	0.9522	3.58422
216.29	0.952201	3.58423
216.456	0.952202	3.58423
216.622	0.952203	3.58423
216.787	0.952203	3.58424
216.953	0.952204	3.58424
217.118	0.952205	3.58424
217.284	0.952206	3.58425
217.45	0.952207	3.58425
217.615	0.952207	3.58425
217.781	0.952208	3.58426
217.946	0.952209	3.58426
218.112	0.95221	3.58426
218.278	0.952211	3.58427
218.443	0.952211	3.58427
218.609	0.952212	3.58427
218.775	0.952213	3.58427
218.94	0.952214	3.58428
219.106	0.952215	3.58428
219.271	0.952215	3.58428
219.437	0.952216	3.58429
219.603	0.952217	3.58429
219.768	0.952218	3.58429
219.934	0.952219	3.5843
220.099	0.952219	3.5843
220.265	0.95222	3.5843
220.431	0.952221	3.58431
220.596	0.952222	3.58431
220.762	0.952223	3.58431
220.927	0.952223	3.58432
221.093	0.952224	3.58432
221.259	0.952225	3.58432
221.424	0.952226	3.58432
221.59	0.952227	3.58433
221.756	0.952227	3.58433
221.921	0.952228	3.58433
222.087	0.952229	3.58434
222.252	0.95223	3.58434
222.418	0.952231	3.58434
222.584	0.952231	3.58435
222.749	0.952232	3.58435
222.915	0.952233	3.58435
223.08	0.952234	3.58436
223.246	0.952235	3.58436
223.412	0.952235	3.58436
223.577	0.952236	3.58437
223.743	0.952237	3.58437
223.909	0.952238	3.58437
224.074	0.952239	3.58437
224.24	0.952239	3.58438
224.405	0.95224	3.58438
224.571	0.952241	3.58438
224.737	0.952242	3.58439
224.902	0.952242	3.58439
225.068	0.952243	3.58439
225.233	0.952244	3.5844
225.399	0.952245	3.5844
225.565	0.952246	3.5844
225.73	0.952246	3.58441
225.896	0.952247	3.58441
226.061	0.952248	3.58441
226.227	0.952249	3.58442
226.393	0.95225	3.58442
226.558	0.95225	3.58442
226.724	0.952251	3.58442
226.89	0.952252	3.58443
227.055	0.952253	3.58443
227.221	0.952254	3.58443
227.386	0.952254	3.58444
227.552	0.952255	3.58444
227.718	0.952256	3.58444
227.883	0.952257	3.58445
228.049	0.952258	3.58445
228.214	0.952258	3.58445
228.38	0.952259	3.58446
228.546	0.95226	3.58446
228.711	0.952261	3.58446
228.877	0.952262	3.58447
229.043	0.952262	3.58447
229.208	0.952263	3.58447
229.374	0.952264	3.58447
229.539	0.952265	3.58448
229.705	0.952266	3.58448
229.871	0.952266	3.58448
230.036	0.952267	3.58449
230.202	0.952268	3.58449
230.367	0.952269	3.58449
230.533	0.952269	3.5845
230.699	0.95227	3.5845
230.864	0.952271	3.5845
231.03	0.952272	3.58451
231.195	0.952273	3.58451
231.361	0.952273	3.58451
231.527	0.952274	3.58452
231.692	0.952275	3.58452
231.858	0.952276	3.58452
232.024	0.952277	3.58452
232.189	0.952277	3.58453
232.355	0.952278	3.58453
232.52	0.952279	3.58453
232.686	0.95228	3.58454
232.852	0.952281	3.58454
233.017	0.952281	3.58454
233.183	0.952282	3.58455
233.348	0.952283	3.58455
233.514	0.952284	3.58455
233.68	0.952285	3.58456
233.845	0.952285	3.58456
234.011	0.952286	3.58456
234.177	0.952287	3.58457
234.342	0.952288	3.58457
234.508	0.952288	3.58457
234.673	0.952289	3.58457
234.839	0.95229	3.58458
235.005	0.952291	3.58458
235.17	0.952292	3.58458
235.336	0.952292	3.58459
235.501	0.952293	3.58459
235.667	0.952294	3.58459
235.833	0.952295	3.5846
235.998	0.952296	3.5846
236.164	0.952296	3.5846
236.329	0.952297	3.58461
236.495	0.952298	3.58461
236.661	0.952299	3.58461
236.826	0.9523	3.58462
236.992	0.9523	3.58462
237.158	0.952301	3.58462
237.323	0.952302	3.58462
237.489	0.952303	3.58463
237.654	0.952304	3.58463
237.82	0.952304	3.58463
237.986	0.952305	3.58464
238.151	0.952306	3.58464
238.317	0.952307	3.58464
238.482	0.952307	3.58465
238.648	0.952308	3.58465
238.814	0.952309	3.58465
238.979	0.95231	3.58466
239.145	0.952311	3.58466
239.311	0.952311	3.58466
239.476	0.952312	3.58467
239.642	0.952313	3.58467
239.807	0.952314	3.58467
239.973	0.952315	3.58468
240.139	0.952315	3.58468
240.304	0.952316	3.58468
240.47	0.952317	3.58468
240.635	0.952318	3.58469
240.801	0.952319	3.58469
240.967	0.952319	3.58469
241.132	0.95232	3.5847
241.298	0.952321	3.5847
241.463	0.952322	3.5847
241.629	0.952322	3.58471
241.795	0.952323	3.58471
241.96	0.952324	3.58471
242.126	0.952325	3.58472
242.292	0.952326	3.58472
242.457	0.952326	3.58472
242.623	0.952327	3.58473
242.788	0.952328	3.58473
242.954	0.952329	3.58473
243.12	0.95233	3.58473
243.285	0.95233	3.58474
243.451	0.952331	3.58474
243.616	0.952332	3.58474
243.782	0.952333	3.58475
243.948	0.952334	3.58475
244.113	0.952334	3.58475
244.279	0.952335	3.58476
244.445	0.952336	3.58476
244.61	0.952337	3.58476
244.776	0.952337	3.58477
244.941	0.952338	3.58477
245.107	0.952339	3.58477
245.273	0.95234	3.58478
245.438	0.952341	3.58478
245.604	0.952341	3.58478
245.769	0.952342	3.58478
245.935	0.952343	3.58479
246.101	0.952344	3.58479
246.266	0.952345	3.58479
246.432	0.952345	3.5848
246.597	0.952346	3.5848
246.763	0.952347	3.5848
246.929	0.952348	3.58481
247.094	0.952349	3.58481
247.26	0.952349	3.58481
247.426	0.95235	3.58482
247.591	0.952351	3.58482
247.757	0.952352	3.58482
247.922	0.952352	3.58483
248.088	0.952353	3.58483
248.254	0.952354	3.58483
248.419	0.952355	3.58483
248.585	0.952356	3.58484
248.75	0.952356	3.58484
248.916	0.952357	3.58484
249.082	0.952358	3.58485
249.247	0.952359	3.58485
249.413	0.95236	3.58485
249.579	0.95236	3.58486
249.744	0.952361	3.58486
249.91	0.952362	3.58486
250.075	0.952363	3.58487
250.241	0.952363	3.58487
250.407	0.952364	3.58487
250.572	0.952365	3.58488
250.738	0.952366	3.58488
250.903	0.952367	3.58488
251.069	0.952367	3.58488
251.235	0.952368	3.58489
251.4	0.952369	3.58489
251.566	0.95237	3.58489
251.731	0.952371	3.5849
251.897	0.952371	3.5849
252.063	0.952372	3.5849
252.228	0.952373	3.58491
252.394	0.952374	3.58491
252.56	0.952375	3.58491
252.725	0.952375	3.58492
252.891	0.952376	3.58492
253.056	0.952377	3.58492
253.222	0.952378	3.58493
253.388	0.952378	3.58493
253.553	0.952379	3.58493
253.719	0.95238	3.58493
253.884	0.952381	3.58494
254.05	0.952382	3.58494
254.216	0.952382	3.58494
254.381	0.952383	3.58495
254.547	0.952384	3.58495
254.713	0.952385	3.58495
254.878	0.952386	3.58496
255.044	0.952386	3.58496
255.209	0.952387	3.58496
255.375	0.952388	3.58497
255.541	0.952389	3.58497
255.706	0.952389	3.58497
255.872	0.95239	3.58498
256.037	0.952391	3.58498
256.203	0.952392	3.58498
256.369	0.952393	3.58498
256.534	0.952393	3.58499
256.7	0.952394	3.58499
256.865	0.952395	3.58499
257.031	0.952396	3.585
257.197	0.952397	3.585
257.362	0.952397	3.585
257.528	0.952398	3.58501
257.694	0.952399	3.58501
257.859	0.9524	3.58501
258.025	0.9524	3.58502
258.19	0.952401	3.58502
258.356	0.952402	3.58502
258.522	0.952403	3.58503
258.687	0.952404	3.58503
258.853	0.952404	3.58503
259.018	0.952405	3.58503
259.184	0.952406	3.58504
259.35	0.952407	3.58504
259.515	0.952408	3.58504
259.681	0.952408	3.58505
259.847	0.952409	3.58505
260.012	0.95241	3.58505
260.178	0.952411	3.58506
260.343	0.952411	3.58506
260.509	0.952412	3.58506
260.675	0.952413	3.58507
260.84	0.952414	3.58507
261.006	0.952415	3.58507
261.171	0.952415	3.58508
261.337	0.952416	3.58508
261.503	0.952417	3.58508
261.668	0.952418	3.58508
261.834	0.952418	3.58509
261.999	0.952419	3.58509
262.165	0.95242	3.58509
262.331	0.952421	3.5851
262.496	0.952422	3.5851
262.662	0.952422	3.5851
262.828	0.952423	3.58511
262.993	0.952424	3.58511
263.159	0.952425	3.58511
263.324	0.952426	3.58512
263.49	0.952426	3.58512
263.656	0.952427	3.58512
263.821	0.952428	3.58513
263.987	0.952429	3.58513
264.152	0.952429	3.58513
264.318	0.95243	3.58513
264.484	0.952431	3.58514
264.649	0.952432	3.58514
264.815	0.952433	3.58514
264.98	0.952433	3.58515
265.146	0.952434	3.58515
265.312	0.952435	3.58515
265.477	0.952436	3.58516
265.643	0.952437	3.58516
265.809	0.952437	3.58516
265.974	0.952438	3.58517
266.14	0.952439	3.58517
266.305	0.95244	3.58517
266.471	0.95244	3.58518
266.637	0.952441	3.58518
266.802	0.952442	3.58518
266.968	0.952443	3.58518
267.133	0.952444	3.58519
267.299	0.952444	3.58519
267.465	0.952445	3.58519
267.63	0.952446	3.5852
267.796	0.952447	3.5852
267.962	0.952447	3.5852
268.127	0.952448	3.58521
268.293	0.952449	3.58521
268.458	0.95245	3.58521
268.624	0.952451	3.58522
268.79	0.952451	3.58522
268.955	0.952452	3.58522
269.121	0.952453	3.58523
269.286	0.952454	3.58523
269.452	0.952455	3.58523
269.618	0.952455	3.58523
269.783	0.952456	3.58524
269.949	0.952457	3.58524
270.114	0.952458	3.58524
270.28	0.952458	3.58525
270.446	0.952459	3.58525
270.611	0.95246	3.58525
270.777	0.952461	3.58526
270.943	0.952462	3.58526
271.108	0.952462	3.58526
271.274	0.952463	3.58527
271.439	0.952464	3.58527
271.605	0.952465	3.58527
271.771	0.952466	3.58528
271.936	0.952466	3.58528
272.102	0.952467	3.58528
272.267	0.952468	3.58528
272.433	0.952469	3.58529
272.599	0.952469	3.58529
272.764	0.95247	3.58529
272.93	0.952471	3.5853
273.096	0.952472	3.5853
273.261	0.952473	3.5853
273.427	0.952473	3.58531
273.592	0.952474	3.58531
273.758	0.952475	3.58531
273.924	0.952476	3.58532
274.089	0.952476	3.58532
274.255	0.952477	3.58532
274.42	0.952478	3.58533
274.586	0.952479	3.58533
274.752	0.95248	3.58533
274.917	0.95248	3.58533
275.083	0.952481	3.58534
275.248	0.952482	3.58534
275.414	0.952483	3.58534
275.58	0.952483	3.58535
275.745	0.952484	3.58535
275.911	0.952485	3.58535
276.077	0.952486	3.58536
276.242	0.952487	3.58536
276.408	0.952487	3.58536
276.573	0.952488	3.58537
276.739	0.952489	3.58537
276.905	0.95249	3.58537
277.07	0.952491	3.58538
277.236	0.952491	3.58538
277.401	0.952492	3.58538
277.567	0.952493	3.58538
277.733	0.952494	3.58539
277.898	0.952494	3.58539
278.064	0.952495	3.58539
278.23	0.952496	3.5854
278.395	0.952497	3.5854
278.561	0.952498	3.5854
278.726	0.952498	3.58541
278.892	0.952499	3.58541
279.058	0.9525	3.58541
279.223	0.952501	3.58542
279.389	0.952501	3.58542
279.554	0.952502	3.58542
279.72	0.952503	3.58543
279.886	0.952504	3.58543
280.051	0.952505	3.58543
280.217	0.952505	3.58543
280.382	0.952506	3.58544
280.548	0.952507	3.58544
280.714	0.952508	3.58544
280.879	0.952508	3.58545
281.045	0.952509	3.58545
281.211	0.95251	3.58545
281.376	0.952511	3.58546
281.542	0.952512	3.58546
281.707	0.952512	3.58546
281.873	0.952513	3.58547
282.039	0.952514	3.58547
282.204	0.952515	3.58547
282.37	0.952516	3.58548
282.535	0.952516	3.58548
282.701	0.952517	3.58548
282.867	0.952518	3.58548
283.032	0.952519	3.58549
283.198	0.952519	3.58549
283.364	0.95252	3.58549
283.529	0.952521	3.5855
283.695	0.952522	3.5855
283.86	0.952523	3.5855
284.026	0.952523	3.58551
284.192	0.952524	3.58551
284.357	0.952525	3.58551
284.523	0.952526	3.58552
284.688	0.952526	3.58552
284.854	0.952527	3.58552
285.02	0.952528	3.58553
285.185	0.952529	3.58553
285.351	0.95253	3.58553
285.516	0.95253	3.58553
285.682	0.952531	3.58554
285.848	0.952532	3.58554
286.013	0.952533	3.58554
286.179	0.952533	3.58555
286.345	0.952534	3.58555
286.51	0.952535	3.58555
286.676	0.952536	3.58556
286.841	0.952537	3.58556
287.007	0.952537	3.58556
287.173	0.952538	3.58557
287.338	0.952539	3.58557
287.504	0.95254	3.58557
287.669	0.95254	3.58558
287.835	0.952541	3.58558
288.001	0.952542	3.58558
288.166	0.952543	3.58558
288.332	0.952544	3.58559
288.498	0.952544	3.58559
288.663	0.952545	3.58559
288.829	0.952546	3.5856
288.994	0.952547	3.5856
289.16	0.952548	3.5856
289.326	0.952548	3.58561
289.491	0.952549	3.58561
289.657	0.95255	3.58561
289.822	0.952551	3.58562
289.988	0.952551	3.58562
290.154	0.952552	3.58562
290.319	0.952553	3.58563
290.485	0.952554	3.58563
290.65	0.952555	3.58563
290.816	0.952555	3.58563
290.982	0.952556	3.58564
291.147	0.952557	3.58564
291.313	0.952558	3.58564
291.479	0.952558	3.58565
291.644	0.952559	3.58565
291.81	0.95256	3.58565
291.975	0.952561	3.58566
292.141	0.952562	3.58566
292.307	0.952562	3.58566
292.472	0.952563	3.58567
292.638	0.952564	3.58567
292.803	0.952565	3.58567
292.969	0.952565	3.58568
293.135	0.952566	3.58568
293.3	0.952567	3.58568
293.466	0.952568	3.58568
293.632	0.952569	3.58569
293.797	0.952569	3.58569
293.963	0.95257	3.58569
294.128	0.952571	3.5857
294.294	0.952572	3.5857
294.46	0.952572	3.5857
294.625	0.952573	3.58571
294.791	0.952574	3.58571
294.956	0.952575	3.58571
295.122	0.952576	3.58572
295.288	0.952576	3.58572
295.453	0.952577	3.58572
295.619	0.952578	3.58573
295.784	0.952579	3.58573
295.95	0.952579	3.58573
296.116	0.95258	3.58573
296.281	0.952581	3.58574
296.447	0.952582	3.58574
296.613	0.952583	3.58574
296.778	0.952583	3.58575
296.944	0.952584	3.58575
297.109	0.952585	3.58575
297.275	0.952586	3.58576
297.441	0.952586	3.58576
297.606	0.952587	3.58576
297.772	0.952588	3.58577
297.937	0.952589	3.58577
298.103	0.95259	3.58577
298.269	0.95259	3.58578
298.434	0.952591	3.58578
298.6	0.952592	3.58578
298.766	0.952593	3.58578
298.931	0.952593	3.58579
299.097	0.952594	3.58579
299.262	0.952595	3.58579
299.428	0.952596	3.5858
299.594	0.952597	3.5858
299.759	0.952597	3.5858
299.925	0.952598	3.58581
300.09	0.952599	3.58581
300.256	0.9526	3.58581
300.422	0.9526	3.58582
300.587	0.952601	3.58582
300.753	0.952602	3.58582
300.918	0.952603	3.58583
301.084	0.952604	3.58583
301.25	0.952604	3.58583
301.415	0.952605	3.58583
301.581	0.952606	3.58584
301.747	0.952607	3.58584
301.912	0.952607	3.58584
302.078	0.952608	3.58585
302.243	0.952609	3.58585
302.409	0.95261	3.58585
302.575	0.952611	3.58586
302.74	0.952611	3.58586
302.906	0.952612	3.58586
303.071	0.952613	3.58587
303.237	0.952614	3.58587
303.403	0.952614	3.58587
303.568	0.952615	3.58588
303.734	0.952616	3.58588
303.9	0.952617	3.58588
304.065	0.952618	3.58588
304.231	0.952618	3.58589
304.396	0.952619	3.58589
304.562	0.95262	3.58589
304.728	0.952621	3.5859
304.893	0.952621	3.5859
305.059	0.952622	3.5859
305.224	0.952623	3.58591
305.39	0.952624	3.58591
305.556	0.952625	3.58591
305.721	0.952625	3.58592
305.887	0.952626	3.58592
306.052	0.952627	3.58592
306.218	0.952628	3.58593
306.384	0.952628	3.58593
306.549	0.952629	3.58593
306.715	0.95263	3.58593
306.881	0.952631	3.58594
307.046	0.952632	3.58594
307.212	0.952632	3.58594
307.377	0.952633	3.58595
307.543	0.952634	3.58595
307.709	0.952635	3.58595
307.874	0.952635	3.58596
308.04	0.952636	3.58596
308.205	0.952637	3.58596
308.371	0.952638	3.58597
308.537	0.952639	3.58597
308.702	0.952639	3.58597
308.868	0.95264	3.58598
309.034	0.952641	3.58598
309.199	0.952642	3.58598
309.365	0.952642	3.58598
309.53	0.952643	3.58599
309.696	0.952644	3.58599
309.862	0.952645	3.58599
310.027	0.952646	3.586
310.193	0.952646	3.586
310.358	0.952647	3.586
310.524	0.952648	3.58601
310.69	0.952649	3.58601
310.855	0.952649	3.58601
311.021	0.95265	3.58602
311.186	0.952651	3.58602
311.352	0.952652	3.58602
311.518	0.952653	3.58603
311.683	0.952653	3.58603
311.849	0.952654	3.58603
312.015	0.952655	3.58603
312.18	0.952656	3.58604
312.346	0.952656	3.58604
312.511	0.952657	3.58604
312.677	0.952658	3.58605
312.844	0.952659	3.58605
313.01	0.95266	3.58605
313.175	0.95266	3.58606
313.341	0.952661	3.58606
313.507	0.952662	3.58606
313.672	0.952663	3.58607
313.838	0.952663	3.58607
314.004	0.952664	3.58607
314.169	0.952665	3.58608
314.335	0.952666	3.58608
314.5	0.952667	3.58608
314.666	0.952667	3.58608
314.832	0.952668	3.58609
314.997	0.952669	3.58609
315.163	0.95267	3.58609
315.328	0.95267	3.5861
315.494	0.952671	3.5861
315.66	0.952672	3.5861
315.825	0.952673	3.58611
315.991	0.952673	3.58611
316.157	0.952674	3.58611
316.322	0.952675	3.58612
316.488	0.952676	3.58612
316.653	0.952677	3.58612
316.819	0.952677	3.58613
316.985	0.952678	3.58613
317.15	0.952679	3.58613
317.316	0.95268	3.58613
317.481	0.95268	3.58614
317.647	0.952681	3.58614
317.813	0.952682	3.58614
317.978	0.952683	3.58615
318.144	0.952684	3.58615
318.309	0.952684	3.58615
318.475	0.952685	3.58616
318.641	0.952686	3.58616
318.806	0.952687	3.58616
318.972	0.952687	3.58617
319.138	0.952688	3.58617
319.303	0.952689	3.58617
319.469	0.95269	3.58618
319.634	0.952691	3.58618
319.8	0.952691	3.58618
319.966	0.952692	3.58618
320.131	0.952693	3.58619
320.297	0.952694	3.58619
320.462	0.952694	3.58619
320.628	0.952695	3.5862
320.794	0.952696	3.5862
320.959	0.952697	3.5862
321.125	0.952698	3.58621
321.291	0.952698	3.58621
321.456	0.952699	3.58621
321.622	0.9527	3.58622
321.787	0.952701	3.58622
321.953	0.952701	3.58622
322.119	0.952702	3.58623
322.284	0.952703	3.58623
322.45	0.952704	3.58623
322.615	0.952705	3.58623
322.781	0.952705	3.58624
322.947	0.952706	3.58624
323.112	0.952707	3.58624
323.278	0.952708	3.58625
323.443	0.952708	3.58625
323.609	0.952709	3.58625
323.775	0.95271	3.58626
323.94	0.952711	3.58626
324.106	0.952711	3.58626
324.272	0.952712	3.58627
324.437	0.952713	3.58627
324.603	0.952714	3.58627
324.768	0.952715	3.58628
324.934	0.952715	3.58628
325.1	0.952716	3.58628
325.265	0.952717	3.58628
325.431	0.952718	3.58629
325.596	0.952718	3.58629
325.762	0.952719	3.58629
325.928	0.95272	3.5863
326.093	0.952721	3.5863
326.259	0.952722	3.5863
326.425	0.952722	3.58631
326.59	0.952723	3.58631
326.756	0.952724	3.58631
326.921	0.952725	3.58632
327.087	0.952725	3.58632
327.253	0.952726	3.58632
327.418	0.952727	3.58633
327.584	0.952728	3.58633
327.749	0.952729	3.58633
327.915	0.952729	3.58633
328.081	0.95273	3.58634
328.246	0.952731	3.58634
328.412	0.952732	3.58634
328.577	0.952732	3.58635
328.743	0.952733	3.58635
328.909	0.952734	3.58635
329.074	0.952735	3.58636
329.24	0.952735	3.58636
329.406	0.952736	3.58636
329.571	0.952737	3.58637
329.737	0.952738	3.58637
329.902	0.952739	3.58637
330.068	0.952739	3.58638
330.234	0.95274	3.58638
330.399	0.952741	3.58638
330.565	0.952742	3.58638
330.73	0.952742	3.58639
330.896	0.952743	3.58639
331.062	0.952744	3.58639
331.227	0.952745	3.5864
331.393	0.952746	3.5864
331.559	0.952746	3.5864
331.724	0.952747	3.58641
331.89	0.952748	3.58641
332.055	0.952749	3.58641
332.221	0.952749	3.58642
332.387	0.95275	3.58642
332.552	0.952751	3.58642
332.718	0.952752	3.58643
332.883	0.952753	3.58643
333.049	0.952753	3.58643
333.215	0.952754	3.58643
333.38	0.952755	3.58644
333.546	0.952756	3.58644
333.711	0.952756	3.58644
333.877	0.952757	3.58645
334.043	0.952758	3.58645
334.208	0.952759	3.58645
334.374	0.952759	3.58646
334.54	0.95276	3.58646
334.705	0.952761	3.58646
334.871	0.952762	3.58647
335.036	0.952763	3.58647
335.202	0.952763	3.58647
335.368	0.952764	3.58647
335.533	0.952765	3.58648
335.699	0.952766	3.58648
335.864	0.952766	3.58648
336.03	0.952767	3.58649
336.196	0.952768	3.58649
336.361	0.952769	3.58649
336.527	0.95277	3.5865
336.693	0.95277	3.5865
336.858	0.952771	3.5865
337.024	0.952772	3.58651
337.189	0.952773	3.58651
337.355	0.952773	3.58651
337.521	0.952774	3.58652
337.686	0.952775	3.58652
337.852	0.952776	3.58652
338.017	0.952777	3.58652
338.183	0.952777	3.58653
338.349	0.952778	3.58653
338.514	0.952779	3.58653
338.68	0.95278	3.58654
338.845	0.95278	3.58654
339.011	0.952781	3.58654
339.177	0.952782	3.58655
339.342	0.952783	3.58655
339.508	0.952783	3.58655
339.674	0.952784	3.58656
339.839	0.952785	3.58656
340.005	0.952786	3.58656
340.17	0.952787	3.58657
340.336	0.952787	3.58657
340.502	0.952788	3.58657
340.667	0.952789	3.58657
340.833	0.95279	3.58658
340.998	0.95279	3.58658
341.164	0.952791	3.58658
341.33	0.952792	3.58659
341.495	0.952793	3.58659
341.661	0.952794	3.58659
341.827	0.952794	3.5866
341.992	0.952795	3.5866
342.158	0.952796	3.5866
342.323	0.952797	3.58661
342.489	0.952797	3.58661
342.655	0.952798	3.58661
342.82	0.952799	3.58662
342.986	0.9528	3.58662
343.151	0.9528	3.58662
343.317	0.952801	3.58662
343.483	0.952802	3.58663
343.648	0.952803	3.58663
343.814	0.952804	3.58663
343.979	0.952804	3.58664
344.145	0.952805	3.58664
344.311	0.952806	3.58664
344.476	0.952807	3.58665
344.642	0.952807	3.58665
344.808	0.952808	3.58665
344.973	0.952809	3.58666
345.139	0.95281	3.58666
345.304	0.952811	3.58666
345.47	0.952811	3.58667
345.636	0.952812	3.58667
345.801	0.952813	3.58667
345.967	0.952814	3.58667
346.132	0.952814	3.58668
346.298	0.952815	3.58668
346.464	0.952816	3.58668
346.629	0.952817	3.58669
346.795	0.952817	3.58669
346.96	0.952818	3.58669
347.126	0.952819	3.5867
347.292	0.95282	3.5867
347.457	0.952821	3.5867
347.623	0.952821	3.58671
347.789	0.952822	3.58671
347.954	0.952823	3.58671
348.12	0.952824	3.58672
348.285	0.952824	3.58672
348.451	0.952825	3.58672
348.617	0.952826	3.58672
348.782	0.952827	3.58673
348.948	0.952828	3.58673
349.113	0.952828	3.58673
349.279	0.952829	3.58674
349.445	0.95283	3.58674
349.61	0.952831	3.58674
349.776	0.952831	3.58675
349.942	0.952832	3.58675
350.107	0.952833	3.58675
350.273	0.952834	3.58676
350.438	0.952834	3.58676
350.604	0.952835	3.58676
350.77	0.952836	3.58677
350.935	0.952837	3.58677
351.101	0.952838	3.58677
351.266	0.952838	3.58677
351.432	0.952839	3.58678
351.598	0.95284	3.58678
351.763	0.952841	3.58678
351.929	0.952841	3.58679
352.094	0.952842	3.58679
352.26	0.952843	3.58679
352.426	0.952844	3.5868
352.591	0.952844	3.5868
352.757	0.952845	3.5868
352.923	0.952846	3.58681
353.088	0.952847	3.58681
353.254	0.952848	3.58681
353.419	0.952848	3.58682
353.585	0.952849	3.58682
353.751	0.95285	3.58682
353.916	0.952851	3.58682
354.082	0.952851	3.58683
354.247	0.952852	3.58683
354.413	0.952853	3.58683
354.579	0.952854	3.58684
354.744	0.952855	3.58684
354.91	0.952855	3.58684
355.076	0.952856	3.58685
355.241	0.952857	3.58685
355.407	0.952858	3.58685
355.572	0.952858	3.58686
355.738	0.952859	3.58686
355.904	0.95286	3.58686
356.069	0.952861	3.58686
356.235	0.952861	3.58687
356.4	0.952862	3.58687
356.566	0.952863	3.58687
356.732	0.952864	3.58688
356.897	0.952865	3.58688
357.063	0.952865	3.58688
357.228	0.952866	3.58689
357.394	0.952867	3.58689
357.56	0.952868	3.58689
357.725	0.952868	3.5869
357.891	0.952869	3.5869
358.057	0.95287	3.5869
358.222	0.952871	3.58691
358.388	0.952871	3.58691
358.553	0.952872	3.58691
358.719	0.952873	3.58691
358.885	0.952874	3.58692
359.05	0.952875	3.58692
359.216	0.952875	3.58692
359.381	0.952876	3.58693
359.547	0.952877	3.58693
359.713	0.952878	3.58693
359.878	0.952878	3.58694
360.044	0.952879	3.58694
360.21	0.95288	3.58694
360.375	0.952881	3.58695
360.541	0.952882	3.58695
360.706	0.952882	3.58695
360.872	0.952883	3.58696
361.038	0.952884	3.58696
361.203	0.952885	3.58696
361.369	0.952885	3.58696
361.534	0.952886	3.58697
361.7	0.952887	3.58697
361.866	0.952888	3.58697
362.031	0.952888	3.58698
362.197	0.952889	3.58698
362.362	0.95289	3.58698
362.528	0.952891	3.58699
362.694	0.952892	3.58699
362.859	0.952892	3.58699
363.025	0.952893	3.587
363.191	0.952894	3.587
363.356	0.952895	3.587
363.522	0.952895	3.58701
363.687	0.952896	3.58701
363.853	0.952897	3.58701
364.019	0.952898	3.58701
364.184	0.952898	3.58702
364.35	0.952899	3.58702
364.515	0.9529	3.58702
364.681	0.952901	3.58703
364.847	0.952902	3.58703
365.012	0.952902	3.58703
365.178	0.952903	3.58704
365.344	0.952904	3.58704
365.509	0.952905	3.58704
365.675	0.952905	3.58705
365.84	0.952906	3.58705
366.006	0.952907	3.58705
366.172	0.952908	3.58706
366.337	0.952909	3.58706
366.503	0.952909	3.58706
366.668	0.95291	3.58706
366.834	0.952911	3.58707
367	0.952912	3.58707
367.165	0.952912	3.58707
367.331	0.952913	3.58708
367.496	0.952914	3.58708
367.662	0.952915	3.58708
367.828	0.952915	3.58709
367.993	0.952916	3.58709
368.159	0.952917	3.58709
368.325	0.952918	3.5871
368.49	0.952919	3.5871
368.656	0.952919	3.5871
368.821	0.95292	3.58711
368.987	0.952921	3.58711
369.153	0.952922	3.58711
369.318	0.952922	3.58711
369.484	0.952923	3.58712
369.649	0.952924	3.58712
369.815	0.952925	3.58712
369.981	0.952925	3.58713
370.146	0.952926	3.58713
370.312	0.952927	3.58713
370.478	0.952928	3.58714
370.643	0.952929	3.58714
370.809	0.952929	3.58714
370.974	0.95293	3.58715
371.14	0.952931	3.58715
371.306	0.952932	3.58715
371.471	0.952932	3.58716
371.637	0.952933	3.58716
371.802	0.952934	3.58716
371.968	0.952935	3.58716
372.134	0.952935	3.58717
372.299	0.952936	3.58717
372.465	0.952937	3.58717
372.63	0.952938	3.58718
372.796	0.952939	3.58718
372.962	0.952939	3.58718
373.127	0.95294	3.58719
373.293	0.952941	3.58719
373.459	0.952942	3.58719
373.624	0.952942	3.5872
373.79	0.952943	3.5872
373.955	0.952944	3.5872
374.121	0.952945	3.5872
374.287	0.952945	3.58721
374.452	0.952946	3.58721
374.618	0.952947	3.58721
374.783	0.952948	3.58722
374.949	0.952949	3.58722
375.115	0.952949	3.58722
375.28	0.95295	3.58723
375.446	0.952951	3.58723
375.612	0.952952	3.58723
375.777	0.952952	3.58724
375.943	0.952953	3.58724
376.108	0.952954	3.58724
376.274	0.952955	3.58725
376.44	0.952955	3.58725
376.605	0.952956	3.58725
376.771	0.952957	3.58725
376.936	0.952958	3.58726
377.102	0.952959	3.58726
377.268	0.952959	3.58726
377.433	0.95296	3.58727
377.599	0.952961	3.58727
377.764	0.952962	3.58727
377.93	0.952962	3.58728
378.096	0.952963	3.58728
378.261	0.952964	3.58728
378.427	0.952965	3.58729
378.593	0.952965	3.58729
378.758	0.952966	3.58729
378.924	0.952967	3.5873
379.089	0.952968	3.5873
379.255	0.952969	3.5873
379.421	0.952969	3.5873
379.586	0.95297	3.58731
379.752	0.952971	3.58731
379.917	0.952972	3.58731
380.083	0.952972	3.58732
380.249	0.952973	3.58732
380.414	0.952974	3.58732
380.58	0.952975	3.58733
380.746	0.952975	3.58733
380.911	0.952976	3.58733
381.077	0.952977	3.58734
381.242	0.952978	3.58734
381.408	0.952979	3.58734
381.574	0.952979	3.58735
381.739	0.95298	3.58735
381.905	0.952981	3.58735
382.07	0.952982	3.58735
382.236	0.952982	3.58736
382.402	0.952983	3.58736
382.567	0.952984	3.58736
382.733	0.952985	3.58737
382.898	0.952985	3.58737
383.064	0.952986	3.58737
383.23	0.952987	3.58738
383.395	0.952988	3.58738
383.561	0.952989	3.58738
383.727	0.952989	3.58739
383.892	0.95299	3.58739
384.058	0.952991	3.58739
384.223	0.952992	3.5874
384.389	0.952992	3.5874
384.555	0.952993	3.5874
384.72	0.952994	3.5874
384.886	0.952995	3.58741
385.051	0.952995	3.58741
385.217	0.952996	3.58741
385.383	0.952997	3.58742
385.548	0.952998	3.58742
385.714	0.952999	3.58742
385.88	0.952999	3.58743
386.045	0.953	3.58743
386.211	0.953001	3.58743
386.376	0.953002	3.58744
386.542	0.953002	3.58744
386.708	0.953003	3.58744
386.873	0.953004	3.58744
387.039	0.953005	3.58745
387.204	0.953005	3.58745
387.37	0.953006	3.58745
387.536	0.953007	3.58746
387.701	0.953008	3.58746
387.867	0.953009	3.58746
388.032	0.953009	3.58747
388.198	0.95301	3.58747
388.364	0.953011	3.58747
388.529	0.953012	3.58748
388.695	0.953012	3.58748
388.861	0.953013	3.58748
389.026	0.953014	3.58749
389.192	0.953015	3.58749
389.357	0.953015	3.58749
389.523	0.953016	3.58749
389.689	0.953017	3.5875
389.854	0.953018	3.5875
390.02	0.953019	3.5875
390.185	0.953019	3.58751
390.351	0.95302	3.58751
390.517	0.953021	3.58751
390.682	0.953022	3.58752
390.848	0.953022	3.58752
391.014	0.953023	3.58752
391.179	0.953024	3.58753
391.345	0.953025	3.58753
391.51	0.953025	3.58753
391.676	0.953026	3.58754
391.842	0.953027	3.58754
392.007	0.953028	3.58754
392.173	0.953029	3.58754
392.338	0.953029	3.58755
392.504	0.95303	3.58755
392.67	0.953031	3.58755
392.835	0.953032	3.58756
393.001	0.953032	3.58756
393.166	0.953033	3.58756
393.332	0.953034	3.58757
393.498	0.953035	3.58757
393.663	0.953035	3.58757
393.829	0.953036	3.58758
393.995	0.953037	3.58758
394.16	0.953038	3.58758
394.326	0.953039	3.58759
394.491	0.953039	3.58759
394.657	0.95304	3.58759
394.823	0.953041	3.58759
394.988	0.953042	3.5876
395.154	0.953042	3.5876
395.319	0.953043	3.5876
395.485	0.953044	3.58761
395.651	0.953045	3.58761
395.816	0.953045	3.58761
395.982	0.953046	3.58762
396.148	0.953047	3.58762
396.313	0.953048	3.58762
396.479	0.953049	3.58763
396.644	0.953049	3.58763
396.81	0.95305	3.58763
396.976	0.953051	3.58764
397.141	0.953052	3.58764
397.307	0.953052	3.58764
397.472	0.953053	3.58764
397.638	0.953054	3.58765
397.804	0.953055	3.58765
397.969	0.953055	3.58765
398.135	0.953056	3.58766
398.3	0.953057	3.58766
398.466	0.953058	3.58766
398.632	0.953058	3.58767
398.797	0.953059	3.58767
398.963	0.95306	3.58767
399.129	0.953061	3.58768
399.294	0.953062	3.58768
399.46	0.953062	3.58768
399.625	0.953063	3.58768
399.791	0.953064	3.58769
399.957	0.953065	3.58769
400.122	0.953065	3.58769
400.288	0.953066	3.5877
400.453	0.953067	3.5877
400.619	0.953068	3.5877
400.785	0.953068	3.58771
400.95	0.953069	3.58771
401.116	0.95307	3.58771
401.282	0.953071	3.58772
401.447	0.953072	3.58772
401.613	0.953072	3.58772
401.778	0.953073	3.58773
401.944	0.953074	3.58773
402.11	0.953075	3.58773
402.275	0.953075	3.58773
402.441	0.953076	3.58774
402.606	0.953077	3.58774
402.772	0.953078	3.58774
402.938	0.953078	3.58775
403.103	0.953079	3.58775
403.269	0.95308	3.58775
403.434	0.953081	3.58776
403.6	0.953082	3.58776
403.766	0.953082	3.58776
403.931	0.953083	3.58777
404.097	0.953084	3.58777
404.263	0.953085	3.58777
404.428	0.953085	3.58778
404.594	0.953086	3.58778
404.759	0.953087	3.58778
404.925	0.953088	3.58778
405.091	0.953088	3.58779
405.256	0.953089	3.58779
405.422	0.95309	3.58779
405.587	0.953091	3.5878
405.753	0.953091	3.5878
405.919	0.953092	3.5878
406.084	0.953093	3.58781
406.25	0.953094	3.58781
406.415	0.953095	3.58781
406.581	0.953095	3.58782
406.747	0.953096	3.58782
406.912	0.953097	3.58782
407.078	0.953098	3.58783
407.244	0.953098	3.58783
407.409	0.953099	3.58783
407.575	0.9531	3.58783
407.74	0.953101	3.58784
407.906	0.953101	3.58784
408.072	0.953102	3.58784
408.237	0.953103	3.58785
408.403	0.953104	3.58785
408.568	0.953105	3.58785
408.734	0.953105	3.58786
408.9	0.953106	3.58786
409.065	0.953107	3.58786
409.231	0.953108	3.58787
409.397	0.953108	3.58787
409.562	0.953109	3.58787
409.728	0.95311	3.58788
409.893	0.953111	3.58788
410.059	0.953111	3.58788
410.225	0.953112	3.58788
410.39	0.953113	3.58789
410.556	0.953114	3.58789
410.721	0.953114	3.58789
410.887	0.953115	3.5879
411.053	0.953116	3.5879
411.218	0.953117	3.5879
411.384	0.953118	3.58791
411.549	0.953118	3.58791
411.715	0.953119	3.58791
411.881	0.95312	3.58792
412.046	0.953121	3.58792
412.212	0.953121	3.58792
412.378	0.953122	3.58792
412.543	0.953123	3.58793
412.709	0.953124	3.58793
412.874	0.953124	3.58793
413.04	0.953125	3.58794
413.206	0.953126	3.58794
413.371	0.953127	3.58794
413.537	0.953128	3.58795
413.702	0.953128	3.58795
413.868	0.953129	3.58795
414.034	0.95313	3.58796
414.199	0.953131	3.58796
414.365	0.953131	3.58796
414.531	0.953132	3.58797
414.696	0.953133	3.58797
414.862	0.953134	3.58797
415.027	0.953134	3.58797
415.193	0.953135	3.58798
415.359	0.953136	3.58798
415.524	0.953137	3.58798
415.69	0.953137	3.58799
415.855	0.953138	3.58799
416.021	0.953139	3.58799
416.187	0.95314	3.588
416.352	0.953141	3.588
416.518	0.953141	3.588
416.683	0.953142	3.58801
416.849	0.953143	3.58801
417.015	0.953144	3.58801
417.18	0.953144	3.58802
417.346	0.953145	3.58802
417.512	0.953146	3.58802
417.677	0.953147	3.58802
417.843	0.953147	3.58803
418.008	0.953148	3.58803
418.174	0.953149	3.58803
418.34	0.95315	3.58804
418.505	0.953151	3.58804
418.671	0.953151	3.58804
418.836	0.953152	3.58805
419.002	0.953153	3.58805
419.168	0.953154	3.58805
419.333	0.953154	3.58806
419.499	0.953155	3.58806
419.665	0.953156	3.58806
419.83	0.953157	3.58807
419.996	0.953157	3.58807
420.161	0.953158	3.58807
420.327	0.953159	3.58807
420.493	0.95316	3.58808
420.658	0.95316	3.58808
420.824	0.953161	3.58808
420.989	0.953162	3.58809
421.155	0.953163	3.58809
421.321	0.953164	3.58809
421.486	0.953164	3.5881
421.652	0.953165	3.5881
421.817	0.953166	3.5881
421.983	0.953167	3.58811
422.149	0.953167	3.58811
422.314	0.953168	3.58811
422.48	0.953169	3.58811
422.646	0.95317	3.58812
422.811	0.95317	3.58812
422.977	0.953171	3.58812
423.142	0.953172	3.58813
423.308	0.953173	3.58813
423.474	0.953173	3.58813
423.639	0.953174	3.58814
423.805	0.953175	3.58814
423.97	0.953176	3.58814
424.136	0.953177	3.58815
424.302	0.953177	3.58815
424.467	0.953178	3.58815
424.633	0.953179	3.58816
424.799	0.95318	3.58816
424.964	0.95318	3.58816
425.13	0.953181	3.58816
425.295	0.953182	3.58817
425.461	0.953183	3.58817
425.627	0.953183	3.58817
425.792	0.953184	3.58818
425.958	0.953185	3.58818
426.123	0.953186	3.58818
426.289	0.953186	3.58819
426.455	0.953187	3.58819
426.62	0.953188	3.58819
426.786	0.953189	3.5882
426.951	0.95319	3.5882
427.117	0.95319	3.5882
427.283	0.953191	3.58821
427.448	0.953192	3.58821
427.614	0.953193	3.58821
427.78	0.953193	3.58821
427.945	0.953194	3.58822
428.111	0.953195	3.58822
428.276	0.953196	3.58822
428.442	0.953196	3.58823
428.608	0.953197	3.58823
428.773	0.953198	3.58823
428.939	0.953199	3.58824
429.104	0.9532	3.58824
429.27	0.9532	3.58824
429.436	0.953201	3.58825
429.601	0.953202	3.58825
429.767	0.953203	3.58825
429.933	0.953203	3.58825
430.098	0.953204	3.58826
430.264	0.953205	3.58826
430.429	0.953206	3.58826
430.595	0.953206	3.58827
430.761	0.953207	3.58827
430.926	0.953208	3.58827
431.092	0.953209	3.58828
431.257	0.953209	3.58828
431.423	0.95321	3.58828
431.589	0.953211	3.58829
431.754	0.953212	3.58829
431.92	0.953213	3.58829
432.085	0.953213	3.5883
432.251	0.953214	3.5883
432.417	0.953215	3.5883
432.582	0.953216	3.5883
432.748	0.953216	3.58831
432.914	0.953217	3.58831
433.079	0.953218	3.58831
433.245	0.953219	3.58832
433.41	0.953219	3.58832
433.576	0.95322	3.58832
433.742	0.953221	3.58833
433.907	0.953222	3.58833
434.073	0.953222	3.58833
434.238	0.953223	3.58834
434.404	0.953224	3.58834
434.57	0.953225	3.58834
434.735	0.953226	3.58835
434.901	0.953226	3.58835
435.067	0.953227	3.58835
435.232	0.953228	3.58835
435.398	0.953229	3.58836
435.563	0.953229	3.58836
435.729	0.95323	3.58836
435.895	0.953231	3.58837
436.06	0.953232	3.58837
436.226	0.953232	3.58837
436.391	0.953233	3.58838
436.557	0.953234	3.58838
436.723	0.953235	3.58838
436.888	0.953235	3.58839
437.054	0.953236	3.58839
437.219	0.953237	3.58839
437.385	0.953238	3.5884
437.551	0.953239	3.5884
437.716	0.953239	3.5884
437.882	0.95324	3.5884
438.048	0.953241	3.58841
438.213	0.953242	3.58841
438.379	0.953242	3.58841
438.544	0.953243	3.58842
438.71	0.953244	3.58842
438.876	0.953245	3.58842
439.041	0.953245	3.58843
439.207	0.953246	3.58843
439.372	0.953247	3.58843
439.538	0.953248	3.58844
439.704	0.953248	3.58844
439.869	0.953249	3.58844
440.035	0.95325	3.58844
440.201	0.953251	3.58845
440.366	0.953252	3.58845
440.532	0.953252	3.58845
440.697	0.953253	3.58846
440.863	0.953254	3.58846
441.029	0.953255	3.58846
441.194	0.953255	3.58847
441.36	0.953256	3.58847
441.525	0.953257	3.58847
441.691	0.953258	3.58848
441.857	0.953258	3.58848
442.022	0.953259	3.58848
442.188	0.95326	3.58849
442.353	0.953261	3.58849
442.519	0.953261	3.58849
442.685	0.953262	3.58849
442.85	0.953263	3.5885
443.016	0.953264	3.5885
443.182	0.953265	3.5885
443.347	0.953265	3.58851
443.513	0.953266	3.58851
443.678	0.953267	3.58851
443.844	0.953268	3.58852
444.01	0.953268	3.58852
444.175	0.953269	3.58852
444.341	0.95327	3.58853
444.506	0.953271	3.58853
444.672	0.953271	3.58853
444.838	0.953272	3.58854
445.003	0.953273	3.58854
445.169	0.953274	3.58854
445.335	0.953274	3.58854
445.5	0.953275	3.58855
445.666	0.953276	3.58855
445.831	0.953277	3.58855
445.997	0.953277	3.58856
446.163	0.953278	3.58856
446.328	0.953279	3.58856
446.494	0.95328	3.58857
446.659	0.953281	3.58857
446.825	0.953281	3.58857
446.991	0.953282	3.58858
447.156	0.953283	3.58858
447.322	0.953284	3.58858
447.487	0.953284	3.58858
447.653	0.953285	3.58859
447.819	0.953286	3.58859
447.984	0.953287	3.58859
448.15	0.953287	3.5886
448.316	0.953288	3.5886
448.481	0.953289	3.5886
448.647	0.95329	3.58861
448.812	0.95329	3.58861
448.978	0.953291	3.58861
449.144	0.953292	3.58862
449.309	0.953293	3.58862
449.475	0.953294	3.58862
449.64	0.953294	3.58863
449.806	0.953295	3.58863
449.972	0.953296	3.58863
450.137	0.953297	3.58863
450.303	0.953297	3.58864
450.469	0.953298	3.58864
450.634	0.953299	3.58864
450.8	0.9533	3.58865
450.965	0.9533	3.58865
451.131	0.953301	3.58865
451.297	0.953302	3.58866
451.462	0.953303	3.58866
451.628	0.953303	3.58866
451.793	0.953304	3.58867
451.959	0.953305	3.58867
452.125	0.953306	3.58867
452.29	0.953307	3.58868
452.456	0.953307	3.58868
452.621	0.953308	3.58868
452.787	0.953309	3.58868
452.953	0.95331	3.58869
453.118	0.95331	3.58869
453.284	0.953311	3.58869
453.45	0.953312	3.5887
453.615	0.953313	3.5887
453.781	0.953313	3.5887
453.946	0.953314	3.58871
454.112	0.953315	3.58871
454.278	0.953316	3.58871
454.443	0.953316	3.58872
454.609	0.953317	3.58872
454.774	0.953318	3.58872
454.94	0.953319	3.58873
455.106	0.953319	3.58873
455.271	0.95332	3.58873
455.437	0.953321	3.58873
455.603	0.953322	3.58874
455.768	0.953323	3.58874
455.934	0.953323	3.58874
456.099	0.953324	3.58875
456.265	0.953325	3.58875
456.431	0.953326	3.58875
456.596	0.953326	3.58876
456.762	0.953327	3.58876
456.927	0.953328	3.58876
457.093	0.953329	3.58877
457.259	0.953329	3.58877
457.424	0.95333	3.58877
457.59	0.953331	3.58877
457.755	0.953332	3.58878
457.921	0.953332	3.58878
458.087	0.953333	3.58878
458.252	0.953334	3.58879
458.418	0.953335	3.58879
458.584	0.953336	3.58879
458.749	0.953336	3.5888
458.915	0.953337	3.5888
459.08	0.953338	3.5888
459.246	0.953339	3.58881
459.412	0.953339	3.58881
459.577	0.95334	3.58881
459.743	0.953341	3.58882
459.908	0.953342	3.58882
460.074	0.953342	3.58882
460.24	0.953343	3.58882
460.405	0.953344	3.58883
460.571	0.953345	3.58883
460.737	0.953345	3.58883
460.902	0.953346	3.58884
461.068	0.953347	3.58884
461.233	0.953348	3.58884
461.399	0.953348	3.58885
461.565	0.953349	3.58885
461.73	0.95335	3.58885
461.896	0.953351	3.58886
462.061	0.953352	3.58886
462.227	0.953352	3.58886
462.393	0.953353	3.58887
462.558	0.953354	3.58887
462.724	0.953355	3.58887
462.889	0.953355	3.58887
463.055	0.953356	3.58888
463.221	0.953357	3.58888
463.386	0.953358	3.58888
463.552	0.953358	3.58889
463.718	0.953359	3.58889
463.883	0.95336	3.58889
464.049	0.953361	3.5889
464.214	0.953361	3.5889
464.38	0.953362	3.5889
464.546	0.953363	3.58891
464.711	0.953364	3.58891
464.877	0.953364	3.58891
465.042	0.953365	3.58891
465.208	0.953366	3.58892
465.374	0.953367	3.58892
465.539	0.953368	3.58892
465.705	0.953368	3.58893
465.87	0.953369	3.58893
466.036	0.95337	3.58893
466.202	0.953371	3.58894
466.367	0.953371	3.58894
466.533	0.953372	3.58894
466.699	0.953373	3.58895
466.864	0.953374	3.58895
467.03	0.953374	3.58895
467.195	0.953375	3.58896
467.361	0.953376	3.58896
467.527	0.953377	3.58896
467.692	0.953377	3.58896
467.858	0.953378	3.58897
468.023	0.953379	3.58897
468.189	0.95338	3.58897
468.355	0.95338	3.58898
468.52	0.953381	3.58898
468.686	0.953382	3.58898
468.852	0.953383	3.58899
469.017	0.953384	3.58899
469.183	0.953384	3.58899
469.348	0.953385	3.589
469.514	0.953386	3.589
469.68	0.953387	3.589
469.845	0.953387	3.58901
470.011	0.953388	3.58901
470.176	0.953389	3.58901
470.342	0.95339	3.58901
470.508	0.95339	3.58902
470.673	0.953391	3.58902
470.839	0.953392	3.58902
471.004	0.953393	3.58903
471.17	0.953393	3.58903
471.336	0.953394	3.58903
471.501	0.953395	3.58904
471.667	0.953396	3.58904
471.833	0.953396	3.58904
471.998	0.953397	3.58905
472.164	0.953398	3.58905
472.329	0.953399	3.58905
472.495	0.9534	3.58905
472.661	0.9534	3.58906
472.826	0.953401	3.58906
472.992	0.953402	3.58906
473.157	0.953403	3.58907
473.323	0.953403	3.58907
473.489	0.953404	3.58907
473.654	0.953405	3.58908
473.82	0.953406	3.58908
473.986	0.953406	3.58908
474.151	0.953407	3.58909
474.317	0.953408	3.58909
474.482	0.953409	3.58909
474.648	0.953409	3.5891
474.814	0.95341	3.5891
474.979	0.953411	3.5891
475.145	0.953412	3.5891
475.31	0.953412	3.58911
475.476	0.953413	3.58911
475.642	0.953414	3.58911
475.807	0.953415	3.58912
475.973	0.953416	3.58912
476.138	0.953416	3.58912
476.304	0.953417	3.58913
476.47	0.953418	3.58913
476.635	0.953419	3.58913
476.801	0.953419	3.58914
476.967	0.95342	3.58914
477.132	0.953421	3.58914
477.298	0.953422	3.58915
477.463	0.953422	3.58915
477.629	0.953423	3.58915
477.795	0.953424	3.58915
477.96	0.953425	3.58916
478.126	0.953425	3.58916
478.291	0.953426	3.58916
478.457	0.953427	3.58917
478.623	0.953428	3.58917
478.788	0.953428	3.58917
478.954	0.953429	3.58918
479.12	0.95343	3.58918
479.285	0.953431	3.58918
479.451	0.953432	3.58919
479.616	0.953432	3.58919
479.782	0.953433	3.58919
479.948	0.953434	3.58919
480.113	0.953435	3.5892
480.279	0.953435	3.5892
480.444	0.953436	3.5892
480.61	0.953437	3.58921
480.776	0.953438	3.58921
480.941	0.953438	3.58921
481.107	0.953439	3.58922
481.272	0.95344	3.58922
481.438	0.953441	3.58922
481.604	0.953441	3.58923
481.769	0.953442	3.58923
481.935	0.953443	3.58923
482.101	0.953444	3.58924
482.266	0.953444	3.58924
482.432	0.953445	3.58924
482.597	0.953446	3.58924
482.763	0.953447	3.58925
482.929	0.953447	3.58925
483.094	0.953448	3.58925
483.26	0.953449	3.58926
483.425	0.95345	3.58926
483.591	0.953451	3.58926
483.757	0.953451	3.58927
483.922	0.953452	3.58927
484.088	0.953453	3.58927
484.254	0.953454	3.58928
484.419	0.953454	3.58928
484.585	0.953455	3.58928
484.75	0.953456	3.58928
484.916	0.953457	3.58929
485.082	0.953457	3.58929
485.247	0.953458	3.58929
485.413	0.953459	3.5893
485.578	0.95346	3.5893
485.744	0.95346	3.5893
485.91	0.953461	3.58931
486.075	0.953462	3.58931
486.241	0.953463	3.58931
486.406	0.953463	3.58932
486.572	0.953464	3.58932
486.738	0.953465	3.58932
486.903	0.953466	3.58933
487.069	0.953467	3.58933
487.235	0.953467	3.58933
487.4	0.953468	3.58933
487.566	0.953469	3.58934
487.731	0.95347	3.58934
487.897	0.95347	3.58934
488.063	0.953471	3.58935
488.228	0.953472	3.58935
488.394	0.953473	3.58935
488.559	0.953473	3.58936
488.725	0.953474	3.58936
488.891	0.953475	3.58936
489.056	0.953476	3.58937
489.222	0.953476	3.58937
489.388	0.953477	3.58937
489.553	0.953478	3.58938
489.719	0.953479	3.58938
489.884	0.953479	3.58938
490.05	0.95348	3.58938
490.216	0.953481	3.58939
490.381	0.953482	3.58939
490.547	0.953482	3.58939
490.712	0.953483	3.5894
490.878	0.953484	3.5894
491.044	0.953485	3.5894
491.209	0.953486	3.58941
491.375	0.953486	3.58941
491.54	0.953487	3.58941
491.706	0.953488	3.58942
491.872	0.953489	3.58942
492.037	0.953489	3.58942
492.203	0.95349	3.58942
492.369	0.953491	3.58943
492.534	0.953492	3.58943
492.7	0.953492	3.58943
492.865	0.953493	3.58944
493.031	0.953494	3.58944
493.197	0.953495	3.58944
493.362	0.953495	3.58945
493.528	0.953496	3.58945
493.693	0.953497	3.58945
493.859	0.953498	3.58946
494.025	0.953498	3.58946
494.19	0.953499	3.58946
494.356	0.9535	3.58947
494.522	0.953501	3.58947
494.687	0.953501	3.58947
494.853	0.953502	3.58947
495.018	0.953503	3.58948
495.184	0.953504	3.58948
495.35	0.953505	3.58948
495.515	0.953505	3.58949
495.681	0.953506	3.58949
495.846	0.953507	3.58949
496.012	0.953508	3.5895
496.178	0.953508	3.5895
496.343	0.953509	3.5895
496.509	0.95351	3.58951
496.674	0.953511	3.58951
496.84	0.953511	3.58951
497.006	0.953512	3.58952
497.171	0.953513	3.58952
497.337	0.953514	3.58952
497.503	0.953514	3.58952
497.668	0.953515	3.58953
497.834	0.953516	3.58953
497.999	0.953517	3.58953
498.165	0.953517	3.58954
498.331	0.953518	3.58954
498.496	0.953519	3.58954
498.662	0.95352	3.58955
498.827	0.95352	3.58955
498.993	0.953521	3.58955
499.159	0.953522	3.58956
499.324	0.953523	3.58956
499.49	0.953524	3.58956
499.656	0.953524	3.58956
499.821	0.953525	3.58957
499.987	0.953526	3.58957
