0	1.00149	3.55791
0	1.00149	3.55791
0.165613	1.0017	3.55827
0.331226	1.00228	3.55927
0.498495	1.00313	3.56076
0.664107	1.00413	3.56251
0.82972	1.00517	3.56437
0.995333	1.00615	3.56616
1.15929	1.00698	3.56769
1.3249	1.00764	3.5689
1.49052	1.00807	3.56975
1.65613	1.00828	3.57021
1.82174	1.00827	3.57031
1.98735	1.00807	3.57009
2.15297	1.00774	3.56965
2.31858	1.00731	3.56907
2.48419	1.00685	3.56844
2.6498	1.00639	3.56784
2.81542	1.00597	3.56732
2.98103	1.0056	3.56693
3.14664	1.00532	3.5667
3.31226	1.00511	3.56662
3.47787	1.00498	3.56669
3.64348	1.00492	3.5669
3.80909	1.00491	3.5672
3.97471	1.00493	3.56759
4.14032	1.00498	3.56804
4.30593	1.00503	3.56851
4.47155	1.00506	3.56896
4.63716	1.00505	3.56938
4.80277	1.00501	3.56972
4.96838	1.00492	3.57
5.134	1.00478	3.5702
5.29961	1.00459	3.57033
5.46522	1.00437	3.57041
5.63084	1.00413	3.57046
5.79645	1.00387	3.5705
5.96206	1.0036	3.57054
6.12767	1.00333	3.57058
6.29329	1.00306	3.57065
6.4589	1.0028	3.57074
6.62451	1.00254	3.57085
6.79013	1.0023	3.57098
6.95574	1.00206	3.57114
7.12135	1.00183	3.57133
7.28696	1.00161	3.57154
7.45258	1.00139	3.57177
7.61819	1.00117	3.57201
7.7838	1.00095	3.57225
7.94941	1.00072	3.57249
8.11503	1.00048	3.57272
8.28064	1.00023	3.57294
8.44625	0.999963	3.57314
8.61187	0.999688	3.57333
8.77748	0.999403	3.57352
8.94475	0.999107	3.5737
9.11036	0.998807	3.57387
9.27597	0.998503	3.57404
9.44159	0.998195	3.57422
9.6072	0.997884	3.5744
9.77281	0.997572	3.57458
9.93842	0.997258	3.57476
10.104	0.996943	3.57495
10.2697	0.996629	3.57514
10.4353	0.996315	3.57534
10.6009	0.996001	3.57554
10.7665	0.995687	3.57575
10.9321	0.995372	3.57597
11.0977	0.995056	3.57618
11.2633	0.994738	3.5764
11.4289	0.994417	3.57662
11.5946	0.994094	3.57683
11.7602	0.993768	3.57705
11.9258	0.99344	3.57726
12.0914	0.993109	3.57747
12.257	0.992776	3.57768
12.4226	0.992442	3.57789
12.5882	0.992107	3.57809
12.7538	0.991771	3.5783
12.9195	0.991434	3.57851
13.0851	0.991096	3.57872
13.2507	0.990759	3.57894
13.4163	0.990422	3.57915
13.5819	0.990085	3.57936
13.7475	0.989749	3.57957
13.9131	0.989413	3.57979
14.0787	0.989078	3.58001
14.2444	0.988744	3.58023
14.41	0.988411	3.58045
14.5756	0.988078	3.58067
14.7412	0.987746	3.58089
14.9068	0.987414	3.58111
15.0724	0.987083	3.58133
15.238	0.986753	3.58155
15.4036	0.986424	3.58177
15.5693	0.986096	3.58199
15.7349	0.985769	3.58221
15.9005	0.985443	3.58243
16.0661	0.985119	3.58265
16.2317	0.984796	3.58287
16.3973	0.984474	3.58309
16.5629	0.984154	3.58331
16.7286	0.983836	3.58353
16.8942	0.98352	3.58375
17.0598	0.983206	3.58397
17.2254	0.982894	3.58419
17.391	0.982583	3.58441
17.5566	0.982276	3.58463
17.7222	0.98197	3.58485
17.8878	0.981666	3.58507
18.0535	0.981365	3.5853
18.2191	0.981066	3.58552
18.3847	0.980769	3.58574
18.5503	0.980475	3.58596
18.7159	0.980183	3.58618
18.8815	0.979893	3.5864
19.0471	0.979606	3.58662
19.2127	0.979322	3.58684
19.3784	0.97904	3.58706
19.544	0.978761	3.58729
19.7096	0.978485	3.58751
19.8752	0.978211	3.58773
20.0408	0.97794	3.58795
20.2064	0.977672	3.58817
20.372	0.977406	3.58839
20.5376	0.977144	3.58861
20.7033	0.976884	3.58882
20.8689	0.976628	3.58904
21.0345	0.976374	3.58926
21.2001	0.976123	3.58948
21.3657	0.975875	3.5897
21.5313	0.97563	3.58992
21.6969	0.975388	3.59014
21.8625	0.975149	3.59036
22.0282	0.974914	3.59057
22.1938	0.974681	3.59079
22.3594	0.974451	3.59101
22.525	0.974224	3.59123
22.6906	0.974	3.59144
22.8562	0.973779	3.59166
23.0218	0.973561	3.59188
23.1874	0.973346	3.59209
23.3531	0.973135	3.59231
23.5187	0.972926	3.59252
23.6843	0.97272	3.59274
23.8499	0.972517	3.59295
24.0155	0.972318	3.59317
24.1811	0.972121	3.59338
24.3467	0.971927	3.5936
24.5124	0.971737	3.59381
24.678	0.971549	3.59402
24.8436	0.971364	3.59424
25.0092	0.971182	3.59445
25.1748	0.971004	3.59466
25.3404	0.970828	3.59487
25.506	0.970655	3.59509
25.6716	0.970485	3.5953
25.8373	0.970317	3.59551
26.0029	0.970153	3.59572
26.1685	0.969991	3.59593
26.3341	0.969833	3.59614
26.4997	0.969677	3.59635
26.6653	0.969524	3.59656
26.8309	0.969374	3.59677
26.9965	0.969226	3.59698
27.1622	0.969081	3.59719
27.3278	0.968939	3.5974
27.4934	0.9688	3.59761
27.659	0.968663	3.59782
27.8246	0.968529	3.59802
27.9902	0.968397	3.59823
28.1558	0.968268	3.59844
28.3214	0.968142	3.59864
28.4871	0.968018	3.59885
28.6527	0.967897	3.59906
28.8183	0.967778	3.59926
28.9839	0.967662	3.59947
29.1495	0.967548	3.59968
29.3151	0.967436	3.59988
29.4807	0.967327	3.60009
29.6463	0.967221	3.60029
29.812	0.967116	3.60049
29.9776	0.967014	3.6007
30.1432	0.966914	3.6009
30.3088	0.966817	3.60111
30.4744	0.966722	3.60131
30.64	0.966629	3.60151
30.8056	0.966538	3.60171
30.9713	0.966449	3.60192
31.1369	0.966362	3.60212
31.3025	0.966278	3.60232
31.4681	0.966195	3.60252
31.6337	0.966115	3.60272
31.7993	0.966036	3.60293
31.9649	0.96596	3.60313
32.1305	0.965886	3.60333
32.2962	0.965813	3.60353
32.4618	0.965743	3.60373
32.6274	0.965674	3.60393
32.793	0.965607	3.60413
32.9586	0.965542	3.60433
33.1242	0.965479	3.60453
33.2898	0.965417	3.60473
33.4554	0.965358	3.60492
33.6211	0.9653	3.60512
33.7867	0.965244	3.60532
33.9523	0.965189	3.60552
34.1179	0.965136	3.60572
34.2835	0.965085	3.60592
34.4491	0.965035	3.60611
34.6147	0.964987	3.60631
34.7803	0.964941	3.60651
34.946	0.964896	3.6067
35.1116	0.964852	3.6069
35.2772	0.96481	3.6071
35.4428	0.96477	3.60729
35.6084	0.964731	3.60749
35.774	0.964693	3.60768
35.9396	0.964657	3.60788
36.1052	0.964622	3.60808
36.2709	0.964589	3.60827
36.4365	0.964557	3.60847
36.6021	0.964526	3.60866
36.7677	0.964496	3.60886
36.9333	0.964468	3.60905
37.0989	0.964441	3.60924
37.2645	0.964415	3.60944
37.4302	0.96439	3.60963
37.5958	0.964367	3.60983
37.7614	0.964344	3.61002
37.927	0.964323	3.61021
38.0926	0.964303	3.61041
38.2582	0.964284	3.6106
38.4238	0.964267	3.61079
38.5894	0.96425	3.61099
38.7534	0.964234	3.61118
38.919	0.964219	3.61137
39.0846	0.964206	3.61156
39.2502	0.964193	3.61175
39.4158	0.964181	3.61195
39.5815	0.964171	3.61214
39.7471	0.964161	3.61233
39.9127	0.964152	3.61252
40.0783	0.964144	3.61271
40.2439	0.964137	3.6129
40.4095	0.964131	3.61309
40.5751	0.964125	3.61328
40.7408	0.964121	3.61348
40.9064	0.964117	3.61367
41.072	0.964114	3.61386
41.2376	0.964112	3.61405
41.4032	0.964111	3.61424
41.5688	0.96411	3.61443
41.7344	0.964111	3.61462
41.9	0.964112	3.61481
42.0657	0.964113	3.615
42.2313	0.964116	3.61519
42.3969	0.964119	3.61538
42.5625	0.964123	3.61557
42.7281	0.964127	3.61575
42.8937	0.964132	3.61594
43.0593	0.964138	3.61613
43.2249	0.964144	3.61632
43.3906	0.964151	3.61651
43.5562	0.964159	3.6167
43.7218	0.964167	3.61689
43.8874	0.964176	3.61708
44.053	0.964186	3.61726
44.2186	0.964196	3.61745
44.3842	0.964206	3.61764
44.5498	0.964217	3.61783
44.7155	0.964229	3.61802
44.8811	0.964241	3.6182
45.0467	0.964254	3.61839
45.2123	0.964267	3.61858
45.3779	0.96428	3.61877
45.5435	0.964295	3.61896
45.7091	0.964309	3.61914
45.8747	0.964324	3.61933
46.0404	0.96434	3.61952
46.206	0.964356	3.6197
46.3716	0.964372	3.61989
46.5372	0.964389	3.62008
46.7028	0.964406	3.62026
46.8684	0.964424	3.62045
47.034	0.964442	3.62064
47.1997	0.96446	3.62082
47.3653	0.964479	3.62101
47.5309	0.964498	3.6212
47.6965	0.964518	3.62138
47.8621	0.964538	3.62157
48.0277	0.964558	3.62175
48.1933	0.964578	3.62194
48.3589	0.964599	3.62213
48.5246	0.964621	3.62231
48.6902	0.964642	3.6225
48.8558	0.964664	3.62268
49.0214	0.964686	3.62287
49.187	0.964709	3.62305
49.3526	0.964732	3.62324
49.5182	0.964755	3.62343
49.6838	0.964778	3.62361
49.8495	0.964802	3.6238
50.0151	0.964826	3.62398
50.1807	0.96485	3.62417
50.3463	0.964874	3.62435
50.5119	0.964899	3.62454
50.6775	0.964924	3.62472
50.8431	0.964949	3.6249
51.0087	0.964975	3.62509
51.1744	0.965	3.62527
51.34	0.965026	3.62546
51.5056	0.965052	3.62564
51.6712	0.965079	3.62583
51.8368	0.965105	3.62601
52.0024	0.965132	3.6262
52.168	0.965159	3.62638
52.3336	0.965186	3.62656
52.4993	0.965213	3.62675
52.6649	0.965241	3.62693
52.8305	0.965269	3.62712
52.9961	0.965297	3.6273
53.1617	0.965325	3.62748
53.3273	0.965353	3.62767
53.4929	0.965381	3.62785
53.6586	0.96541	3.62803
53.8242	0.965439	3.62822
53.9898	0.965467	3.6284
54.1554	0.965496	3.62858
54.321	0.965526	3.62877
54.4866	0.965555	3.62895
54.6522	0.965584	3.62913
54.8178	0.965614	3.62932
54.9835	0.965644	3.6295
55.1491	0.965673	3.62968
55.3147	0.965703	3.62987
55.4803	0.965734	3.63005
55.6459	0.965764	3.63023
55.8115	0.965794	3.63042
55.9771	0.965824	3.6306
56.1427	0.965855	3.63078
56.3084	0.965886	3.63096
56.474	0.965916	3.63115
56.6396	0.965947	3.63133
56.8052	0.965978	3.63151
56.9708	0.966009	3.63169
57.1364	0.96604	3.63188
57.302	0.966072	3.63206
57.4676	0.966103	3.63224
57.6333	0.966134	3.63242
57.7989	0.966166	3.6326
57.9645	0.966197	3.63279
58.1301	0.966229	3.63297
58.2957	0.966261	3.63315
58.4613	0.966293	3.63333
58.6269	0.966325	3.63351
58.7925	0.966356	3.6337
58.9582	0.966388	3.63388
59.1238	0.966421	3.63406
59.2894	0.966453	3.63424
59.455	0.966485	3.63442
59.6206	0.966517	3.6346
59.7862	0.966549	3.63479
59.9518	0.966582	3.63497
60.1175	0.966614	3.63515
60.2831	0.966647	3.63533
60.4487	0.966679	3.63551
60.6143	0.966712	3.63569
60.7799	0.966744	3.63587
60.9455	0.966777	3.63606
61.1111	0.96681	3.63624
61.2767	0.966843	3.63642
61.4424	0.966875	3.6366
61.608	0.966908	3.63678
61.7736	0.966941	3.63696
61.9392	0.966974	3.63714
62.1048	0.967007	3.63732
62.2704	0.96704	3.6375
62.436	0.967073	3.63768
62.6016	0.967106	3.63786
62.7673	0.967139	3.63805
62.9329	0.967172	3.63823
63.0985	0.967205	3.63841
63.2641	0.967238	3.63859
63.4297	0.967271	3.63877
63.5953	0.967304	3.63895
63.7609	0.967338	3.63913
63.9265	0.967371	3.63931
64.0922	0.967404	3.63949
64.2578	0.967437	3.63967
64.4234	0.967471	3.63985
64.589	0.967504	3.64003
64.7546	0.967537	3.64021
64.9202	0.96757	3.64039
65.0858	0.967604	3.64057
65.2514	0.967637	3.64075
65.4171	0.96767	3.64093
65.5827	0.967704	3.64111
65.7483	0.967737	3.64129
65.9139	0.96777	3.64147
66.0795	0.967804	3.64165
66.2451	0.967837	3.64183
66.4107	0.96787	3.64201
66.5764	0.967904	3.64219
66.742	0.967937	3.64237
66.9076	0.967971	3.64255
67.0732	0.968004	3.64273
67.2388	0.968037	3.64291
67.4044	0.968071	3.64309
67.57	0.968104	3.64327
67.7356	0.968138	3.64345
67.9013	0.968171	3.64363
68.0669	0.968204	3.64381
68.2325	0.968238	3.64398
68.3981	0.968271	3.64416
68.5637	0.968304	3.64434
68.7293	0.968338	3.64452
68.8949	0.968371	3.6447
69.0605	0.968404	3.64488
69.2262	0.968438	3.64506
69.3918	0.968471	3.64524
69.5574	0.968504	3.64542
69.723	0.968538	3.6456
69.8886	0.968571	3.64578
70.0542	0.968604	3.64595
70.2198	0.968638	3.64613
70.3854	0.968671	3.64631
70.5511	0.968704	3.64649
70.7167	0.968737	3.64667
70.8823	0.968771	3.64685
71.0479	0.968804	3.64703
71.2135	0.968837	3.64721
71.3791	0.96887	3.64738
71.5447	0.968903	3.64756
71.7103	0.968937	3.64774
71.876	0.96897	3.64792
72.0416	0.969003	3.6481
72.2072	0.969036	3.64828
72.3728	0.969069	3.64846
72.5384	0.969102	3.64863
72.704	0.969135	3.64881
72.8696	0.969168	3.64899
73.0353	0.969201	3.64917
73.2009	0.969234	3.64935
73.3665	0.969267	3.64953
73.5321	0.9693	3.6497
73.6977	0.969333	3.64988
73.8633	0.969366	3.65006
74.0289	0.969399	3.65024
74.1945	0.969432	3.65042
74.3602	0.969465	3.65059
74.5258	0.969498	3.65077
74.6914	0.969531	3.65095
74.857	0.969564	3.65113
75.0226	0.969596	3.65131
75.1882	0.969629	3.65148
75.3538	0.969662	3.65166
75.5194	0.969695	3.65184
75.6851	0.969727	3.65202
75.8507	0.96976	3.65219
76.0163	0.969793	3.65237
76.1819	0.969825	3.65255
76.3475	0.969858	3.65273
76.5131	0.969891	3.6529
76.6787	0.969923	3.65308
76.8443	0.969956	3.65326
77.01	0.969988	3.65344
77.1756	0.970021	3.65361
77.3412	0.970053	3.65379
77.5068	0.970086	3.65397
77.6724	0.970118	3.65415
77.838	0.970151	3.65432
78.0036	0.970183	3.6545
78.1692	0.970215	3.65468
78.3349	0.970248	3.65485
78.5005	0.97028	3.65503
78.6661	0.970312	3.65521
78.8317	0.970345	3.65539
78.9973	0.970377	3.65556
79.1629	0.970409	3.65574
79.3285	0.970441	3.65592
79.4941	0.970473	3.65609
79.6598	0.970505	3.65627
79.8254	0.970538	3.65645
79.991	0.97057	3.65662
80.1583	0.970602	3.6568
80.3239	0.970634	3.65698
80.4895	0.970666	3.65716
80.6551	0.970698	3.65733
80.8207	0.97073	3.65751
80.9863	0.970762	3.65769
81.1519	0.970794	3.65786
81.3175	0.970826	3.65804
81.4832	0.970857	3.65822
81.6488	0.970889	3.65839
81.8144	0.970921	3.65857
81.98	0.970953	3.65874
82.1456	0.970984	3.65892
82.3112	0.971016	3.6591
82.4768	0.971048	3.65927
82.6424	0.971079	3.65945
82.8081	0.971111	3.65963
82.9737	0.971143	3.6598
83.1393	0.971174	3.65998
83.3049	0.971206	3.66015
83.4705	0.971237	3.66033
83.6361	0.971269	3.66051
83.8017	0.9713	3.66068
83.9674	0.971332	3.66086
84.133	0.971363	3.66104
84.2986	0.971394	3.66121
84.4642	0.971426	3.66139
84.6298	0.971457	3.66156
84.7954	0.971488	3.66174
84.961	0.971519	3.66191
85.1266	0.971551	3.66209
85.2923	0.971582	3.66227
85.4579	0.971613	3.66244
85.6235	0.971644	3.66262
85.7891	0.971675	3.66279
85.9547	0.971706	3.66297
86.1203	0.971737	3.66314
86.2859	0.971768	3.66332
86.4515	0.971799	3.6635
86.6172	0.97183	3.66367
86.7828	0.971861	3.66385
86.9484	0.971892	3.66402
87.114	0.971923	3.6642
87.2796	0.971954	3.66437
87.4452	0.971985	3.66455
87.6108	0.972015	3.66472
87.7764	0.972046	3.6649
87.9421	0.972077	3.66507
88.1077	0.972108	3.66525
88.2733	0.972138	3.66543
88.4389	0.972169	3.6656
88.6045	0.972199	3.66578
88.7701	0.97223	3.66595
88.9357	0.972261	3.66613
89.1013	0.972291	3.6663
89.267	0.972322	3.66648
89.4326	0.972352	3.66665
89.5982	0.972382	3.66683
89.7638	0.972413	3.667
89.9294	0.972443	3.66718
90.095	0.972474	3.66735
90.2606	0.972504	3.66753
90.4263	0.972534	3.6677
90.5919	0.972564	3.66788
90.7575	0.972595	3.66805
90.9231	0.972625	3.66823
91.0887	0.972655	3.6684
91.2543	0.972685	3.66857
91.4199	0.972715	3.66875
91.5855	0.972745	3.66892
91.7512	0.972775	3.6691
91.9168	0.972805	3.66927
92.0824	0.972835	3.66945
92.248	0.972865	3.66962
92.4136	0.972895	3.6698
92.5792	0.972925	3.66997
92.7448	0.972955	3.67015
92.9104	0.972985	3.67032
93.0761	0.973015	3.67049
93.2417	0.973044	3.67067
93.4073	0.973074	3.67084
93.5729	0.973104	3.67102
93.7385	0.973134	3.67119
93.9041	0.973163	3.67137
94.0697	0.973193	3.67154
94.2353	0.973222	3.67171
94.401	0.973252	3.67189
94.5666	0.973282	3.67206
94.7322	0.973311	3.67224
94.8978	0.973341	3.67241
95.0634	0.97337	3.67258
95.229	0.9734	3.67276
95.3946	0.973429	3.67293
95.5602	0.973458	3.67311
95.7259	0.973488	3.67328
95.8915	0.973517	3.67345
96.0571	0.973546	3.67363
96.2227	0.973576	3.6738
96.3883	0.973605	3.67398
96.5539	0.973634	3.67415
96.7195	0.973663	3.67432
96.8852	0.973692	3.6745
97.0508	0.973721	3.67467
97.2164	0.97375	3.67484
97.382	0.97378	3.67502
97.5476	0.973809	3.67519
97.7132	0.973838	3.67537
97.8788	0.973867	3.67554
98.0444	0.973895	3.67571
98.2101	0.973924	3.67589
98.3757	0.973953	3.67606
98.5413	0.973982	3.67623
98.7069	0.974011	3.67641
98.8725	0.97404	3.67658
99.0381	0.974069	3.67675
99.2037	0.974097	3.67693
99.3693	0.974126	3.6771
99.535	0.974155	3.67727
99.7006	0.974183	3.67745
99.8662	0.974212	3.67762
100.032	0.974241	3.67779
100.197	0.974269	3.67797
100.363	0.974298	3.67814
100.529	0.974326	3.67831
100.694	0.974355	3.67849
100.86	0.974383	3.67866
101.025	0.974412	3.67883
101.191	0.97444	3.679
101.357	0.974468	3.67918
101.522	0.974497	3.67935
101.688	0.974525	3.67952
101.854	0.974553	3.6797
102.019	0.974582	3.67987
102.185	0.97461	3.68004
102.35	0.974638	3.68021
102.516	0.974666	3.68039
102.682	0.974694	3.68056
102.847	0.974722	3.68073
103.013	0.97475	3.68091
103.178	0.974779	3.68108
103.344	0.974807	3.68125
103.51	0.974835	3.68142
103.675	0.974863	3.6816
103.841	0.974891	3.68177
104.007	0.974918	3.68194
104.172	0.974946	3.68211
104.338	0.974974	3.68229
104.503	0.975002	3.68246
104.669	0.97503	3.68263
104.835	0.975058	3.6828
105	0.975085	3.68298
105.166	0.975113	3.68315
105.331	0.975141	3.68332
105.497	0.975169	3.68349
105.663	0.975196	3.68367
105.828	0.975224	3.68384
105.994	0.975251	3.68401
106.159	0.975279	3.68418
106.325	0.975307	3.68435
106.491	0.975334	3.68453
106.656	0.975362	3.6847
106.822	0.975389	3.68487
106.988	0.975416	3.68504
107.153	0.975444	3.68522
107.319	0.975471	3.68539
107.484	0.975499	3.68556
107.65	0.975526	3.68573
107.816	0.975553	3.6859
107.981	0.97558	3.68608
108.147	0.975608	3.68625
108.312	0.975635	3.68642
108.478	0.975662	3.68659
108.644	0.975689	3.68676
108.809	0.975716	3.68693
108.975	0.975744	3.68711
109.14	0.975771	3.68728
109.306	0.975798	3.68745
109.472	0.975825	3.68762
109.637	0.975852	3.68779
109.803	0.975879	3.68797
109.969	0.975906	3.68814
110.134	0.975933	3.68831
110.3	0.975959	3.68848
110.465	0.975986	3.68865
110.631	0.976013	3.68882
110.797	0.97604	3.68899
110.962	0.976067	3.68917
111.128	0.976094	3.68934
111.293	0.97612	3.68951
111.459	0.976147	3.68968
111.625	0.976174	3.68985
111.79	0.9762	3.69002
111.956	0.976227	3.69019
112.122	0.976254	3.69037
112.287	0.97628	3.69054
112.453	0.976307	3.69071
112.618	0.976333	3.69088
112.784	0.97636	3.69105
112.95	0.976386	3.69122
113.115	0.976413	3.69139
113.281	0.976439	3.69156
113.446	0.976466	3.69174
113.612	0.976492	3.69191
113.778	0.976518	3.69208
113.943	0.976545	3.69225
114.109	0.976571	3.69242
114.274	0.976597	3.69259
114.44	0.976623	3.69276
114.606	0.97665	3.69293
114.771	0.976676	3.6931
114.937	0.976702	3.69328
115.103	0.976728	3.69345
115.268	0.976754	3.69362
115.434	0.97678	3.69379
115.599	0.976806	3.69396
115.765	0.976833	3.69413
115.931	0.976859	3.6943
116.096	0.976885	3.69447
116.262	0.97691	3.69464
116.427	0.976936	3.69481
116.593	0.976962	3.69498
116.759	0.976988	3.69515
116.924	0.977014	3.69532
117.09	0.97704	3.69549
117.256	0.977066	3.69567
117.421	0.977092	3.69584
117.587	0.977117	3.69601
117.752	0.977143	3.69618
117.918	0.977169	3.69635
118.084	0.977194	3.69652
118.249	0.97722	3.69669
118.415	0.977246	3.69686
118.58	0.977271	3.69703
118.746	0.977297	3.6972
118.912	0.977323	3.69737
119.077	0.977348	3.69754
119.243	0.977374	3.69771
119.408	0.977399	3.69788
119.574	0.977425	3.69805
119.74	0.97745	3.69822
119.905	0.977475	3.69839
120.071	0.977501	3.69856
120.237	0.977526	3.69873
120.402	0.977552	3.6989
120.568	0.977577	3.69907
120.733	0.977602	3.69924
120.899	0.977627	3.69941
121.065	0.977653	3.69958
121.23	0.977678	3.69975
121.396	0.977703	3.69992
121.561	0.977728	3.70009
121.727	0.977753	3.70026
121.893	0.977779	3.70043
122.058	0.977804	3.7006
122.224	0.977829	3.70077
122.39	0.977854	3.70094
122.555	0.977879	3.70111
122.721	0.977904	3.70128
122.886	0.977929	3.70145
123.052	0.977954	3.70162
123.218	0.977979	3.70179
123.383	0.978004	3.70196
123.549	0.978029	3.70213
123.714	0.978053	3.7023
123.88	0.978078	3.70247
124.046	0.978103	3.70264
124.211	0.978128	3.70281
124.377	0.978153	3.70298
124.542	0.978177	3.70315
124.708	0.978202	3.70332
124.874	0.978227	3.70349
125.039	0.978251	3.70366
125.205	0.978276	3.70383
125.371	0.978301	3.704
125.536	0.978325	3.70417
125.702	0.97835	3.70434
125.867	0.978374	3.7045
126.033	0.978399	3.70467
126.199	0.978423	3.70484
126.364	0.978448	3.70501
126.53	0.978472	3.70518
126.695	0.978497	3.70535
126.861	0.978521	3.70552
127.027	0.978546	3.70569
127.192	0.97857	3.70586
127.358	0.978594	3.70603
127.524	0.978619	3.7062
127.689	0.978643	3.70637
127.855	0.978667	3.70654
128.02	0.978692	3.70671
128.186	0.978716	3.70687
128.352	0.97874	3.70704
128.517	0.978764	3.70721
128.683	0.978788	3.70738
128.848	0.978812	3.70755
129.014	0.978837	3.70772
129.18	0.978861	3.70789
129.345	0.978885	3.70806
129.511	0.978909	3.70823
129.676	0.978933	3.7084
129.842	0.978957	3.70856
130.008	0.978981	3.70873
130.173	0.979005	3.7089
130.339	0.979029	3.70907
130.505	0.979053	3.70924
130.67	0.979076	3.70941
130.836	0.9791	3.70958
131.001	0.979124	3.70975
131.167	0.979148	3.70991
131.333	0.979172	3.71008
131.498	0.979196	3.71025
131.664	0.979219	3.71042
131.829	0.979243	3.71059
131.995	0.979267	3.71076
132.161	0.97929	3.71093
132.326	0.979314	3.7111
132.492	0.979338	3.71126
132.658	0.979361	3.71143
132.823	0.979385	3.7116
132.989	0.979409	3.71177
133.154	0.979432	3.71194
133.32	0.979456	3.71211
133.486	0.979479	3.71228
133.651	0.979503	3.71244
133.817	0.979526	3.71261
133.982	0.97955	3.71278
134.148	0.979573	3.71295
134.314	0.979596	3.71312
134.479	0.97962	3.71329
134.645	0.979643	3.71345
134.81	0.979666	3.71362
134.976	0.97969	3.71379
135.142	0.979713	3.71396
135.307	0.979736	3.71413
135.473	0.97976	3.7143
135.639	0.979783	3.71446
135.804	0.979806	3.71463
135.97	0.979829	3.7148
136.135	0.979852	3.71497
136.301	0.979875	3.71514
136.467	0.979899	3.7153
136.632	0.979922	3.71547
136.798	0.979945	3.71564
136.963	0.979968	3.71581
137.129	0.979991	3.71598
137.295	0.980014	3.71614
137.46	0.980037	3.71631
137.626	0.98006	3.71648
137.792	0.980083	3.71665
137.957	0.980106	3.71682
138.123	0.980129	3.71698
138.288	0.980151	3.71715
138.454	0.980174	3.71732
138.62	0.980197	3.71749
138.785	0.98022	3.71766
138.951	0.980243	3.71782
139.116	0.980265	3.71799
139.282	0.980288	3.71816
139.448	0.980311	3.71833
139.613	0.980334	3.71849
139.779	0.980356	3.71866
139.944	0.980379	3.71883
140.11	0.980402	3.719
140.276	0.980424	3.71916
140.441	0.980447	3.71933
140.607	0.980469	3.7195
140.773	0.980492	3.71967
140.938	0.980515	3.71984
141.104	0.980537	3.72
141.269	0.98056	3.72017
141.435	0.980582	3.72034
141.601	0.980605	3.72051
141.766	0.980627	3.72067
141.932	0.980649	3.72084
142.097	0.980672	3.72101
142.263	0.980694	3.72118
142.429	0.980717	3.72134
142.594	0.980739	3.72151
142.76	0.980761	3.72168
142.926	0.980783	3.72184
143.091	0.980806	3.72201
143.257	0.980828	3.72218
143.422	0.98085	3.72235
143.588	0.980872	3.72251
143.754	0.980895	3.72268
143.919	0.980917	3.72285
144.085	0.980939	3.72302
144.25	0.980961	3.72318
144.416	0.980983	3.72335
144.582	0.981005	3.72352
144.747	0.981027	3.72368
144.913	0.981049	3.72385
145.078	0.981071	3.72402
145.244	0.981093	3.72419
145.41	0.981115	3.72435
145.575	0.981137	3.72452
145.741	0.981159	3.72469
145.907	0.981181	3.72485
146.072	0.981203	3.72502
146.238	0.981225	3.72519
146.403	0.981247	3.72535
146.569	0.981269	3.72552
146.735	0.981291	3.72569
146.9	0.981312	3.72586
147.066	0.981334	3.72602
147.231	0.981356	3.72619
147.397	0.981378	3.72636
147.563	0.9814	3.72652
147.728	0.981421	3.72669
147.894	0.981443	3.72686
148.06	0.981465	3.72702
148.225	0.981486	3.72719
148.391	0.981508	3.72736
148.556	0.981529	3.72752
148.722	0.981551	3.72769
148.888	0.981573	3.72786
149.053	0.981594	3.72802
149.217	0.981616	3.72819
149.383	0.981637	3.72836
149.548	0.981659	3.72852
149.714	0.98168	3.72869
149.88	0.981701	3.72886
150.045	0.981723	3.72902
150.211	0.981744	3.72919
150.376	0.981766	3.72936
150.542	0.981787	3.72952
150.708	0.981808	3.72969
150.873	0.98183	3.72985
151.039	0.981851	3.73002
151.204	0.981872	3.73019
151.37	0.981894	3.73035
151.536	0.981915	3.73052
151.701	0.981936	3.73069
151.867	0.981957	3.73085
152.033	0.981979	3.73102
152.198	0.982	3.73119
152.364	0.982021	3.73135
152.529	0.982042	3.73152
152.695	0.982063	3.73169
152.861	0.982084	3.73185
153.026	0.982105	3.73202
153.192	0.982127	3.73218
153.357	0.982148	3.73235
153.523	0.982169	3.73252
153.689	0.98219	3.73268
153.854	0.982211	3.73285
154.02	0.982232	3.73302
154.186	0.982253	3.73318
154.351	0.982274	3.73335
154.517	0.982294	3.73351
154.682	0.982315	3.73368
154.848	0.982336	3.73385
155.014	0.982357	3.73401
155.179	0.982378	3.73418
155.345	0.982399	3.73434
155.51	0.98242	3.73451
155.676	0.98244	3.73468
155.842	0.982461	3.73484
156.007	0.982482	3.73501
156.173	0.982503	3.73517
156.338	0.982523	3.73534
156.504	0.982544	3.73551
156.67	0.982565	3.73567
156.835	0.982585	3.73584
157.001	0.982606	3.736
157.167	0.982627	3.73617
157.332	0.982647	3.73634
157.498	0.982668	3.7365
157.663	0.982688	3.73667
157.829	0.982709	3.73683
157.995	0.98273	3.737
158.16	0.98275	3.73716
158.326	0.982771	3.73733
158.491	0.982791	3.7375
158.657	0.982811	3.73766
158.823	0.982832	3.73783
158.988	0.982852	3.73799
159.154	0.982873	3.73816
159.32	0.982893	3.73832
159.485	0.982913	3.73849
159.651	0.982934	3.73866
159.816	0.982954	3.73882
159.982	0.982974	3.73899
160.148	0.982995	3.73915
160.313	0.983015	3.73932
160.479	0.983035	3.73948
160.644	0.983056	3.73965
160.81	0.983076	3.73981
160.976	0.983096	3.73998
161.141	0.983116	3.74015
161.307	0.983136	3.74031
161.472	0.983157	3.74048
161.638	0.983177	3.74064
161.804	0.983197	3.74081
161.969	0.983217	3.74097
162.135	0.983237	3.74114
162.301	0.983257	3.7413
162.466	0.983277	3.74147
162.632	0.983297	3.74163
162.797	0.983317	3.7418
162.963	0.983337	3.74196
163.129	0.983357	3.74213
163.294	0.983377	3.74229
163.46	0.983397	3.74246
163.625	0.983417	3.74263
163.791	0.983437	3.74279
163.957	0.983457	3.74296
164.122	0.983477	3.74312
164.288	0.983496	3.74329
164.454	0.983516	3.74345
164.619	0.983536	3.74362
164.785	0.983556	3.74378
164.95	0.983576	3.74395
165.116	0.983595	3.74411
165.282	0.983615	3.74428
165.447	0.983635	3.74444
165.613	0.983655	3.74461
165.778	0.983674	3.74477
165.944	0.983694	3.74494
166.11	0.983714	3.7451
166.275	0.983733	3.74527
166.441	0.983753	3.74543
166.606	0.983773	3.7456
166.772	0.983792	3.74576
166.938	0.983812	3.74593
167.103	0.983831	3.74609
167.269	0.983851	3.74626
167.435	0.98387	3.74642
167.6	0.98389	3.74659
167.766	0.983909	3.74675
167.931	0.983929	3.74692
168.097	0.983948	3.74708
168.263	0.983968	3.74725
168.428	0.983987	3.74741
168.594	0.984007	3.74758
168.759	0.984026	3.74774
168.925	0.984045	3.74791
169.091	0.984065	3.74807
169.256	0.984084	3.74824
169.422	0.984103	3.7484
169.588	0.984123	3.74856
169.753	0.984142	3.74873
169.919	0.984161	3.74889
170.084	0.984181	3.74906
170.25	0.9842	3.74922
170.416	0.984219	3.74939
170.581	0.984238	3.74955
170.747	0.984257	3.74972
170.912	0.984277	3.74988
171.078	0.984296	3.75005
171.244	0.984315	3.75021
171.409	0.984334	3.75038
171.575	0.984353	3.75054
171.74	0.984372	3.7507
171.906	0.984391	3.75087
172.072	0.98441	3.75103
172.237	0.984429	3.7512
172.403	0.984448	3.75136
172.569	0.984467	3.75153
172.734	0.984486	3.75169
172.9	0.984505	3.75186
173.065	0.984524	3.75202
173.231	0.984543	3.75218
173.397	0.984562	3.75235
173.562	0.984581	3.75251
173.728	0.9846	3.75268
173.893	0.984619	3.75284
174.059	0.984638	3.75301
174.225	0.984657	3.75317
174.39	0.984675	3.75334
174.556	0.984694	3.7535
174.722	0.984713	3.75366
174.887	0.984732	3.75383
175.053	0.984751	3.75399
175.218	0.984769	3.75416
175.384	0.984788	3.75432
175.55	0.984807	3.75448
175.715	0.984825	3.75465
175.881	0.984844	3.75481
176.046	0.984863	3.75498
176.212	0.984881	3.75514
176.378	0.9849	3.75531
176.543	0.984919	3.75547
176.709	0.984937	3.75563
176.874	0.984956	3.7558
177.04	0.984975	3.75596
177.206	0.984993	3.75613
177.371	0.985012	3.75629
177.537	0.98503	3.75645
177.703	0.985049	3.75662
177.868	0.985067	3.75678
178.034	0.985086	3.75695
178.199	0.985104	3.75711
178.365	0.985123	3.75727
178.531	0.985141	3.75744
178.696	0.985159	3.7576
178.862	0.985178	3.75777
179.027	0.985196	3.75793
179.193	0.985215	3.75809
179.359	0.985233	3.75826
179.524	0.985251	3.75842
179.69	0.98527	3.75859
179.856	0.985288	3.75875
180.021	0.985306	3.75891
180.187	0.985324	3.75908
180.352	0.985343	3.75924
180.518	0.985361	3.75941
180.684	0.985379	3.75957
180.849	0.985397	3.75973
181.015	0.985416	3.7599
181.18	0.985434	3.76006
181.346	0.985452	3.76022
181.512	0.98547	3.76039
181.677	0.985488	3.76055
181.843	0.985506	3.76072
182.008	0.985524	3.76088
182.174	0.985543	3.76104
182.34	0.985561	3.76121
182.505	0.985579	3.76137
182.671	0.985597	3.76153
182.837	0.985615	3.7617
183.002	0.985633	3.76186
183.168	0.985651	3.76202
183.333	0.985669	3.76219
183.499	0.985687	3.76235
183.665	0.985705	3.76252
183.83	0.985723	3.76268
183.996	0.985741	3.76284
184.161	0.985758	3.76301
184.327	0.985776	3.76317
184.493	0.985794	3.76333
184.658	0.985812	3.7635
184.824	0.98583	3.76366
184.99	0.985848	3.76382
185.155	0.985866	3.76399
185.321	0.985883	3.76415
185.486	0.985901	3.76431
185.652	0.985919	3.76448
185.818	0.985937	3.76464
185.983	0.985954	3.7648
186.149	0.985972	3.76497
186.314	0.98599	3.76513
186.48	0.986008	3.76529
186.646	0.986025	3.76546
186.811	0.986043	3.76562
186.977	0.986061	3.76578
187.142	0.986078	3.76595
187.308	0.986096	3.76611
187.474	0.986114	3.76627
187.639	0.986131	3.76644
187.805	0.986149	3.7666
187.971	0.986166	3.76676
188.136	0.986184	3.76693
188.302	0.986201	3.76709
188.467	0.986219	3.76725
188.633	0.986236	3.76742
188.799	0.986254	3.76758
188.964	0.986271	3.76774
189.13	0.986289	3.76791
189.295	0.986306	3.76807
189.461	0.986324	3.76823
189.627	0.986341	3.7684
189.792	0.986359	3.76856
189.958	0.986376	3.76872
190.124	0.986393	3.76889
190.289	0.986411	3.76905
190.455	0.986428	3.76921
190.62	0.986445	3.76938
190.786	0.986463	3.76954
190.952	0.98648	3.7697
191.117	0.986497	3.76986
191.283	0.986515	3.77003
191.448	0.986532	3.77019
191.614	0.986549	3.77035
191.78	0.986566	3.77052
191.945	0.986584	3.77068
192.111	0.986601	3.77084
192.276	0.986618	3.77101
192.442	0.986635	3.77117
192.608	0.986652	3.77133
192.773	0.986669	3.77149
192.939	0.986687	3.77166
193.105	0.986704	3.77182
193.27	0.986721	3.77198
193.436	0.986738	3.77215
193.601	0.986755	3.77231
193.767	0.986772	3.77247
193.933	0.986789	3.77263
194.098	0.986806	3.7728
194.264	0.986823	3.77296
194.429	0.98684	3.77312
194.595	0.986857	3.77329
194.761	0.986874	3.77345
194.926	0.986891	3.77361
195.092	0.986908	3.77377
195.258	0.986925	3.77394
195.423	0.986942	3.7741
195.589	0.986959	3.77426
195.754	0.986976	3.77443
195.92	0.986993	3.77459
196.086	0.98701	3.77475
196.251	0.987026	3.77491
196.417	0.987043	3.77508
196.582	0.98706	3.77524
196.748	0.987077	3.7754
196.914	0.987094	3.77556
197.079	0.98711	3.77573
197.245	0.987127	3.77589
197.41	0.987144	3.77605
197.576	0.987161	3.77622
197.742	0.987177	3.77638
197.907	0.987194	3.77654
198.073	0.987211	3.7767
198.239	0.987228	3.77687
198.404	0.987244	3.77703
198.57	0.987261	3.77719
198.735	0.987278	3.77735
198.901	0.987294	3.77752
199.067	0.987311	3.77768
199.232	0.987327	3.77784
199.398	0.987344	3.778
199.563	0.987361	3.77817
199.729	0.987377	3.77833
199.895	0.987394	3.77849
200.06	0.98741	3.77865
200.226	0.987427	3.77882
200.392	0.987443	3.77898
200.557	0.98746	3.77914
200.723	0.987476	3.7793
200.888	0.987493	3.77947
201.054	0.987509	3.77963
201.22	0.987526	3.77979
201.385	0.987542	3.77995
201.551	0.987559	3.78012
201.716	0.987575	3.78028
201.882	0.987591	3.78044
202.048	0.987608	3.7806
202.213	0.987624	3.78076
202.379	0.987641	3.78093
202.544	0.987657	3.78109
202.71	0.987673	3.78125
202.876	0.98769	3.78141
203.041	0.987706	3.78158
203.207	0.987722	3.78174
203.373	0.987738	3.7819
203.538	0.987755	3.78206
203.704	0.987771	3.78223
203.869	0.987787	3.78239
204.035	0.987803	3.78255
204.201	0.98782	3.78271
204.366	0.987836	3.78287
204.532	0.987852	3.78304
204.697	0.987868	3.7832
204.863	0.987884	3.78336
205.029	0.9879	3.78352
205.194	0.987917	3.78368
205.36	0.987933	3.78385
205.526	0.987949	3.78401
205.691	0.987965	3.78417
205.857	0.987981	3.78433
206.022	0.987997	3.7845
206.188	0.988013	3.78466
206.354	0.988029	3.78482
206.519	0.988045	3.78498
206.685	0.988061	3.78514
206.85	0.988077	3.78531
207.016	0.988093	3.78547
207.182	0.988109	3.78563
207.347	0.988125	3.78579
207.513	0.988141	3.78595
207.678	0.988157	3.78612
207.844	0.988173	3.78628
208.01	0.988189	3.78644
208.175	0.988205	3.7866
208.341	0.988221	3.78676
208.507	0.988237	3.78693
208.672	0.988252	3.78709
208.838	0.988268	3.78725
209.003	0.988284	3.78741
209.169	0.9883	3.78757
209.335	0.988316	3.78774
209.5	0.988332	3.7879
209.666	0.988347	3.78806
209.831	0.988363	3.78822
209.997	0.988379	3.78838
210.163	0.988395	3.78855
210.328	0.98841	3.78871
210.494	0.988426	3.78887
210.659	0.988442	3.78903
210.825	0.988458	3.78919
210.991	0.988473	3.78935
211.156	0.988489	3.78952
211.322	0.988505	3.78968
211.488	0.98852	3.78984
211.653	0.988536	3.79
211.819	0.988552	3.79016
211.984	0.988567	3.79033
212.15	0.988583	3.79049
212.316	0.988598	3.79065
212.481	0.988614	3.79081
212.647	0.988629	3.79097
212.812	0.988645	3.79113
212.978	0.988661	3.7913
213.144	0.988676	3.79146
213.309	0.988692	3.79162
213.475	0.988707	3.79178
213.641	0.988723	3.79194
213.806	0.988738	3.7921
213.972	0.988754	3.79227
214.137	0.988769	3.79243
214.303	0.988784	3.79259
214.469	0.9888	3.79275
214.634	0.988815	3.79291
214.8	0.988831	3.79307
214.965	0.988846	3.79324
215.131	0.988862	3.7934
215.297	0.988877	3.79356
215.462	0.988892	3.79372
215.628	0.988908	3.79388
215.793	0.988923	3.79404
215.959	0.988938	3.79421
216.125	0.988954	3.79437
216.29	0.988969	3.79453
216.456	0.988984	3.79469
216.622	0.988999	3.79485
216.787	0.989015	3.79501
216.953	0.98903	3.79518
217.118	0.989045	3.79534
217.284	0.98906	3.7955
217.45	0.989076	3.79566
217.615	0.989091	3.79582
217.781	0.989106	3.79598
217.946	0.989121	3.79614
218.112	0.989136	3.79631
218.278	0.989152	3.79647
218.443	0.989167	3.79663
218.609	0.989182	3.79679
218.775	0.989197	3.79695
218.94	0.989212	3.79711
219.106	0.989227	3.79727
219.271	0.989242	3.79744
219.437	0.989257	3.7976
219.603	0.989272	3.79776
219.768	0.989287	3.79792
219.934	0.989302	3.79808
220.099	0.989317	3.79824
220.265	0.989332	3.7984
220.431	0.989347	3.79857
220.596	0.989362	3.79873
220.762	0.989377	3.79889
220.927	0.989392	3.79905
221.093	0.989407	3.79921
221.259	0.989422	3.79937
221.424	0.989437	3.79953
221.59	0.989452	3.79969
221.756	0.989467	3.79986
221.921	0.989482	3.80002
222.087	0.989497	3.80018
222.252	0.989512	3.80034
222.418	0.989527	3.8005
222.584	0.989541	3.80066
222.749	0.989556	3.80082
222.915	0.989571	3.80098
223.08	0.989586	3.80115
223.246	0.989601	3.80131
223.412	0.989616	3.80147
223.577	0.98963	3.80163
223.743	0.989645	3.80179
223.909	0.98966	3.80195
224.074	0.989675	3.80211
224.24	0.989689	3.80227
224.405	0.989704	3.80244
224.571	0.989719	3.8026
224.737	0.989733	3.80276
224.902	0.989748	3.80292
225.068	0.989763	3.80308
225.233	0.989778	3.80324
225.399	0.989792	3.8034
225.565	0.989807	3.80356
225.73	0.989821	3.80372
225.896	0.989836	3.80389
226.061	0.989851	3.80405
226.227	0.989865	3.80421
226.393	0.98988	3.80437
226.558	0.989894	3.80453
226.724	0.989909	3.80469
226.89	0.989924	3.80485
227.055	0.989938	3.80501
227.221	0.989953	3.80517
227.386	0.989967	3.80534
227.552	0.989982	3.8055
227.718	0.989996	3.80566
227.883	0.990011	3.80582
228.049	0.990025	3.80598
228.214	0.99004	3.80614
228.38	0.990054	3.8063
228.546	0.990069	3.80646
228.711	0.990083	3.80662
228.877	0.990097	3.80678
229.043	0.990112	3.80695
229.208	0.990126	3.80711
229.374	0.990141	3.80727
229.539	0.990155	3.80743
229.705	0.990169	3.80759
229.871	0.990184	3.80775
230.036	0.990198	3.80791
230.202	0.990212	3.80807
230.367	0.990227	3.80823
230.533	0.990241	3.80839
230.699	0.990255	3.80856
230.864	0.99027	3.80872
231.03	0.990284	3.80888
231.195	0.990298	3.80904
231.361	0.990312	3.8092
231.527	0.990327	3.80936
231.692	0.990341	3.80952
231.858	0.990355	3.80968
232.024	0.990369	3.80984
232.189	0.990384	3.81
232.355	0.990398	3.81016
232.52	0.990412	3.81032
232.686	0.990426	3.81049
232.852	0.99044	3.81065
233.017	0.990454	3.81081
233.183	0.990469	3.81097
233.348	0.990483	3.81113
233.514	0.990497	3.81129
233.68	0.990511	3.81145
233.845	0.990525	3.81161
234.011	0.990539	3.81177
234.177	0.990553	3.81193
234.342	0.990567	3.81209
234.508	0.990581	3.81225
234.673	0.990595	3.81241
234.839	0.990609	3.81258
235.005	0.990623	3.81274
235.17	0.990637	3.8129
235.336	0.990651	3.81306
235.501	0.990665	3.81322
235.667	0.990679	3.81338
235.833	0.990693	3.81354
235.998	0.990707	3.8137
236.164	0.990721	3.81386
236.329	0.990735	3.81402
236.495	0.990749	3.81418
236.661	0.990763	3.81434
236.826	0.990777	3.8145
236.992	0.990791	3.81466
237.158	0.990805	3.81483
237.323	0.990819	3.81499
237.489	0.990832	3.81515
237.654	0.990846	3.81531
237.82	0.99086	3.81547
237.986	0.990874	3.81563
238.151	0.990888	3.81579
238.317	0.990902	3.81595
238.482	0.990915	3.81611
238.648	0.990929	3.81627
238.814	0.990943	3.81643
238.979	0.990957	3.81659
239.145	0.990971	3.81675
239.311	0.990984	3.81691
239.476	0.990998	3.81707
239.642	0.991012	3.81723
239.807	0.991025	3.8174
239.973	0.991039	3.81756
240.139	0.991053	3.81772
240.304	0.991067	3.81788
240.47	0.99108	3.81804
240.635	0.991094	3.8182
240.801	0.991108	3.81836
240.967	0.991121	3.81852
241.132	0.991135	3.81868
241.298	0.991149	3.81884
241.463	0.991162	3.819
241.629	0.991176	3.81916
241.795	0.991189	3.81932
241.96	0.991203	3.81948
242.126	0.991217	3.81964
242.292	0.99123	3.8198
242.457	0.991244	3.81996
242.623	0.991257	3.82012
242.788	0.991271	3.82028
242.954	0.991284	3.82044
243.12	0.991298	3.82061
243.285	0.991311	3.82077
243.451	0.991325	3.82093
243.616	0.991338	3.82109
243.782	0.991352	3.82125
243.948	0.991365	3.82141
244.113	0.991379	3.82157
244.279	0.991392	3.82173
244.445	0.991406	3.82189
244.61	0.991419	3.82205
244.776	0.991432	3.82221
244.941	0.991446	3.82237
245.107	0.991459	3.82253
245.273	0.991473	3.82269
245.438	0.991486	3.82285
245.604	0.991499	3.82301
245.769	0.991513	3.82317
245.935	0.991526	3.82333
246.101	0.991539	3.82349
246.266	0.991553	3.82365
246.432	0.991566	3.82381
246.597	0.991579	3.82397
246.763	0.991593	3.82413
246.929	0.991606	3.82429
247.094	0.991619	3.82445
247.26	0.991632	3.82461
247.426	0.991646	3.82477
247.591	0.991659	3.82494
247.757	0.991672	3.8251
247.922	0.991685	3.82526
248.088	0.991699	3.82542
248.254	0.991712	3.82558
248.419	0.991725	3.82574
248.585	0.991738	3.8259
248.75	0.991751	3.82606
248.916	0.991765	3.82622
249.082	0.991778	3.82638
249.247	0.991791	3.82654
249.413	0.991804	3.8267
249.579	0.991817	3.82686
249.744	0.99183	3.82702
249.91	0.991843	3.82718
250.075	0.991857	3.82734
250.241	0.99187	3.8275
250.407	0.991883	3.82766
250.572	0.991896	3.82782
250.738	0.991909	3.82798
250.903	0.991922	3.82814
251.069	0.991935	3.8283
251.235	0.991948	3.82846
251.4	0.991961	3.82862
251.566	0.991974	3.82878
251.731	0.991987	3.82894
251.897	0.992	3.8291
252.063	0.992013	3.82926
252.228	0.992026	3.82942
252.394	0.992039	3.82958
252.56	0.992052	3.82974
252.725	0.992065	3.8299
252.891	0.992078	3.83006
253.056	0.992091	3.83022
253.222	0.992104	3.83038
253.388	0.992117	3.83054
253.553	0.99213	3.8307
253.719	0.992142	3.83086
253.884	0.992155	3.83102
254.05	0.992168	3.83118
254.216	0.992181	3.83134
254.381	0.992194	3.8315
254.547	0.992207	3.83166
254.713	0.99222	3.83182
254.878	0.992232	3.83198
255.044	0.992245	3.83214
255.209	0.992258	3.8323
255.375	0.992271	3.83246
255.541	0.992284	3.83262
255.706	0.992296	3.83278
255.872	0.992309	3.83294
256.037	0.992322	3.8331
256.203	0.992335	3.83326
256.369	0.992347	3.83342
256.534	0.99236	3.83358
256.7	0.992373	3.83374
256.865	0.992386	3.8339
257.031	0.992398	3.83406
257.197	0.992411	3.83422
257.362	0.992424	3.83438
257.528	0.992436	3.83454
257.694	0.992449	3.8347
257.859	0.992462	3.83486
258.025	0.992474	3.83502
258.19	0.992487	3.83518
258.356	0.9925	3.83534
258.522	0.992512	3.8355
258.687	0.992525	3.83566
258.853	0.992538	3.83582
259.018	0.99255	3.83598
259.184	0.992563	3.83614
259.35	0.992575	3.8363
259.515	0.992588	3.83646
259.681	0.9926	3.83662
259.847	0.992613	3.83678
260.012	0.992626	3.83694
260.178	0.992638	3.8371
260.343	0.992651	3.83726
260.509	0.992663	3.83742
260.675	0.992676	3.83758
260.84	0.992688	3.83774
261.006	0.992701	3.8379
261.171	0.992713	3.83806
261.337	0.992726	3.83822
261.503	0.992738	3.83838
261.668	0.992751	3.83854
261.834	0.992763	3.8387
261.999	0.992775	3.83886
262.165	0.992788	3.83902
262.331	0.9928	3.83918
262.496	0.992813	3.83934
262.662	0.992825	3.8395
262.828	0.992837	3.83966
262.993	0.99285	3.83982
263.159	0.992862	3.83998
263.324	0.992875	3.84014
263.49	0.992887	3.8403
263.656	0.992899	3.84046
263.821	0.992912	3.84062
263.987	0.992924	3.84078
264.152	0.992936	3.84094
264.318	0.992949	3.8411
264.484	0.992961	3.84126
264.649	0.992973	3.84142
264.815	0.992985	3.84158
264.98	0.992998	3.84174
265.146	0.99301	3.8419
265.312	0.993022	3.84206
265.477	0.993035	3.84222
265.643	0.993047	3.84238
265.809	0.993059	3.84254
265.974	0.993071	3.8427
266.14	0.993083	3.84286
266.305	0.993096	3.84302
266.471	0.993108	3.84318
266.637	0.99312	3.84334
266.802	0.993132	3.8435
266.968	0.993144	3.84366
267.133	0.993157	3.84382
267.299	0.993169	3.84398
267.465	0.993181	3.84414
267.63	0.993193	3.8443
267.796	0.993205	3.84446
267.962	0.993217	3.84462
268.127	0.993229	3.84478
268.293	0.993241	3.84494
268.458	0.993254	3.8451
268.624	0.993266	3.84526
268.79	0.993278	3.84542
268.955	0.99329	3.84558
269.121	0.993302	3.84574
269.286	0.993314	3.8459
269.452	0.993326	3.84606
269.618	0.993338	3.84622
269.783	0.99335	3.84638
269.949	0.993362	3.84654
270.114	0.993374	3.8467
270.28	0.993386	3.84686
270.446	0.993398	3.84702
270.611	0.99341	3.84718
270.777	0.993422	3.84734
270.943	0.993434	3.84749
271.108	0.993446	3.84765
271.274	0.993458	3.84781
271.439	0.99347	3.84797
271.605	0.993482	3.84813
271.771	0.993494	3.84829
271.936	0.993506	3.84845
272.102	0.993518	3.84861
272.267	0.993529	3.84877
272.433	0.993541	3.84893
272.599	0.993553	3.84909
272.764	0.993565	3.84925
272.93	0.993577	3.84941
273.096	0.993589	3.84957
273.261	0.993601	3.84973
273.427	0.993613	3.84989
273.592	0.993624	3.85005
273.758	0.993636	3.85021
273.924	0.993648	3.85037
274.089	0.99366	3.85053
274.255	0.993672	3.85069
274.42	0.993683	3.85085
274.586	0.993695	3.85101
274.752	0.993707	3.85117
274.917	0.993719	3.85133
275.083	0.99373	3.85149
275.248	0.993742	3.85165
275.414	0.993754	3.85181
275.58	0.993766	3.85197
275.745	0.993777	3.85213
275.911	0.993789	3.85229
276.077	0.993801	3.85245
276.242	0.993813	3.85261
276.408	0.993824	3.85277
276.573	0.993836	3.85292
276.739	0.993848	3.85308
276.905	0.993859	3.85324
277.07	0.993871	3.8534
277.236	0.993883	3.85356
277.401	0.993894	3.85372
277.567	0.993906	3.85388
277.733	0.993918	3.85404
277.898	0.993929	3.8542
278.064	0.993941	3.85436
278.23	0.993952	3.85452
278.395	0.993964	3.85468
278.561	0.993976	3.85484
278.726	0.993987	3.855
278.892	0.993999	3.85516
279.058	0.99401	3.85532
279.223	0.994022	3.85548
279.389	0.994033	3.85564
279.554	0.994045	3.8558
279.72	0.994056	3.85596
279.886	0.994068	3.85612
280.051	0.99408	3.85628
280.217	0.994091	3.85644
280.382	0.994103	3.8566
280.548	0.994114	3.85676
280.714	0.994126	3.85692
280.879	0.994137	3.85707
281.045	0.994148	3.85723
281.211	0.99416	3.85739
281.376	0.994171	3.85755
281.542	0.994183	3.85771
281.707	0.994194	3.85787
281.873	0.994206	3.85803
282.039	0.994217	3.85819
282.204	0.994229	3.85835
282.37	0.99424	3.85851
282.535	0.994251	3.85867
282.701	0.994263	3.85883
282.867	0.994274	3.85899
283.032	0.994285	3.85915
283.198	0.994297	3.85931
283.364	0.994308	3.85947
283.529	0.99432	3.85963
283.695	0.994331	3.85979
283.86	0.994342	3.85995
284.026	0.994354	3.86011
284.192	0.994365	3.86027
284.357	0.994376	3.86043
284.523	0.994387	3.86059
284.688	0.994399	3.86075
284.854	0.99441	3.8609
285.02	0.994421	3.86106
285.185	0.994433	3.86122
285.351	0.994444	3.86138
285.516	0.994455	3.86154
285.682	0.994466	3.8617
285.848	0.994478	3.86186
286.013	0.994489	3.86202
286.179	0.9945	3.86218
286.345	0.994511	3.86234
286.51	0.994523	3.8625
286.676	0.994534	3.86266
286.841	0.994545	3.86282
287.007	0.994556	3.86298
287.173	0.994567	3.86314
287.338	0.994578	3.8633
287.504	0.99459	3.86346
287.669	0.994601	3.86362
287.835	0.994612	3.86378
288.001	0.994623	3.86394
288.166	0.994634	3.8641
288.332	0.994645	3.86425
288.498	0.994656	3.86441
288.663	0.994668	3.86457
288.829	0.994679	3.86473
288.994	0.99469	3.86489
289.16	0.994701	3.86505
289.326	0.994712	3.86521
289.491	0.994723	3.86537
289.657	0.994734	3.86553
289.822	0.994745	3.86569
289.988	0.994756	3.86585
290.154	0.994767	3.86601
290.319	0.994778	3.86617
290.485	0.994789	3.86633
290.65	0.9948	3.86649
290.816	0.994811	3.86665
290.982	0.994822	3.86681
291.147	0.994833	3.86697
291.313	0.994844	3.86713
291.479	0.994855	3.86729
291.644	0.994866	3.86744
291.81	0.994877	3.8676
291.975	0.994888	3.86776
292.141	0.994899	3.86792
292.307	0.99491	3.86808
292.472	0.994921	3.86824
292.638	0.994932	3.8684
292.803	0.994943	3.86856
292.969	0.994954	3.86872
293.135	0.994965	3.86888
293.3	0.994976	3.86904
293.466	0.994987	3.8692
293.632	0.994997	3.86936
293.797	0.995008	3.86952
293.963	0.995019	3.86968
294.128	0.99503	3.86984
294.294	0.995041	3.87
294.46	0.995052	3.87016
294.625	0.995063	3.87032
294.791	0.995073	3.87047
294.956	0.995084	3.87063
295.122	0.995095	3.87079
295.288	0.995106	3.87095
295.453	0.995117	3.87111
295.619	0.995128	3.87127
295.784	0.995138	3.87143
295.95	0.995149	3.87159
296.116	0.99516	3.87175
296.281	0.995171	3.87191
296.447	0.995181	3.87207
296.613	0.995192	3.87223
296.778	0.995203	3.87239
296.944	0.995214	3.87255
297.109	0.995224	3.87271
297.275	0.995235	3.87287
297.441	0.995246	3.87303
297.606	0.995257	3.87319
297.772	0.995267	3.87335
297.937	0.995278	3.8735
298.103	0.995289	3.87366
298.269	0.995299	3.87382
298.434	0.99531	3.87398
298.6	0.995321	3.87414
298.766	0.995331	3.8743
298.931	0.995342	3.87446
299.097	0.995353	3.87462
299.262	0.995363	3.87478
299.428	0.995374	3.87494
299.594	0.995385	3.8751
299.759	0.995395	3.87526
299.925	0.995406	3.87542
300.09	0.995416	3.87558
300.256	0.995427	3.87574
300.422	0.995438	3.8759
300.587	0.995448	3.87606
300.753	0.995459	3.87622
300.918	0.995469	3.87637
301.084	0.99548	3.87653
301.25	0.99549	3.87669
301.415	0.995501	3.87685
301.581	0.995511	3.87701
301.747	0.995522	3.87717
301.912	0.995533	3.87733
302.078	0.995543	3.87749
302.243	0.995554	3.87765
302.409	0.995564	3.87781
302.575	0.995575	3.87797
302.74	0.995585	3.87813
302.906	0.995596	3.87829
303.071	0.995606	3.87845
303.237	0.995617	3.87861
303.403	0.995627	3.87877
303.568	0.995637	3.87893
303.734	0.995648	3.87909
303.9	0.995658	3.87924
304.065	0.995669	3.8794
304.231	0.995679	3.87956
304.396	0.99569	3.87972
304.562	0.9957	3.87988
304.728	0.99571	3.88004
304.893	0.995721	3.8802
305.059	0.995731	3.88036
305.224	0.995742	3.88052
305.39	0.995752	3.88068
305.556	0.995762	3.88084
305.721	0.995773	3.881
305.887	0.995783	3.88116
306.052	0.995793	3.88132
306.218	0.995804	3.88148
306.384	0.995814	3.88164
306.549	0.995825	3.8818
306.715	0.995835	3.88196
306.881	0.995845	3.88211
307.046	0.995855	3.88227
307.212	0.995866	3.88243
307.377	0.995876	3.88259
307.543	0.995886	3.88275
307.709	0.995897	3.88291
307.874	0.995907	3.88307
308.04	0.995917	3.88323
308.205	0.995927	3.88339
308.371	0.995938	3.88355
308.537	0.995948	3.88371
308.702	0.995958	3.88387
308.868	0.995968	3.88403
309.034	0.995979	3.88419
309.199	0.995989	3.88435
309.365	0.995999	3.88451
309.53	0.996009	3.88467
309.696	0.99602	3.88482
309.862	0.99603	3.88498
310.027	0.99604	3.88514
310.193	0.99605	3.8853
310.358	0.99606	3.88546
310.524	0.99607	3.88562
310.69	0.996081	3.88578
310.855	0.996091	3.88594
311.021	0.996101	3.8861
311.186	0.996111	3.88626
311.352	0.996121	3.88642
311.518	0.996131	3.88658
311.683	0.996141	3.88674
311.849	0.996152	3.8869
312.015	0.996162	3.88706
312.18	0.996172	3.88722
312.346	0.996182	3.88738
312.511	0.996192	3.88754
312.677	0.996202	3.88769
312.844	0.996212	3.88786
313.01	0.996222	3.88802
313.175	0.996232	3.88817
313.341	0.996242	3.88833
313.507	0.996253	3.88849
313.672	0.996263	3.88865
313.838	0.996273	3.88881
314.004	0.996283	3.88897
314.169	0.996293	3.88913
314.335	0.996303	3.88929
314.5	0.996313	3.88945
314.666	0.996323	3.88961
314.832	0.996333	3.88977
314.997	0.996343	3.88993
315.163	0.996353	3.89009
315.328	0.996363	3.89025
315.494	0.996373	3.89041
315.66	0.996383	3.89057
315.825	0.996393	3.89073
315.991	0.996403	3.89089
316.157	0.996412	3.89104
316.322	0.996422	3.8912
316.488	0.996432	3.89136
316.653	0.996442	3.89152
316.819	0.996452	3.89168
316.985	0.996462	3.89184
317.15	0.996472	3.892
317.316	0.996482	3.89216
317.481	0.996492	3.89232
317.647	0.996502	3.89248
317.813	0.996512	3.89264
317.978	0.996521	3.8928
318.144	0.996531	3.89296
318.309	0.996541	3.89312
318.475	0.996551	3.89328
318.641	0.996561	3.89344
318.806	0.996571	3.8936
318.972	0.996581	3.89376
319.138	0.99659	3.89392
319.303	0.9966	3.89407
319.469	0.99661	3.89423
319.634	0.99662	3.89439
319.8	0.99663	3.89455
319.966	0.996639	3.89471
320.131	0.996649	3.89487
320.297	0.996659	3.89503
320.462	0.996669	3.89519
320.628	0.996679	3.89535
320.794	0.996688	3.89551
320.959	0.996698	3.89567
321.125	0.996708	3.89583
321.291	0.996718	3.89599
321.456	0.996727	3.89615
321.622	0.996737	3.89631
321.787	0.996747	3.89647
321.953	0.996757	3.89663
322.119	0.996766	3.89679
322.284	0.996776	3.89695
322.45	0.996786	3.8971
322.615	0.996795	3.89726
322.781	0.996805	3.89742
322.947	0.996815	3.89758
323.112	0.996824	3.89774
323.278	0.996834	3.8979
323.443	0.996844	3.89806
323.609	0.996853	3.89822
323.775	0.996863	3.89838
323.94	0.996873	3.89854
324.106	0.996882	3.8987
324.272	0.996892	3.89886
324.437	0.996902	3.89902
324.603	0.996911	3.89918
324.768	0.996921	3.89934
324.934	0.996931	3.8995
325.1	0.99694	3.89966
325.265	0.99695	3.89982
325.431	0.996959	3.89998
325.596	0.996969	3.90014
325.762	0.996978	3.90029
325.928	0.996988	3.90045
326.093	0.996998	3.90061
326.259	0.997007	3.90077
326.425	0.997017	3.90093
326.59	0.997026	3.90109
326.756	0.997036	3.90125
326.921	0.997045	3.90141
327.087	0.997055	3.90157
327.253	0.997064	3.90173
327.418	0.997074	3.90189
327.584	0.997083	3.90205
327.749	0.997093	3.90221
327.915	0.997102	3.90237
328.081	0.997112	3.90253
328.246	0.997121	3.90269
328.412	0.997131	3.90285
328.577	0.99714	3.90301
328.743	0.99715	3.90317
328.909	0.997159	3.90333
329.074	0.997169	3.90349
329.24	0.997178	3.90364
329.406	0.997188	3.9038
329.571	0.997197	3.90396
329.737	0.997207	3.90412
329.902	0.997216	3.90428
330.068	0.997225	3.90444
330.234	0.997235	3.9046
330.399	0.997244	3.90476
330.565	0.997254	3.90492
330.73	0.997263	3.90508
330.896	0.997272	3.90524
331.062	0.997282	3.9054
331.227	0.997291	3.90556
331.393	0.997301	3.90572
331.559	0.99731	3.90588
331.724	0.997319	3.90604
331.89	0.997329	3.9062
332.055	0.997338	3.90636
332.221	0.997347	3.90652
332.387	0.997357	3.90668
332.552	0.997366	3.90684
332.718	0.997375	3.907
332.883	0.997385	3.90716
333.049	0.997394	3.90731
333.215	0.997403	3.90747
333.38	0.997413	3.90763
333.546	0.997422	3.90779
333.711	0.997431	3.90795
333.877	0.997441	3.90811
334.043	0.99745	3.90827
334.208	0.997459	3.90843
334.374	0.997468	3.90859
334.54	0.997478	3.90875
334.705	0.997487	3.90891
334.871	0.997496	3.90907
335.036	0.997505	3.90923
335.202	0.997515	3.90939
335.368	0.997524	3.90955
335.533	0.997533	3.90971
335.699	0.997542	3.90987
335.864	0.997552	3.91003
336.03	0.997561	3.91019
336.196	0.99757	3.91035
336.361	0.997579	3.91051
336.527	0.997588	3.91067
336.693	0.997598	3.91083
336.858	0.997607	3.91099
337.024	0.997616	3.91115
337.189	0.997625	3.9113
337.355	0.997634	3.91146
337.521	0.997643	3.91162
337.686	0.997653	3.91178
337.852	0.997662	3.91194
338.017	0.997671	3.9121
338.183	0.99768	3.91226
338.349	0.997689	3.91242
338.514	0.997698	3.91258
338.68	0.997707	3.91274
338.845	0.997716	3.9129
339.011	0.997726	3.91306
339.177	0.997735	3.91322
339.342	0.997744	3.91338
339.508	0.997753	3.91354
339.674	0.997762	3.9137
339.839	0.997771	3.91386
340.005	0.99778	3.91402
340.17	0.997789	3.91418
340.336	0.997798	3.91434
340.502	0.997807	3.9145
340.667	0.997816	3.91466
340.833	0.997825	3.91482
340.998	0.997834	3.91498
341.164	0.997843	3.91514
341.33	0.997852	3.9153
341.495	0.997861	3.91546
341.661	0.99787	3.91562
341.827	0.997879	3.91578
341.992	0.997888	3.91594
342.158	0.997897	3.91609
342.323	0.997906	3.91625
342.489	0.997915	3.91641
342.655	0.997924	3.91657
342.82	0.997933	3.91673
342.986	0.997942	3.91689
343.151	0.997951	3.91705
343.317	0.99796	3.91721
343.483	0.997969	3.91737
343.648	0.997978	3.91753
343.814	0.997987	3.91769
343.979	0.997996	3.91785
344.145	0.998005	3.91801
344.311	0.998014	3.91817
344.476	0.998023	3.91833
344.642	0.998032	3.91849
344.808	0.998041	3.91865
344.973	0.99805	3.91881
345.139	0.998059	3.91897
345.304	0.998067	3.91913
345.47	0.998076	3.91929
345.636	0.998085	3.91945
345.801	0.998094	3.91961
345.967	0.998103	3.91977
346.132	0.998112	3.91993
346.298	0.998121	3.92009
346.464	0.99813	3.92025
346.629	0.998138	3.92041
346.795	0.998147	3.92057
346.96	0.998156	3.92073
347.126	0.998165	3.92089
347.292	0.998174	3.92105
347.457	0.998183	3.92121
347.623	0.998191	3.92137
347.789	0.9982	3.92153
347.954	0.998209	3.92169
348.12	0.998218	3.92185
348.285	0.998227	3.92201
348.451	0.998235	3.92217
348.617	0.998244	3.92233
348.782	0.998253	3.92249
348.948	0.998262	3.92265
349.113	0.99827	3.9228
349.279	0.998279	3.92296
349.445	0.998288	3.92312
349.61	0.998297	3.92328
349.776	0.998305	3.92344
349.942	0.998314	3.9236
350.107	0.998323	3.92376
350.273	0.998332	3.92392
350.438	0.99834	3.92408
350.604	0.998349	3.92424
350.77	0.998358	3.9244
350.935	0.998367	3.92456
351.101	0.998375	3.92472
351.266	0.998384	3.92488
351.432	0.998393	3.92504
351.598	0.998401	3.9252
351.763	0.99841	3.92536
351.929	0.998419	3.92552
352.094	0.998427	3.92568
352.26	0.998436	3.92584
352.426	0.998445	3.926
352.591	0.998453	3.92616
352.757	0.998462	3.92632
352.923	0.998471	3.92648
353.088	0.998479	3.92664
353.254	0.998488	3.9268
353.419	0.998496	3.92696
353.585	0.998505	3.92712
353.751	0.998514	3.92728
353.916	0.998522	3.92744
354.082	0.998531	3.9276
354.247	0.99854	3.92776
354.413	0.998548	3.92792
354.579	0.998557	3.92808
354.744	0.998565	3.92824
354.91	0.998574	3.9284
355.076	0.998582	3.92856
355.241	0.998591	3.92872
355.407	0.9986	3.92888
355.572	0.998608	3.92904
355.738	0.998617	3.9292
355.904	0.998625	3.92936
356.069	0.998634	3.92952
356.235	0.998642	3.92968
356.4	0.998651	3.92984
356.566	0.998659	3.93
356.732	0.998668	3.93016
356.897	0.998676	3.93032
357.063	0.998685	3.93048
357.228	0.998693	3.93064
357.394	0.998702	3.9308
357.56	0.99871	3.93096
357.725	0.998719	3.93112
357.891	0.998727	3.93128
358.057	0.998736	3.93144
358.222	0.998744	3.9316
358.388	0.998753	3.93176
358.553	0.998761	3.93192
358.719	0.99877	3.93208
358.885	0.998778	3.93224
359.05	0.998787	3.9324
359.216	0.998795	3.93256
359.381	0.998804	3.93272
359.547	0.998812	3.93288
359.713	0.99882	3.93304
359.878	0.998829	3.9332
360.044	0.998837	3.93336
360.21	0.998846	3.93352
360.375	0.998854	3.93368
360.541	0.998863	3.93384
360.706	0.998871	3.934
360.872	0.998879	3.93416
361.038	0.998888	3.93432
361.203	0.998896	3.93448
361.369	0.998904	3.93464
361.534	0.998913	3.9348
361.7	0.998921	3.93496
361.866	0.99893	3.93512
362.031	0.998938	3.93528
362.197	0.998946	3.93544
362.362	0.998955	3.9356
362.528	0.998963	3.93576
362.694	0.998971	3.93592
362.859	0.99898	3.93608
363.025	0.998988	3.93624
363.191	0.998996	3.9364
363.356	0.999005	3.93656
363.522	0.999013	3.93672
363.687	0.999021	3.93688
363.853	0.99903	3.93704
364.019	0.999038	3.9372
364.184	0.999046	3.93736
364.35	0.999054	3.93752
364.515	0.999063	3.93768
364.681	0.999071	3.93784
364.847	0.999079	3.938
365.012	0.999088	3.93816
365.178	0.999096	3.93832
365.344	0.999104	3.93848
365.509	0.999112	3.93864
365.675	0.999121	3.9388
365.84	0.999129	3.93896
366.006	0.999137	3.93912
366.172	0.999145	3.93928
366.337	0.999153	3.93944
366.503	0.999162	3.9396
366.668	0.99917	3.93976
366.834	0.999178	3.93992
367	0.999186	3.94008
367.165	0.999195	3.94024
367.331	0.999203	3.94041
367.496	0.999211	3.94057
367.662	0.999219	3.94073
367.828	0.999227	3.94089
367.993	0.999235	3.94105
368.159	0.999244	3.94121
368.325	0.999252	3.94137
368.49	0.99926	3.94153
368.656	0.999268	3.94169
368.821	0.999276	3.94185
368.987	0.999284	3.94201
369.153	0.999293	3.94217
369.318	0.999301	3.94233
369.484	0.999309	3.94249
369.649	0.999317	3.94265
369.815	0.999325	3.94281
369.981	0.999333	3.94297
370.146	0.999341	3.94313
370.312	0.999349	3.94329
370.478	0.999358	3.94345
370.643	0.999366	3.94361
370.809	0.999374	3.94377
370.974	0.999382	3.94393
371.14	0.99939	3.94409
371.306	0.999398	3.94425
371.471	0.999406	3.94441
371.637	0.999414	3.94457
371.802	0.999422	3.94473
371.968	0.99943	3.94489
372.134	0.999438	3.94505
372.299	0.999446	3.94521
372.465	0.999454	3.94537
372.63	0.999462	3.94553
372.796	0.999471	3.94569
372.962	0.999479	3.94585
373.127	0.999487	3.94602
373.293	0.999495	3.94618
373.459	0.999503	3.94634
373.624	0.999511	3.9465
373.79	0.999519	3.94666
373.955	0.999527	3.94682
374.121	0.999535	3.94698
374.287	0.999543	3.94714
374.452	0.999551	3.9473
374.618	0.999559	3.94746
374.783	0.999567	3.94762
374.949	0.999575	3.94778
375.115	0.999583	3.94794
375.28	0.999591	3.9481
375.446	0.999598	3.94826
375.612	0.999606	3.94842
375.777	0.999614	3.94858
375.943	0.999622	3.94874
376.108	0.99963	3.9489
376.274	0.999638	3.94906
376.44	0.999646	3.94922
376.605	0.999654	3.94938
376.771	0.999662	3.94954
376.936	0.99967	3.9497
377.102	0.999678	3.94986
377.268	0.999686	3.95003
377.433	0.999694	3.95019
377.599	0.999702	3.95035
377.764	0.999709	3.95051
377.93	0.999717	3.95067
378.096	0.999725	3.95083
378.261	0.999733	3.95099
378.427	0.999741	3.95115
378.593	0.999749	3.95131
378.758	0.999757	3.95147
378.924	0.999765	3.95163
379.089	0.999772	3.95179
379.255	0.99978	3.95195
379.421	0.999788	3.95211
379.586	0.999796	3.95227
379.752	0.999804	3.95243
379.917	0.999812	3.95259
380.083	0.999819	3.95275
380.249	0.999827	3.95291
380.414	0.999835	3.95308
380.58	0.999843	3.95324
380.746	0.999851	3.9534
380.911	0.999859	3.95356
381.077	0.999866	3.95372
381.242	0.999874	3.95388
381.408	0.999882	3.95404
381.574	0.99989	3.9542
381.739	0.999898	3.95436
381.905	0.999905	3.95452
382.07	0.999913	3.95468
382.236	0.999921	3.95484
382.402	0.999929	3.955
382.567	0.999936	3.95516
382.733	0.999944	3.95532
382.898	0.999952	3.95548
383.064	0.99996	3.95564
383.23	0.999967	3.95581
383.395	0.999975	3.95597
383.561	0.999983	3.95613
383.727	0.999991	3.95629
383.892	0.999998	3.95645
384.058	1.00001	3.95661
384.223	1.00001	3.95677
384.389	1.00002	3.95693
384.555	1.00003	3.95709
384.72	1.00004	3.95725
384.886	1.00004	3.95741
385.051	1.00005	3.95757
385.217	1.00006	3.95773
385.383	1.00007	3.95789
385.548	1.00008	3.95806
385.714	1.00008	3.95822
385.88	1.00009	3.95838
386.045	1.0001	3.95854
386.211	1.00011	3.9587
386.376	1.00011	3.95886
386.542	1.00012	3.95902
386.708	1.00013	3.95918
386.873	1.00014	3.95934
387.039	1.00014	3.9595
387.204	1.00015	3.95966
387.37	1.00016	3.95982
387.536	1.00017	3.95998
387.701	1.00017	3.96014
387.867	1.00018	3.96031
388.032	1.00019	3.96047
388.198	1.0002	3.96063
388.364	1.00021	3.96079
388.529	1.00021	3.96095
388.695	1.00022	3.96111
388.861	1.00023	3.96127
389.026	1.00024	3.96143
389.192	1.00024	3.96159
389.357	1.00025	3.96175
389.523	1.00026	3.96191
389.689	1.00027	3.96207
389.854	1.00027	3.96224
390.02	1.00028	3.9624
390.185	1.00029	3.96256
390.351	1.0003	3.96272
390.517	1.0003	3.96288
390.682	1.00031	3.96304
390.848	1.00032	3.9632
391.014	1.00033	3.96336
391.179	1.00033	3.96352
391.345	1.00034	3.96368
391.51	1.00035	3.96384
391.676	1.00036	3.96401
391.842	1.00036	3.96417
392.007	1.00037	3.96433
392.173	1.00038	3.96449
392.338	1.00039	3.96465
392.504	1.00039	3.96481
392.67	1.0004	3.96497
392.835	1.00041	3.96513
393.001	1.00042	3.96529
393.166	1.00042	3.96545
393.332	1.00043	3.96561
393.498	1.00044	3.96578
393.663	1.00045	3.96594
393.829	1.00045	3.9661
393.995	1.00046	3.96626
394.16	1.00047	3.96642
394.326	1.00048	3.96658
394.491	1.00048	3.96674
394.657	1.00049	3.9669
394.823	1.0005	3.96706
394.988	1.00051	3.96722
395.154	1.00051	3.96739
395.319	1.00052	3.96755
395.485	1.00053	3.96771
395.651	1.00054	3.96787
395.816	1.00054	3.96803
395.982	1.00055	3.96819
396.148	1.00056	3.96835
396.313	1.00056	3.96851
396.479	1.00057	3.96867
396.644	1.00058	3.96884
396.81	1.00059	3.969
396.976	1.00059	3.96916
397.141	1.0006	3.96932
397.307	1.00061	3.96948
397.472	1.00062	3.96964
397.638	1.00062	3.9698
397.804	1.00063	3.96996
397.969	1.00064	3.97012
398.135	1.00065	3.97029
398.3	1.00065	3.97045
398.466	1.00066	3.97061
398.632	1.00067	3.97077
398.797	1.00068	3.97093
398.963	1.00068	3.97109
399.129	1.00069	3.97125
399.294	1.0007	3.97141
399.46	1.0007	3.97157
399.625	1.00071	3.97174
399.791	1.00072	3.9719
399.957	1.00073	3.97206
400.122	1.00073	3.97222
400.288	1.00074	3.97238
400.453	1.00075	3.97254
400.619	1.00076	3.9727
400.785	1.00076	3.97286
400.95	1.00077	3.97303
401.116	1.00078	3.97319
401.282	1.00078	3.97335
401.447	1.00079	3.97351
401.613	1.0008	3.97367
401.778	1.00081	3.97383
401.944	1.00081	3.97399
402.11	1.00082	3.97415
402.275	1.00083	3.97432
402.441	1.00084	3.97448
402.606	1.00084	3.97464
402.772	1.00085	3.9748
402.938	1.00086	3.97496
403.103	1.00086	3.97512
403.269	1.00087	3.97528
403.434	1.00088	3.97545
403.6	1.00089	3.97561
403.766	1.00089	3.97577
403.931	1.0009	3.97593
404.097	1.00091	3.97609
404.263	1.00091	3.97625
404.428	1.00092	3.97641
404.594	1.00093	3.97657
404.759	1.00094	3.97674
404.925	1.00094	3.9769
405.091	1.00095	3.97706
405.256	1.00096	3.97722
405.422	1.00097	3.97738
405.587	1.00097	3.97754
405.753	1.00098	3.9777
405.919	1.00099	3.97787
406.084	1.00099	3.97803
406.25	1.001	3.97819
406.415	1.00101	3.97835
406.581	1.00102	3.97851
406.747	1.00102	3.97867
406.912	1.00103	3.97883
407.078	1.00104	3.979
407.244	1.00104	3.97916
407.409	1.00105	3.97932
407.575	1.00106	3.97948
407.74	1.00106	3.97964
407.906	1.00107	3.9798
408.072	1.00108	3.97997
408.237	1.00109	3.98013
408.403	1.00109	3.98029
408.568	1.0011	3.98045
408.734	1.00111	3.98061
408.9	1.00111	3.98077
409.065	1.00112	3.98093
409.231	1.00113	3.9811
409.397	1.00114	3.98126
409.562	1.00114	3.98142
409.728	1.00115	3.98158
409.893	1.00116	3.98174
410.059	1.00116	3.9819
410.225	1.00117	3.98207
410.39	1.00118	3.98223
410.556	1.00119	3.98239
410.721	1.00119	3.98255
410.887	1.0012	3.98271
411.053	1.00121	3.98287
411.218	1.00121	3.98304
411.384	1.00122	3.9832
411.549	1.00123	3.98336
411.715	1.00123	3.98352
411.881	1.00124	3.98368
412.046	1.00125	3.98384
412.212	1.00126	3.98401
412.378	1.00126	3.98417
412.543	1.00127	3.98433
412.709	1.00128	3.98449
412.874	1.00128	3.98465
413.04	1.00129	3.98481
413.206	1.0013	3.98498
413.371	1.0013	3.98514
413.537	1.00131	3.9853
413.702	1.00132	3.98546
413.868	1.00133	3.98562
414.034	1.00133	3.98578
414.199	1.00134	3.98595
414.365	1.00135	3.98611
414.531	1.00135	3.98627
414.696	1.00136	3.98643
414.862	1.00137	3.98659
415.027	1.00137	3.98675
415.193	1.00138	3.98692
415.359	1.00139	3.98708
415.524	1.00139	3.98724
415.69	1.0014	3.9874
415.855	1.00141	3.98756
416.021	1.00142	3.98773
416.187	1.00142	3.98789
416.352	1.00143	3.98805
416.518	1.00144	3.98821
416.683	1.00144	3.98837
416.849	1.00145	3.98854
417.015	1.00146	3.9887
417.18	1.00146	3.98886
417.346	1.00147	3.98902
417.512	1.00148	3.98918
417.677	1.00148	3.98934
417.843	1.00149	3.98951
418.008	1.0015	3.98967
418.174	1.0015	3.98983
418.34	1.00151	3.98999
418.505	1.00152	3.99015
418.671	1.00153	3.99032
418.836	1.00153	3.99048
419.002	1.00154	3.99064
419.168	1.00155	3.9908
419.333	1.00155	3.99096
419.499	1.00156	3.99113
419.665	1.00157	3.99129
419.83	1.00157	3.99145
419.996	1.00158	3.99161
420.161	1.00159	3.99177
420.327	1.00159	3.99194
420.493	1.0016	3.9921
420.658	1.00161	3.99226
420.824	1.00161	3.99242
420.989	1.00162	3.99258
421.155	1.00163	3.99275
421.321	1.00163	3.99291
421.486	1.00164	3.99307
421.652	1.00165	3.99323
421.817	1.00165	3.99339
421.983	1.00166	3.99356
422.149	1.00167	3.99372
422.314	1.00167	3.99388
422.48	1.00168	3.99404
422.646	1.00169	3.99421
422.811	1.0017	3.99437
422.977	1.0017	3.99453
423.142	1.00171	3.99469
423.308	1.00172	3.99485
423.474	1.00172	3.99502
423.639	1.00173	3.99518
423.805	1.00174	3.99534
423.97	1.00174	3.9955
424.136	1.00175	3.99566
424.302	1.00176	3.99583
424.467	1.00176	3.99599
424.633	1.00177	3.99615
424.799	1.00178	3.99631
424.964	1.00178	3.99648
425.13	1.00179	3.99664
425.295	1.0018	3.9968
425.461	1.0018	3.99696
425.627	1.00181	3.99712
425.792	1.00182	3.99729
425.958	1.00182	3.99745
426.123	1.00183	3.99761
426.289	1.00184	3.99777
426.455	1.00184	3.99794
426.62	1.00185	3.9981
426.786	1.00186	3.99826
426.951	1.00186	3.99842
427.117	1.00187	3.99859
427.283	1.00188	3.99875
427.448	1.00188	3.99891
427.614	1.00189	3.99907
427.78	1.0019	3.99923
427.945	1.0019	3.9994
428.111	1.00191	3.99956
428.276	1.00192	3.99972
428.442	1.00192	3.99988
428.608	1.00193	4.00005
428.773	1.00194	4.00021
428.939	1.00194	4.00037
429.104	1.00195	4.00053
429.27	1.00196	4.0007
429.436	1.00196	4.00086
429.601	1.00197	4.00102
429.767	1.00198	4.00118
429.933	1.00198	4.00135
430.098	1.00199	4.00151
430.264	1.002	4.00167
430.429	1.002	4.00183
430.595	1.00201	4.002
430.761	1.00201	4.00216
430.926	1.00202	4.00232
431.092	1.00203	4.00248
431.257	1.00203	4.00265
431.423	1.00204	4.00281
431.589	1.00205	4.00297
431.754	1.00205	4.00313
431.92	1.00206	4.0033
432.085	1.00207	4.00346
432.251	1.00207	4.00362
432.417	1.00208	4.00378
432.582	1.00209	4.00395
432.748	1.00209	4.00411
432.914	1.0021	4.00427
433.079	1.00211	4.00443
433.245	1.00211	4.0046
433.41	1.00212	4.00476
433.576	1.00213	4.00492
433.742	1.00213	4.00508
433.907	1.00214	4.00525
434.073	1.00215	4.00541
434.238	1.00215	4.00557
434.404	1.00216	4.00573
434.57	1.00216	4.0059
434.735	1.00217	4.00606
434.901	1.00218	4.00622
435.067	1.00218	4.00639
435.232	1.00219	4.00655
435.398	1.0022	4.00671
435.563	1.0022	4.00687
435.729	1.00221	4.00704
435.895	1.00222	4.0072
436.06	1.00222	4.00736
436.226	1.00223	4.00752
436.391	1.00224	4.00769
436.557	1.00224	4.00785
436.723	1.00225	4.00801
436.888	1.00226	4.00818
437.054	1.00226	4.00834
437.219	1.00227	4.0085
437.385	1.00227	4.00866
437.551	1.00228	4.00883
437.716	1.00229	4.00899
437.882	1.00229	4.00915
438.048	1.0023	4.00932
438.213	1.00231	4.00948
438.379	1.00231	4.00964
438.544	1.00232	4.0098
438.71	1.00233	4.00997
438.876	1.00233	4.01013
439.041	1.00234	4.01029
439.207	1.00235	4.01046
439.372	1.00235	4.01062
439.538	1.00236	4.01078
439.704	1.00236	4.01094
439.869	1.00237	4.01111
440.035	1.00238	4.01127
440.201	1.00238	4.01143
440.366	1.00239	4.0116
440.532	1.0024	4.01176
440.697	1.0024	4.01192
440.863	1.00241	4.01208
441.029	1.00242	4.01225
441.194	1.00242	4.01241
441.36	1.00243	4.01257
441.525	1.00243	4.01274
441.691	1.00244	4.0129
441.857	1.00245	4.01306
442.022	1.00245	4.01323
442.188	1.00246	4.01339
442.353	1.00247	4.01355
442.519	1.00247	4.01372
442.685	1.00248	4.01388
442.85	1.00248	4.01404
443.016	1.00249	4.0142
443.182	1.0025	4.01437
443.347	1.0025	4.01453
443.513	1.00251	4.01469
443.678	1.00252	4.01486
443.844	1.00252	4.01502
444.01	1.00253	4.01518
444.175	1.00254	4.01535
444.341	1.00254	4.01551
444.506	1.00255	4.01567
444.672	1.00255	4.01584
444.838	1.00256	4.016
445.003	1.00257	4.01616
445.169	1.00257	4.01633
445.335	1.00258	4.01649
445.5	1.00259	4.01665
445.666	1.00259	4.01681
445.831	1.0026	4.01698
445.997	1.0026	4.01714
446.163	1.00261	4.0173
446.328	1.00262	4.01747
446.494	1.00262	4.01763
446.659	1.00263	4.01779
446.825	1.00264	4.01796
446.991	1.00264	4.01812
447.156	1.00265	4.01828
447.322	1.00265	4.01845
447.487	1.00266	4.01861
447.653	1.00267	4.01877
447.819	1.00267	4.01894
447.984	1.00268	4.0191
448.15	1.00269	4.01926
448.316	1.00269	4.01943
448.481	1.0027	4.01959
448.647	1.0027	4.01975
448.812	1.00271	4.01992
448.978	1.00272	4.02008
449.144	1.00272	4.02024
449.309	1.00273	4.02041
449.475	1.00273	4.02057
449.64	1.00274	4.02073
449.806	1.00275	4.0209
449.972	1.00275	4.02106
450.137	1.00276	4.02123
450.303	1.00277	4.02139
450.469	1.00277	4.02155
450.634	1.00278	4.02172
450.8	1.00278	4.02188
450.965	1.00279	4.02204
451.131	1.0028	4.02221
451.297	1.0028	4.02237
451.462	1.00281	4.02253
451.628	1.00281	4.0227
451.793	1.00282	4.02286
451.959	1.00283	4.02302
452.125	1.00283	4.02319
452.29	1.00284	4.02335
452.456	1.00285	4.02351
452.621	1.00285	4.02368
452.787	1.00286	4.02384
452.953	1.00286	4.02401
453.118	1.00287	4.02417
453.284	1.00288	4.02433
453.45	1.00288	4.0245
453.615	1.00289	4.02466
453.781	1.00289	4.02482
453.946	1.0029	4.02499
454.112	1.00291	4.02515
454.278	1.00291	4.02531
454.443	1.00292	4.02548
454.609	1.00292	4.02564
454.774	1.00293	4.02581
454.94	1.00294	4.02597
455.106	1.00294	4.02613
455.271	1.00295	4.0263
455.437	1.00295	4.02646
455.603	1.00296	4.02662
455.768	1.00297	4.02679
455.934	1.00297	4.02695
456.099	1.00298	4.02712
456.265	1.00299	4.02728
456.431	1.00299	4.02744
456.596	1.003	4.02761
456.762	1.003	4.02777
456.927	1.00301	4.02793
457.093	1.00302	4.0281
457.259	1.00302	4.02826
457.424	1.00303	4.02843
457.59	1.00303	4.02859
457.755	1.00304	4.02875
457.921	1.00305	4.02892
458.087	1.00305	4.02908
458.252	1.00306	4.02925
458.418	1.00306	4.02941
458.584	1.00307	4.02957
458.749	1.00308	4.02974
458.915	1.00308	4.0299
459.08	1.00309	4.03007
459.246	1.00309	4.03023
459.412	1.0031	4.03039
459.577	1.00311	4.03056
459.743	1.00311	4.03072
459.908	1.00312	4.03088
460.074	1.00312	4.03105
460.24	1.00313	4.03121
460.405	1.00314	4.03138
460.571	1.00314	4.03154
460.737	1.00315	4.0317
460.902	1.00315	4.03187
461.068	1.00316	4.03203
461.233	1.00316	4.0322
461.399	1.00317	4.03236
461.565	1.00318	4.03253
461.73	1.00318	4.03269
461.896	1.00319	4.03285
462.061	1.00319	4.03302
462.227	1.0032	4.03318
462.393	1.00321	4.03335
462.558	1.00321	4.03351
462.724	1.00322	4.03367
462.889	1.00322	4.03384
463.055	1.00323	4.034
463.221	1.00324	4.03417
463.386	1.00324	4.03433
463.552	1.00325	4.03449
463.718	1.00325	4.03466
463.883	1.00326	4.03482
464.049	1.00327	4.03499
464.214	1.00327	4.03515
464.38	1.00328	4.03532
464.546	1.00328	4.03548
464.711	1.00329	4.03564
464.877	1.00329	4.03581
465.042	1.0033	4.03597
465.208	1.00331	4.03614
465.374	1.00331	4.0363
465.539	1.00332	4.03647
465.705	1.00332	4.03663
465.87	1.00333	4.03679
466.036	1.00334	4.03696
466.202	1.00334	4.03712
466.367	1.00335	4.03729
466.533	1.00335	4.03745
466.699	1.00336	4.03762
466.864	1.00337	4.03778
467.03	1.00337	4.03795
467.195	1.00338	4.03811
467.361	1.00338	4.03827
467.527	1.00339	4.03844
467.692	1.00339	4.0386
467.858	1.0034	4.03877
468.023	1.00341	4.03893
468.189	1.00341	4.0391
468.355	1.00342	4.03926
468.52	1.00342	4.03943
468.686	1.00343	4.03959
468.852	1.00343	4.03975
469.017	1.00344	4.03992
469.183	1.00345	4.04008
469.348	1.00345	4.04025
469.514	1.00346	4.04041
469.68	1.00346	4.04058
469.845	1.00347	4.04074
470.011	1.00348	4.04091
470.176	1.00348	4.04107
470.342	1.00349	4.04124
470.508	1.00349	4.0414
470.673	1.0035	4.04156
470.839	1.0035	4.04173
471.004	1.00351	4.04189
471.17	1.00352	4.04206
471.336	1.00352	4.04222
471.501	1.00353	4.04239
471.667	1.00353	4.04255
471.833	1.00354	4.04272
471.998	1.00354	4.04288
472.164	1.00355	4.04305
472.329	1.00356	4.04321
472.495	1.00356	4.04338
472.661	1.00357	4.04354
472.826	1.00357	4.04371
472.992	1.00358	4.04387
473.157	1.00358	4.04403
473.323	1.00359	4.0442
473.489	1.0036	4.04436
473.654	1.0036	4.04453
473.82	1.00361	4.04469
473.986	1.00361	4.04486
474.151	1.00362	4.04502
474.317	1.00362	4.04519
474.482	1.00363	4.04535
474.648	1.00364	4.04552
474.814	1.00364	4.04568
474.979	1.00365	4.04585
475.145	1.00365	4.04601
475.31	1.00366	4.04618
475.476	1.00366	4.04634
475.642	1.00367	4.04651
475.807	1.00368	4.04667
475.973	1.00368	4.04684
476.138	1.00369	4.047
476.304	1.00369	4.04717
476.47	1.0037	4.04733
476.635	1.0037	4.0475
476.801	1.00371	4.04766
476.967	1.00372	4.04783
477.132	1.00372	4.04799
477.298	1.00373	4.04816
477.463	1.00373	4.04832
477.629	1.00374	4.04849
477.795	1.00374	4.04865
477.96	1.00375	4.04882
478.126	1.00375	4.04898
478.291	1.00376	4.04915
478.457	1.00377	4.04931
478.623	1.00377	4.04948
478.788	1.00378	4.04964
478.954	1.00378	4.04981
479.12	1.00379	4.04997
479.285	1.00379	4.05014
479.451	1.0038	4.0503
479.616	1.00381	4.05047
479.782	1.00381	4.05063
479.948	1.00382	4.0508
480.113	1.00382	4.05096
480.279	1.00383	4.05113
480.444	1.00383	4.05129
480.61	1.00384	4.05146
480.776	1.00384	4.05162
480.941	1.00385	4.05179
481.107	1.00386	4.05195
481.272	1.00386	4.05212
481.438	1.00387	4.05229
481.604	1.00387	4.05245
481.769	1.00388	4.05262
481.935	1.00388	4.05278
482.101	1.00389	4.05295
482.266	1.00389	4.05311
482.432	1.0039	4.05328
482.597	1.00391	4.05344
482.763	1.00391	4.05361
482.929	1.00392	4.05377
483.094	1.00392	4.05394
483.26	1.00393	4.0541
483.425	1.00393	4.05427
483.591	1.00394	4.05443
483.757	1.00394	4.0546
483.922	1.00395	4.05477
484.088	1.00396	4.05493
484.254	1.00396	4.0551
484.419	1.00397	4.05526
484.585	1.00397	4.05543
484.75	1.00398	4.05559
484.916	1.00398	4.05576
485.082	1.00399	4.05592
485.247	1.00399	4.05609
485.413	1.004	4.05625
485.578	1.00401	4.05642
485.744	1.00401	4.05659
485.91	1.00402	4.05675
486.075	1.00402	4.05692
486.241	1.00403	4.05708
486.406	1.00403	4.05725
486.572	1.00404	4.05741
486.738	1.00404	4.05758
486.903	1.00405	4.05774
487.069	1.00405	4.05791
487.235	1.00406	4.05808
487.4	1.00407	4.05824
487.566	1.00407	4.05841
487.731	1.00408	4.05857
487.897	1.00408	4.05874
488.063	1.00409	4.0589
488.228	1.00409	4.05907
488.394	1.0041	4.05924
488.559	1.0041	4.0594
488.725	1.00411	4.05957
488.891	1.00411	4.05973
489.056	1.00412	4.0599
489.222	1.00413	4.06006
489.388	1.00413	4.06023
489.553	1.00414	4.0604
489.719	1.00414	4.06056
489.884	1.00415	4.06073
490.05	1.00415	4.06089
490.216	1.00416	4.06106
490.381	1.00416	4.06122
490.547	1.00417	4.06139
490.712	1.00417	4.06156
490.878	1.00418	4.06172
491.044	1.00419	4.06189
491.209	1.00419	4.06205
491.375	1.0042	4.06222
491.54	1.0042	4.06239
491.706	1.00421	4.06255
491.872	1.00421	4.06272
492.037	1.00422	4.06288
492.203	1.00422	4.06305
492.369	1.00423	4.06322
492.534	1.00423	4.06338
492.7	1.00424	4.06355
492.865	1.00424	4.06371
493.031	1.00425	4.06388
493.197	1.00426	4.06405
493.362	1.00426	4.06421
493.528	1.00427	4.06438
493.693	1.00427	4.06454
493.859	1.00428	4.06471
494.025	1.00428	4.06488
494.19	1.00429	4.06504
494.356	1.00429	4.06521
494.522	1.0043	4.06537
494.687	1.0043	4.06554
494.853	1.00431	4.06571
495.018	1.00431	4.06587
495.184	1.00432	4.06604
495.35	1.00432	4.0662
495.515	1.00433	4.06637
495.681	1.00434	4.06654
495.846	1.00434	4.0667
496.012	1.00435	4.06687
496.178	1.00435	4.06704
496.343	1.00436	4.0672
496.509	1.00436	4.06737
496.674	1.00437	4.06753
496.84	1.00437	4.0677
497.006	1.00438	4.06787
497.171	1.00438	4.06803
497.337	1.00439	4.0682
497.503	1.00439	4.06837
497.668	1.0044	4.06853
497.834	1.0044	4.0687
497.999	1.00441	4.06886
498.165	1.00442	4.06903
498.331	1.00442	4.0692
498.496	1.00443	4.06936
498.662	1.00443	4.06953
498.827	1.00444	4.0697
498.993	1.00444	4.06986
499.159	1.00445	4.07003
499.324	1.00445	4.0702
499.49	1.00446	4.07036
499.656	1.00446	4.07053
499.821	1.00447	4.0707
499.987	1.00447	4.07086
