0	1.00149	3.55791
0	1.00149	3.55791
1.48129	1.00875	3.57095
2.97738	1.00653	3.56855
4.45867	1.00477	3.56836
5.93996	1.00335	3.56991
7.42124	1.00035	3.56962
8.90253	0.997464	3.57035
10.369	0.994011	3.57068
11.8503	0.990248	3.57105
13.3316	0.986275	3.57145
14.8129	0.982107	3.5718
16.2941	0.977835	3.57217
17.7754	0.973486	3.57251
19.2567	0.969103	3.57286
20.7528	0.964675	3.5732
22.2341	0.960316	3.57353
23.7154	0.956006	3.57385
25.1967	0.951762	3.57418
26.678	0.947599	3.57449
28.1592	0.943531	3.57481
29.6405	0.939567	3.57512
31.1218	0.935714	3.57543
32.6031	0.931978	3.57574
34.0844	0.928362	3.57604
35.5657	0.92487	3.57635
37.047	0.921503	3.57665
38.5134	0.918292	3.57694
39.9947	0.915173	3.57724
41.476	0.912178	3.57754
42.9573	0.909304	3.57784
44.4386	0.906551	3.57813
45.9199	0.903915	3.57843
47.4012	0.901394	3.57872
48.8824	0.898985	3.57902
50.3637	0.896684	3.57931
51.845	0.894488	3.5796
53.3263	0.892394	3.57989
54.8076	0.890399	3.58019
56.2889	0.888499	3.58048
57.7702	0.88669	3.58077
59.2514	0.884969	3.58106
60.7327	0.883333	3.58135
62.214	0.881778	3.58164
63.6953	0.880301	3.58193
65.1766	0.878899	3.58222
66.6579	0.877569	3.58251
68.1392	0.876307	3.5828
69.6204	0.875111	3.58309
71.1017	0.873978	3.58338
72.583	0.872904	3.58367
74.0643	0.871888	3.58396
75.5456	0.870927	3.58425
77.0269	0.870018	3.58454
78.5082	0.869158	3.58483
79.9894	0.868347	3.58512
81.4707	0.86758	3.58541
82.952	0.866857	3.5857
84.4333	0.866174	3.58599
85.9146	0.865531	3.58628
87.3959	0.864926	3.58657
88.8772	0.864355	3.58686
90.3584	0.863819	3.58715
91.8397	0.863315	3.58744
93.321	0.862841	3.58773
94.8023	0.862397	3.58802
96.2836	0.86198	3.58831
97.7649	0.861589	3.5886
99.2462	0.861224	3.58889
100.727	0.860882	3.58918
102.209	0.860563	3.58947
103.69	0.860266	3.58976
105.171	0.859989	3.59005
106.653	0.859731	3.59034
108.134	0.859492	3.59063
109.615	0.859271	3.59092
111.096	0.859066	3.59121
112.578	0.858876	3.5915
114.059	0.858702	3.59179
115.54	0.858542	3.59208
117.022	0.858396	3.59237
118.503	0.858263	3.59266
119.984	0.858142	3.59295
121.465	0.858032	3.59324
122.947	0.857933	3.59353
124.428	0.857845	3.59382
125.909	0.857767	3.59412
127.391	0.857698	3.59441
128.872	0.857638	3.5947
130.353	0.857587	3.59499
131.834	0.857544	3.59528
133.316	0.857508	3.59557
134.797	0.85748	3.59586
136.278	0.857458	3.59615
137.76	0.857443	3.59644
139.241	0.857434	3.59674
140.722	0.857431	3.59703
142.203	0.857434	3.59732
143.685	0.857442	3.59761
145.166	0.857455	3.5979
146.647	0.857473	3.59819
148.129	0.857495	3.59849
149.61	0.857521	3.59878
151.091	0.857552	3.59907
152.572	0.857586	3.59936
154.054	0.857624	3.59965
155.535	0.857666	3.59995
157.016	0.857711	3.60024
158.498	0.857759	3.60053
159.979	0.85781	3.60082
161.46	0.857864	3.60111
162.941	0.85792	3.60141
164.423	0.857979	3.6017
165.904	0.85804	3.60199
167.385	0.858104	3.60228
168.867	0.85817	3.60258
170.348	0.858238	3.60287
171.829	0.858307	3.60316
173.31	0.858379	3.60345
174.792	0.858452	3.60375
176.273	0.858527	3.60404
177.754	0.858604	3.60433
179.236	0.858682	3.60463
180.717	0.858762	3.60492
182.198	0.858842	3.60521
183.679	0.858924	3.60551
185.161	0.859008	3.6058
186.642	0.859092	3.60609
188.123	0.859178	3.60639
189.605	0.859264	3.60668
191.086	0.859352	3.60697
192.567	0.85944	3.60727
194.048	0.85953	3.60756
195.53	0.85962	3.60785
197.011	0.859711	3.60815
198.492	0.859802	3.60844
199.974	0.859895	3.60874
201.455	0.859988	3.60903
202.936	0.860082	3.60932
204.417	0.860176	3.60962
205.899	0.860271	3.60991
207.38	0.860366	3.61021
208.861	0.860462	3.6105
210.343	0.860559	3.61079
211.824	0.860655	3.61109
213.305	0.860753	3.61138
214.786	0.860851	3.61168
216.268	0.860949	3.61197
217.749	0.861047	3.61227
219.23	0.861146	3.61256
220.712	0.861245	3.61286
222.193	0.861345	3.61315
223.674	0.861445	3.61345
225.155	0.861545	3.61374
226.637	0.861645	3.61404
228.118	0.861746	3.61433
229.599	0.861847	3.61463
231.081	0.861948	3.61492
232.562	0.86205	3.61522
234.043	0.862151	3.61551
235.524	0.862253	3.61581
237.006	0.862355	3.6161
238.487	0.862457	3.6164
239.968	0.86256	3.6167
241.45	0.862662	3.61699
242.931	0.862765	3.61729
244.412	0.862868	3.61758
245.893	0.862971	3.61788
247.375	0.863074	3.61817
248.856	0.863177	3.61847
250.337	0.86328	3.61877
251.819	0.863384	3.61906
253.3	0.863487	3.61936
254.781	0.863591	3.61966
256.262	0.863695	3.61995
257.744	0.863799	3.62025
259.225	0.863903	3.62054
260.706	0.864007	3.62084
262.188	0.864111	3.62114
263.669	0.864215	3.62143
265.15	0.86432	3.62173
266.631	0.864424	3.62203
268.113	0.864529	3.62232
269.594	0.864633	3.62262
271.075	0.864738	3.62292
272.557	0.864843	3.62322
274.038	0.864947	3.62351
275.519	0.865052	3.62381
277.015	0.865158	3.62411
278.497	0.865263	3.62441
279.978	0.865368	3.62471
281.459	0.865473	3.625
282.94	0.865578	3.6253
284.422	0.865683	3.6256
285.903	0.865788	3.6259
287.384	0.865893	3.62619
288.866	0.865999	3.62649
290.347	0.866104	3.62679
291.828	0.866209	3.62709
293.309	0.866315	3.62738
294.791	0.86642	3.62768
296.272	0.866525	3.62798
297.753	0.866631	3.62828
299.235	0.866736	3.62858
300.716	0.866842	3.62888
302.197	0.866948	3.62917
303.678	0.867053	3.62947
305.16	0.867159	3.62977
306.641	0.867264	3.63007
308.122	0.86737	3.63037
309.604	0.867476	3.63067
311.085	0.867582	3.63097
312.566	0.867687	3.63126
314.047	0.867793	3.63156
315.529	0.867899	3.63186
317.01	0.868005	3.63216
318.491	0.868111	3.63246
319.973	0.868217	3.63276
321.454	0.868323	3.63306
322.935	0.868428	3.63336
324.416	0.868534	3.63366
325.898	0.86864	3.63396
327.379	0.868746	3.63426
328.86	0.868853	3.63456
330.342	0.868959	3.63486
331.823	0.869065	3.63516
333.304	0.869171	3.63546
334.785	0.869277	3.63576
336.267	0.869383	3.63606
337.748	0.869489	3.63636
339.229	0.869596	3.63666
340.711	0.869702	3.63696
342.192	0.869808	3.63726
343.673	0.869914	3.63756
345.154	0.870021	3.63786
346.636	0.870127	3.63816
348.117	0.870233	3.63846
349.598	0.87034	3.63876
351.08	0.870446	3.63906
352.561	0.870552	3.63936
354.042	0.870659	3.63966
355.523	0.870765	3.63996
357.005	0.870872	3.64026
358.486	0.870978	3.64056
359.967	0.871085	3.64086
361.449	0.871191	3.64116
362.93	0.871298	3.64146
364.411	0.871404	3.64177
365.892	0.871511	3.64207
367.374	0.871617	3.64237
368.855	0.871724	3.64267
370.336	0.871831	3.64297
371.818	0.871937	3.64327
373.299	0.872044	3.64357
374.78	0.872151	3.64388
376.261	0.872257	3.64418
377.743	0.872364	3.64448
379.224	0.872471	3.64478
380.705	0.872578	3.64508
382.187	0.872685	3.64538
383.668	0.872791	3.64569
385.149	0.872898	3.64599
386.63	0.873005	3.64629
388.112	0.873112	3.64659
389.593	0.873219	3.6469
391.074	0.873326	3.6472
392.556	0.873433	3.6475
394.037	0.87354	3.6478
395.518	0.873647	3.64811
396.999	0.873754	3.64841
398.481	0.873861	3.64871
399.962	0.873968	3.64901
401.443	0.874075	3.64932
402.925	0.874182	3.64962
404.406	0.874289	3.64992
405.887	0.874396	3.65023
407.368	0.874503	3.65053
408.85	0.874611	3.65083
410.331	0.874718	3.65114
411.812	0.874825	3.65144
413.294	0.874932	3.65174
414.775	0.875039	3.65205
416.256	0.875147	3.65235
417.737	0.875254	3.65265
419.219	0.875361	3.65296
420.7	0.875469	3.65326
422.181	0.875576	3.65356
423.663	0.875683	3.65387
425.144	0.875791	3.65417
426.625	0.875898	3.65448
428.106	0.876006	3.65478
429.588	0.876113	3.65508
431.069	0.87622	3.65539
432.55	0.876328	3.65569
434.032	0.876435	3.656
435.513	0.876543	3.6563
436.994	0.876651	3.65661
438.475	0.876758	3.65691
439.957	0.876866	3.65721
441.438	0.876973	3.65752
442.919	0.877081	3.65782
444.401	0.877189	3.65813
445.882	0.877296	3.65843
447.363	0.877404	3.65874
448.844	0.877512	3.65904
450.326	0.877619	3.65935
451.807	0.877727	3.65965
453.288	0.877835	3.65996
454.77	0.877943	3.66026
456.251	0.878051	3.66057
457.732	0.878158	3.66087
459.213	0.878266	3.66118
460.695	0.878374	3.66149
462.176	0.878482	3.66179
463.657	0.87859	3.6621
465.139	0.878698	3.6624
466.62	0.878806	3.66271
468.101	0.878914	3.66301
469.582	0.879022	3.66332
471.064	0.87913	3.66363
472.545	0.879238	3.66393
474.026	0.879346	3.66424
475.508	0.879454	3.66455
476.989	0.879562	3.66485
478.47	0.87967	3.66516
479.951	0.879779	3.66546
481.433	0.879887	3.66577
482.914	0.879995	3.66608
484.395	0.880103	3.66638
485.877	0.880211	3.66669
487.358	0.88032	3.667
488.839	0.880428	3.6673
490.32	0.880536	3.66761
491.802	0.880645	3.66792
493.283	0.880753	3.66823
494.764	0.880861	3.66853
496.246	0.88097	3.66884
497.727	0.881078	3.66915
499.208	0.881187	3.66945
