0	1.00149	3.55791
0	1.00149	3.55791
1.48129	1.00875	3.57094
2.97738	1.00643	3.56836
4.45867	1.00452	3.56792
5.93996	1.00298	3.56926
7.42124	0.999852	3.56873
8.90253	0.99683	3.56922
10.369	0.993249	3.56932
11.8503	0.989352	3.56945
13.3316	0.985249	3.56961
14.8129	0.980949	3.56972
16.2941	0.976547	3.56983
17.7754	0.972069	3.56993
19.2567	0.967559	3.57003
20.7528	0.963004	3.57011
22.2341	0.95852	3.57019
23.7154	0.954087	3.57026
25.1967	0.949721	3.57033
26.678	0.94544	3.57039
28.1592	0.941254	3.57045
29.6405	0.937174	3.57051
31.1218	0.933206	3.57056
32.6031	0.929357	3.57061
34.0844	0.92563	3.57065
35.5657	0.922028	3.5707
37.047	0.918553	3.57074
38.5134	0.915236	3.57078
39.9947	0.912012	3.57081
41.476	0.908912	3.57085
42.9573	0.905936	3.57089
44.4386	0.903081	3.57092
45.9199	0.900345	3.57095
47.4012	0.897724	3.57098
48.8824	0.895216	3.57102
50.3637	0.892817	3.57105
51.845	0.890525	3.57108
53.3263	0.888335	3.57111
54.8076	0.886244	3.57113
56.2889	0.884249	3.57116
57.7702	0.882346	3.57119
59.2514	0.880531	3.57122
60.7327	0.878802	3.57124
62.214	0.877155	3.57127
63.6953	0.875586	3.5713
65.1766	0.874092	3.57132
66.6579	0.87267	3.57135
68.1392	0.871317	3.57137
69.6204	0.87003	3.5714
71.1017	0.868806	3.57142
72.583	0.867642	3.57145
74.0643	0.866536	3.57147
75.5456	0.865485	3.5715
77.0269	0.864485	3.57152
78.5082	0.863536	3.57155
79.9894	0.862635	3.57157
81.4707	0.861779	3.5716
82.952	0.860966	3.57162
84.4333	0.860194	3.57164
85.9146	0.859461	3.57167
87.3959	0.858766	3.57169
88.8772	0.858107	3.57172
90.3584	0.857481	3.57174
91.8397	0.856887	3.57176
93.321	0.856324	3.57179
94.8023	0.855789	3.57181
96.2836	0.855283	3.57183
97.7649	0.854803	3.57186
99.2462	0.854347	3.57188
100.727	0.853916	3.57191
102.209	0.853507	3.57193
103.69	0.853119	3.57195
105.171	0.852752	3.57198
106.653	0.852404	3.572
108.134	0.852075	3.57202
109.615	0.851763	3.57205
111.096	0.851467	3.57207
112.578	0.851188	3.57209
114.059	0.850923	3.57212
115.54	0.850672	3.57214
117.022	0.850435	3.57216
118.503	0.85021	3.57219
119.984	0.849998	3.57221
121.465	0.849797	3.57223
122.947	0.849607	3.57226
124.428	0.849427	3.57228
125.909	0.849257	3.5723
127.391	0.849097	3.57233
128.872	0.848945	3.57235
130.353	0.848802	3.57237
131.834	0.848666	3.5724
133.316	0.848538	3.57242
134.797	0.848418	3.57244
136.278	0.848304	3.57247
137.76	0.848196	3.57249
139.241	0.848095	3.57251
140.722	0.847999	3.57253
142.203	0.847909	3.57256
143.685	0.847824	3.57258
145.166	0.847744	3.5726
146.647	0.847669	3.57263
148.129	0.847598	3.57265
149.61	0.847531	3.57267
151.091	0.847468	3.5727
152.572	0.847409	3.57272
154.054	0.847354	3.57274
155.535	0.847302	3.57277
157.016	0.847253	3.57279
158.498	0.847207	3.57281
159.979	0.847164	3.57284
161.46	0.847124	3.57286
162.941	0.847086	3.57288
164.423	0.847051	3.57291
165.904	0.847018	3.57293
167.385	0.846988	3.57295
168.867	0.846959	3.57297
170.348	0.846933	3.573
171.829	0.846908	3.57302
173.31	0.846885	3.57304
174.792	0.846864	3.57307
176.273	0.846844	3.57309
177.754	0.846826	3.57311
179.236	0.846809	3.57314
180.717	0.846794	3.57316
182.198	0.84678	3.57318
183.679	0.846767	3.57321
185.161	0.846756	3.57323
186.642	0.846745	3.57325
188.123	0.846735	3.57327
189.605	0.846727	3.5733
191.086	0.846719	3.57332
192.567	0.846712	3.57334
194.048	0.846706	3.57337
195.53	0.846701	3.57339
197.011	0.846697	3.57341
198.492	0.846693	3.57344
199.974	0.84669	3.57346
201.455	0.846687	3.57348
202.936	0.846685	3.5735
204.417	0.846684	3.57353
205.899	0.846683	3.57355
207.38	0.846683	3.57357
208.861	0.846683	3.5736
210.343	0.846684	3.57362
211.824	0.846685	3.57364
213.305	0.846687	3.57367
214.786	0.846688	3.57369
216.268	0.846691	3.57371
217.749	0.846693	3.57374
219.23	0.846696	3.57376
220.712	0.846699	3.57378
222.193	0.846703	3.5738
223.674	0.846707	3.57383
225.155	0.846711	3.57385
226.637	0.846715	3.57387
228.118	0.846719	3.5739
229.599	0.846724	3.57392
231.081	0.846729	3.57394
232.562	0.846734	3.57397
234.043	0.846739	3.57399
235.524	0.846745	3.57401
237.006	0.84675	3.57404
238.487	0.846756	3.57406
239.968	0.846762	3.57408
241.45	0.846768	3.5741
242.931	0.846774	3.57413
244.412	0.846781	3.57415
245.893	0.846787	3.57417
247.375	0.846794	3.5742
248.856	0.8468	3.57422
250.337	0.846807	3.57424
251.819	0.846814	3.57427
253.3	0.846821	3.57429
254.781	0.846828	3.57431
256.262	0.846835	3.57433
257.744	0.846842	3.57436
259.225	0.846849	3.57438
260.706	0.846856	3.5744
262.188	0.846864	3.57443
263.669	0.846871	3.57445
265.15	0.846879	3.57447
266.631	0.846886	3.5745
268.113	0.846894	3.57452
269.594	0.846901	3.57454
271.075	0.846909	3.57457
272.557	0.846916	3.57459
274.038	0.846924	3.57461
275.519	0.846932	3.57463
277.015	0.84694	3.57466
278.497	0.846948	3.57468
279.978	0.846955	3.5747
281.459	0.846963	3.57473
282.94	0.846971	3.57475
284.422	0.846979	3.57477
285.903	0.846987	3.5748
287.384	0.846995	3.57482
288.866	0.847003	3.57484
290.347	0.847011	3.57487
291.828	0.847019	3.57489
293.309	0.847027	3.57491
294.791	0.847035	3.57493
296.272	0.847043	3.57496
297.753	0.847051	3.57498
299.235	0.847059	3.575
300.716	0.847067	3.57503
302.197	0.847075	3.57505
303.678	0.847083	3.57507
305.16	0.847092	3.5751
306.641	0.8471	3.57512
308.122	0.847108	3.57514
309.604	0.847116	3.57516
311.085	0.847124	3.57519
312.566	0.847132	3.57521
314.047	0.84714	3.57523
315.529	0.847149	3.57526
317.01	0.847157	3.57528
318.491	0.847165	3.5753
319.973	0.847173	3.57533
321.454	0.847181	3.57535
322.935	0.84719	3.57537
324.416	0.847198	3.5754
325.898	0.847206	3.57542
327.379	0.847214	3.57544
328.86	0.847222	3.57546
330.342	0.84723	3.57549
331.823	0.847239	3.57551
333.304	0.847247	3.57553
334.785	0.847255	3.57556
336.267	0.847263	3.57558
337.748	0.847272	3.5756
339.229	0.84728	3.57563
340.711	0.847288	3.57565
342.192	0.847296	3.57567
343.673	0.847304	3.57569
345.154	0.847313	3.57572
346.636	0.847321	3.57574
348.117	0.847329	3.57576
349.598	0.847337	3.57579
351.08	0.847345	3.57581
352.561	0.847354	3.57583
354.042	0.847362	3.57586
355.523	0.84737	3.57588
357.005	0.847378	3.5759
358.486	0.847387	3.57593
359.967	0.847395	3.57595
361.449	0.847403	3.57597
362.93	0.847411	3.57599
364.411	0.847419	3.57602
365.892	0.847428	3.57604
367.374	0.847436	3.57606
368.855	0.847444	3.57609
370.336	0.847452	3.57611
371.818	0.84746	3.57613
373.299	0.847469	3.57616
374.78	0.847477	3.57618
376.261	0.847485	3.5762
377.743	0.847493	3.57623
379.224	0.847502	3.57625
380.705	0.84751	3.57627
382.187	0.847518	3.57629
383.668	0.847526	3.57632
385.149	0.847534	3.57634
386.63	0.847543	3.57636
388.112	0.847551	3.57639
389.593	0.847559	3.57641
391.074	0.847567	3.57643
392.556	0.847575	3.57646
394.037	0.847584	3.57648
395.518	0.847592	3.5765
396.999	0.8476	3.57653
398.481	0.847608	3.57655
399.962	0.847616	3.57657
401.443	0.847625	3.57659
402.925	0.847633	3.57662
404.406	0.847641	3.57664
405.887	0.847649	3.57666
407.368	0.847657	3.57669
408.85	0.847666	3.57671
410.331	0.847674	3.57673
411.812	0.847682	3.57676
413.294	0.84769	3.57678
414.775	0.847698	3.5768
416.256	0.847707	3.57683
417.737	0.847715	3.57685
419.219	0.847723	3.57687
420.7	0.847731	3.57689
422.181	0.847739	3.57692
423.663	0.847748	3.57694
425.144	0.847756	3.57696
426.625	0.847764	3.57699
428.106	0.847772	3.57701
429.588	0.84778	3.57703
431.069	0.847789	3.57706
432.55	0.847797	3.57708
434.032	0.847805	3.5771
435.513	0.847813	3.57713
436.994	0.847821	3.57715
438.475	0.84783	3.57717
439.957	0.847838	3.57719
441.438	0.847846	3.57722
442.919	0.847854	3.57724
444.401	0.847862	3.57726
445.882	0.847871	3.57729
447.363	0.847879	3.57731
448.844	0.847887	3.57733
450.326	0.847895	3.57736
451.807	0.847903	3.57738
453.288	0.847912	3.5774
454.77	0.84792	3.57743
456.251	0.847928	3.57745
457.732	0.847936	3.57747
459.213	0.847944	3.57749
460.695	0.847953	3.57752
462.176	0.847961	3.57754
463.657	0.847969	3.57756
465.139	0.847977	3.57759
466.62	0.847985	3.57761
468.101	0.847994	3.57763
469.582	0.848002	3.57766
471.064	0.84801	3.57768
472.545	0.848018	3.5777
474.026	0.848026	3.57773
475.508	0.848034	3.57775
476.989	0.848043	3.57777
478.47	0.848051	3.57779
479.951	0.848059	3.57782
481.433	0.848067	3.57784
482.914	0.848075	3.57786
484.395	0.848084	3.57789
485.877	0.848092	3.57791
487.358	0.8481	3.57793
488.839	0.848108	3.57796
490.32	0.848116	3.57798
491.802	0.848125	3.578
493.283	0.848133	3.57803
494.764	0.848141	3.57805
496.246	0.848149	3.57807
497.727	0.848157	3.5781
499.208	0.848166	3.57812
