0	1.00149	3.55791
0	1.00149	3.55791
0.148129	1.00166	3.5582
0.296257	1.00213	3.55901
0.444386	1.00282	3.56021
0.592514	1.00366	3.56168
0.593996	1.00367	3.5617
0.742124	1.00458	3.56332
0.890253	1.00548	3.56494
1.03838	1.00631	3.56645
1.18651	1.007	3.56773
1.33316	1.00754	3.56874
1.48129	1.00791	3.56946
1.62941	1.0081	3.56989
1.77754	1.00812	3.57002
1.92567	1.008	3.56991
2.0738	1.00775	3.5696
2.22193	1.00743	3.56917
2.37006	1.00707	3.56868
2.51819	1.00669	3.5682
2.66631	1.00634	3.56776
2.81444	1.00602	3.56742
2.96257	1.00576	3.56718
3.1107	1.00556	3.56708
3.25883	1.00543	3.5671
3.40696	1.00536	3.56724
3.55509	1.00535	3.56749
3.70322	1.00538	3.56783
3.85134	1.00544	3.56823
3.99947	1.00551	3.56868
4.1476	1.0056	3.56916
4.29573	1.00568	3.56964
4.44386	1.00574	3.57011
4.59199	1.00577	3.57053
4.74012	1.00576	3.5709
4.88824	1.00572	3.57121
5.03637	1.00563	3.57146
5.1845	1.00551	3.57165
5.33263	1.00536	3.5718
5.48076	1.00519	3.57192
5.62889	1.005	3.57203
5.77702	1.00481	3.57213
5.92514	1.00461	3.57224
6.07327	1.00441	3.57236
6.2214	1.00422	3.5725
6.36953	1.00404	3.57267
6.51766	1.00386	3.57285
6.66579	1.00369	3.57306
6.81392	1.00353	3.57329
6.96204	1.00337	3.57354
7.11017	1.00322	3.5738
7.2583	1.00307	3.57408
7.40643	1.00292	3.57438
7.55456	1.00278	3.57468
7.70269	1.00262	3.57498
7.85082	1.00246	3.57528
7.99894	1.0023	3.57557
8.14707	1.00212	3.57585
8.2952	1.00193	3.57612
8.44333	1.00174	3.57637
8.59294	1.00153	3.57663
8.74107	1.00132	3.57687
8.8892	1.0011	3.57711
9.03733	1.00087	3.57735
9.18545	1.00065	3.5776
9.33358	1.00042	3.57784
9.48171	1.00019	3.57809
9.62984	0.999965	3.57835
9.77797	0.999736	3.57861
9.9261	0.999506	3.57887
10.0742	0.999276	3.57914
10.2224	0.999046	3.57941
10.3705	0.998816	3.57969
10.5186	0.998587	3.57997
10.6667	0.998357	3.58026
10.8149	0.998126	3.58055
10.963	0.997895	3.58084
11.1111	0.997661	3.58113
11.2593	0.997426	3.58143
11.4074	0.997189	3.58172
11.5555	0.996949	3.58201
11.7036	0.996707	3.5823
11.8518	0.996463	3.58259
11.9999	0.996218	3.58288
12.148	0.995971	3.58317
12.2962	0.995723	3.58346
12.4443	0.995475	3.58375
12.5924	0.995226	3.58404
12.7405	0.994977	3.58433
12.8887	0.994727	3.58463
13.0368	0.994478	3.58492
13.1849	0.994229	3.58522
13.3331	0.993981	3.58552
13.4812	0.993732	3.58582
13.6293	0.993485	3.58612
13.7774	0.993238	3.58643
13.9256	0.992992	3.58673
14.0737	0.992747	3.58704
14.2218	0.992502	3.58735
14.37	0.992258	3.58766
14.5181	0.992014	3.58797
14.6662	0.991771	3.58828
14.8143	0.991528	3.58859
14.9625	0.991286	3.5889
15.1106	0.991045	3.58921
15.2587	0.990805	3.58952
15.4069	0.990565	3.58984
15.555	0.990327	3.59015
15.7031	0.990089	3.59046
15.8512	0.989853	3.59078
15.9994	0.989618	3.59109
16.1475	0.989385	3.59141
16.2956	0.989153	3.59172
16.4438	0.988922	3.59204
16.5919	0.988693	3.59236
16.74	0.988465	3.59268
16.8881	0.988239	3.59299
17.0363	0.988015	3.59331
17.1844	0.987793	3.59363
17.3325	0.987572	3.59396
17.4807	0.987353	3.59428
17.6288	0.987136	3.5946
17.7769	0.986921	3.59492
17.925	0.986708	3.59524
18.0732	0.986497	3.59557
18.2213	0.986287	3.59589
18.3694	0.98608	3.59621
18.5176	0.985874	3.59654
18.6657	0.985671	3.59686
18.8138	0.98547	3.59719
18.9619	0.98527	3.59751
19.1101	0.985073	3.59783
19.2582	0.984878	3.59816
19.4063	0.984685	3.59849
19.5545	0.984495	3.59881
19.7026	0.984306	3.59914
19.8507	0.98412	3.59946
19.9988	0.983936	3.59979
20.147	0.983754	3.60012
20.2951	0.983575	3.60044
20.4432	0.983398	3.60077
20.5914	0.983223	3.6011
20.7395	0.983051	3.60143
20.8876	0.982881	3.60175
21.0357	0.982713	3.60208
21.1839	0.982548	3.60241
21.332	0.982385	3.60274
21.4801	0.982225	3.60307
21.6283	0.982066	3.60339
21.7764	0.981911	3.60372
21.9245	0.981757	3.60405
22.0726	0.981606	3.60438
22.2208	0.981457	3.60471
22.3689	0.981311	3.60504
22.5155	0.981168	3.60536
22.6637	0.981027	3.60569
22.8118	0.980887	3.60602
22.9599	0.98075	3.60635
23.1081	0.980616	3.60668
23.2562	0.980484	3.60701
23.4043	0.980354	3.60733
23.5524	0.980226	3.60766
23.7006	0.980101	3.60799
23.8487	0.979978	3.60832
23.9968	0.979858	3.60865
24.145	0.97974	3.60898
24.2931	0.979624	3.60931
24.4412	0.97951	3.60964
24.5893	0.979399	3.60996
24.7375	0.97929	3.61029
24.8856	0.979183	3.61062
25.0337	0.979078	3.61095
25.1819	0.978975	3.61128
25.33	0.978875	3.61161
25.4781	0.978777	3.61193
25.6262	0.978681	3.61226
25.7744	0.978587	3.61259
25.9225	0.978496	3.61292
26.0706	0.978406	3.61325
26.2188	0.978319	3.61357
26.3669	0.978234	3.6139
26.515	0.97815	3.61423
26.6631	0.978069	3.61456
26.8113	0.97799	3.61488
26.9594	0.977913	3.61521
27.1075	0.977837	3.61554
27.2557	0.977764	3.61587
27.4038	0.977693	3.61619
27.5519	0.977624	3.61652
27.7	0.977556	3.61685
27.8482	0.977491	3.61717
27.9963	0.977427	3.6175
28.1444	0.977365	3.61782
28.2926	0.977305	3.61815
28.4407	0.977247	3.61848
28.5888	0.977191	3.6188
28.7369	0.977136	3.61913
28.8851	0.977083	3.61945
29.0332	0.977032	3.61978
29.1813	0.976982	3.6201
29.3295	0.976935	3.62043
29.4776	0.976888	3.62075
29.6257	0.976844	3.62108
29.7738	0.976801	3.6214
29.922	0.97676	3.62173
30.0701	0.97672	3.62205
30.2182	0.976682	3.62238
30.3664	0.976645	3.6227
30.5145	0.97661	3.62302
30.6626	0.976577	3.62335
30.8107	0.976545	3.62367
30.9589	0.976514	3.62399
31.107	0.976485	3.62432
31.2551	0.976457	3.62464
31.4033	0.976431	3.62496
31.5514	0.976406	3.62529
31.6995	0.976382	3.62561
31.8476	0.976359	3.62593
31.9958	0.976338	3.62625
32.1439	0.976319	3.62657
32.292	0.9763	3.6269
32.4402	0.976283	3.62722
32.5883	0.976267	3.62754
32.7364	0.976252	3.62786
32.8845	0.976238	3.62818
33.0327	0.976226	3.6285
33.1808	0.976215	3.62882
33.3289	0.976205	3.62914
33.4771	0.976196	3.62946
33.6252	0.976188	3.62978
33.7733	0.976181	3.6301
33.9215	0.976175	3.63042
34.0696	0.97617	3.63074
34.2177	0.976167	3.63106
34.3658	0.976164	3.63138
34.514	0.976162	3.6317
34.6621	0.976161	3.63202
34.8102	0.976162	3.63234
34.9584	0.976163	3.63266
35.1065	0.976165	3.63298
35.2546	0.976168	3.6333
35.4027	0.976172	3.63362
35.5523	0.976177	3.63394
35.7005	0.976182	3.63425
35.8486	0.976189	3.63457
35.9967	0.976196	3.63489
36.1449	0.976204	3.63521
36.293	0.976213	3.63553
36.4411	0.976223	3.63584
36.5892	0.976233	3.63616
36.7374	0.976244	3.63648
36.8855	0.976256	3.63679
37.0336	0.976269	3.63711
37.1818	0.976282	3.63743
37.3299	0.976296	3.63774
37.478	0.976311	3.63806
37.6261	0.976327	3.63837
37.7743	0.976343	3.63869
37.9224	0.97636	3.63901
38.0705	0.976377	3.63932
38.2187	0.976395	3.63964
38.3668	0.976413	3.63995
38.5149	0.976433	3.64027
38.663	0.976452	3.64058
38.8112	0.976473	3.6409
38.9593	0.976494	3.64121
39.1074	0.976515	3.64152
39.2556	0.976537	3.64184
39.4037	0.97656	3.64215
39.5518	0.976583	3.64247
39.6999	0.976606	3.64278
39.8481	0.97663	3.64309
39.9962	0.976655	3.64341
40.1443	0.97668	3.64372
40.2925	0.976705	3.64403
40.4406	0.976731	3.64435
40.5887	0.976757	3.64466
40.7368	0.976784	3.64497
40.885	0.976811	3.64528
41.0331	0.976839	3.6456
41.1812	0.976867	3.64591
41.3294	0.976895	3.64622
41.4775	0.976924	3.64653
41.6256	0.976953	3.64685
41.7737	0.976982	3.64716
41.9219	0.977012	3.64747
42.07	0.977042	3.64778
42.2181	0.977073	3.64809
42.3663	0.977104	3.6484
42.5144	0.977135	3.64871
42.6625	0.977166	3.64902
42.8106	0.977198	3.64933
42.9588	0.97723	3.64964
43.1069	0.977263	3.64996
43.255	0.977295	3.65027
43.4032	0.977328	3.65058
43.5513	0.977361	3.65089
43.6994	0.977395	3.6512
43.8475	0.977429	3.65151
43.9957	0.977463	3.65181
44.1438	0.977497	3.65212
44.2919	0.977531	3.65243
44.4401	0.977566	3.65274
44.5882	0.977601	3.65305
44.7363	0.977636	3.65336
44.8844	0.977671	3.65367
45.0326	0.977707	3.65398
45.1807	0.977743	3.65429
45.3288	0.977779	3.6546
45.477	0.977815	3.6549
45.6251	0.977851	3.65521
45.7732	0.977888	3.65552
45.9213	0.977924	3.65583
46.0695	0.977961	3.65613
46.2176	0.977998	3.65644
46.3657	0.978035	3.65675
46.5139	0.978073	3.65706
46.662	0.97811	3.65736
46.8101	0.978148	3.65767
46.9582	0.978186	3.65798
47.1064	0.978223	3.65829
47.2545	0.978261	3.65859
47.4026	0.9783	3.6589
47.5508	0.978338	3.65921
47.6989	0.978376	3.65951
47.847	0.978415	3.65982
47.9951	0.978453	3.66012
48.1433	0.978492	3.66043
48.2914	0.978531	3.66074
48.4395	0.97857	3.66104
48.5877	0.978609	3.66135
48.7358	0.978648	3.66165
48.8839	0.978687	3.66196
49.032	0.978726	3.66226
49.1802	0.978765	3.66257
49.3283	0.978805	3.66287
49.4764	0.978844	3.66318
49.6246	0.978884	3.66348
49.7727	0.978923	3.66379
49.9208	0.978963	3.66409
50.0689	0.979003	3.6644
50.2171	0.979043	3.6647
50.3652	0.979082	3.66501
50.5133	0.979122	3.66531
50.6615	0.979162	3.66561
50.8096	0.979202	3.66592
50.9577	0.979242	3.66622
51.1058	0.979282	3.66653
51.254	0.979322	3.66683
51.4021	0.979363	3.66713
51.5502	0.979403	3.66744
51.6984	0.979443	3.66774
51.8465	0.979483	3.66804
51.9946	0.979523	3.66834
52.1427	0.979564	3.66865
52.2909	0.979604	3.66895
52.439	0.979644	3.66925
52.5871	0.979685	3.66956
52.7353	0.979725	3.66986
52.8834	0.979765	3.67016
53.0315	0.979806	3.67046
53.1796	0.979846	3.67076
53.3278	0.979886	3.67107
53.4759	0.979927	3.67137
53.624	0.979967	3.67167
53.7722	0.980007	3.67197
53.9203	0.980048	3.67227
54.0684	0.980088	3.67258
54.2165	0.980129	3.67288
54.3647	0.980169	3.67318
54.5128	0.980209	3.67348
54.6609	0.98025	3.67378
54.8091	0.98029	3.67408
54.9572	0.98033	3.67438
55.1053	0.980371	3.67468
55.2535	0.980411	3.67498
55.4016	0.980451	3.67528
55.5497	0.980492	3.67558
55.6978	0.980532	3.67588
55.846	0.980572	3.67619
55.9941	0.980612	3.67649
56.1422	0.980652	3.67679
56.2904	0.980693	3.67709
56.4385	0.980733	3.67739
56.5866	0.980773	3.67768
56.7347	0.980813	3.67798
56.8829	0.980853	3.67828
57.031	0.980893	3.67858
57.1791	0.980933	3.67888
57.3273	0.980973	3.67918
57.4754	0.981013	3.67948
57.6235	0.981053	3.67978
57.7716	0.981093	3.68008
57.9198	0.981133	3.68038
58.0679	0.981172	3.68068
58.216	0.981212	3.68098
58.3642	0.981252	3.68127
58.5123	0.981292	3.68157
58.6604	0.981331	3.68187
58.8085	0.981371	3.68217
58.9567	0.98141	3.68247
59.1048	0.98145	3.68277
59.2529	0.981489	3.68306
59.4011	0.981529	3.68336
59.5492	0.981568	3.68366
59.6973	0.981608	3.68396
59.8454	0.981647	3.68426
59.9936	0.981686	3.68455
60.1417	0.981726	3.68485
60.2898	0.981765	3.68515
60.438	0.981804	3.68545
60.5861	0.981843	3.68574
60.7342	0.981882	3.68604
60.8823	0.981921	3.68634
61.0305	0.98196	3.68663
61.1786	0.981999	3.68693
61.3267	0.982038	3.68723
61.4749	0.982076	3.68752
61.623	0.982115	3.68782
61.7711	0.982154	3.68812
61.9192	0.982192	3.68841
62.0674	0.982231	3.68871
62.2155	0.98227	3.68901
62.3636	0.982308	3.6893
62.5118	0.982346	3.6896
62.6599	0.982385	3.68989
62.808	0.982423	3.69019
62.9561	0.982461	3.69049
63.1043	0.9825	3.69078
63.2524	0.982538	3.69108
63.4005	0.982576	3.69137
63.5487	0.982614	3.69167
63.6968	0.982652	3.69196
63.8449	0.98269	3.69226
63.993	0.982728	3.69255
64.1412	0.982765	3.69285
64.2893	0.982803	3.69314
64.4374	0.982841	3.69344
64.5856	0.982878	3.69373
64.7337	0.982916	3.69403
64.8818	0.982954	3.69432
65.0299	0.982991	3.69462
65.1781	0.983028	3.69491
65.3262	0.983066	3.69521
65.4743	0.983103	3.6955
65.6225	0.98314	3.6958
65.7706	0.983178	3.69609
65.9187	0.983215	3.69638
66.0668	0.983252	3.69668
66.215	0.983289	3.69697
66.3631	0.983326	3.69727
66.5112	0.983363	3.69756
66.6594	0.983399	3.69785
66.8075	0.983436	3.69815
66.9556	0.983473	3.69844
67.1037	0.983509	3.69873
67.2519	0.983546	3.69903
67.4	0.983583	3.69932
67.5481	0.983619	3.69962
67.6963	0.983655	3.69991
67.8444	0.983692	3.7002
67.9925	0.983728	3.70049
68.1406	0.983764	3.70079
68.2888	0.9838	3.70108
68.4369	0.983836	3.70137
68.585	0.983872	3.70167
68.7332	0.983908	3.70196
68.8813	0.983944	3.70225
69.0294	0.98398	3.70254
69.1775	0.984016	3.70284
69.3257	0.984052	3.70313
69.4738	0.984087	3.70342
69.6219	0.984123	3.70371
69.7701	0.984159	3.70401
69.9182	0.984194	3.7043
70.0663	0.984229	3.70459
70.2144	0.984265	3.70488
70.3626	0.9843	3.70517
70.5107	0.984335	3.70546
70.6588	0.984371	3.70576
70.807	0.984406	3.70605
70.9551	0.984441	3.70634
71.1032	0.984476	3.70663
71.2513	0.984511	3.70692
71.3995	0.984546	3.70721
71.5476	0.98458	3.7075
71.6957	0.984615	3.7078
71.8439	0.98465	3.70809
71.992	0.984684	3.70838
72.1401	0.984719	3.70867
72.2882	0.984754	3.70896
72.4364	0.984788	3.70925
72.5845	0.984822	3.70954
72.7326	0.984857	3.70983
72.8808	0.984891	3.71012
73.0289	0.984925	3.71041
73.177	0.984959	3.7107
73.3251	0.984993	3.71099
73.4733	0.985028	3.71128
73.6214	0.985061	3.71158
73.7695	0.985095	3.71187
73.9177	0.985129	3.71216
74.0658	0.985163	3.71245
74.2139	0.985197	3.71274
74.362	0.98523	3.71303
74.5102	0.985264	3.71332
74.6583	0.985298	3.71361
74.8064	0.985331	3.71389
74.9546	0.985365	3.71418
75.1027	0.985398	3.71447
75.2508	0.985431	3.71476
75.3989	0.985465	3.71505
75.5471	0.985498	3.71534
75.6952	0.985531	3.71563
75.8433	0.985564	3.71592
75.9915	0.985597	3.71621
76.1396	0.98563	3.7165
76.2877	0.985663	3.71679
76.4358	0.985696	3.71708
76.584	0.985728	3.71737
76.7321	0.985761	3.71766
76.8802	0.985794	3.71794
77.0284	0.985827	3.71823
77.1765	0.985859	3.71852
77.3246	0.985892	3.71881
77.4727	0.985924	3.7191
77.6209	0.985956	3.71939
77.769	0.985989	3.71968
77.9171	0.986021	3.71996
78.0653	0.986053	3.72025
78.2134	0.986085	3.72054
78.3615	0.986117	3.72083
78.5096	0.98615	3.72112
78.6578	0.986182	3.7214
78.8059	0.986213	3.72169
78.954	0.986245	3.72198
79.1022	0.986277	3.72227
79.2503	0.986309	3.72256
79.3984	0.986341	3.72284
79.5465	0.986372	3.72313
79.6947	0.986404	3.72342
79.8428	0.986435	3.72371
79.9909	0.986467	3.72399
80.1391	0.986498	3.72428
80.2872	0.98653	3.72457
80.4353	0.986561	3.72486
80.5834	0.986592	3.72514
80.7316	0.986623	3.72543
80.8797	0.986655	3.72572
81.0278	0.986686	3.726
81.176	0.986717	3.72629
81.3241	0.986748	3.72658
81.4722	0.986779	3.72687
81.6203	0.98681	3.72715
81.7685	0.98684	3.72744
81.9166	0.986871	3.72773
82.0647	0.986902	3.72801
82.2129	0.986933	3.7283
82.361	0.986963	3.72859
82.5091	0.986994	3.72887
82.6572	0.987024	3.72916
82.8054	0.987055	3.72944
82.9535	0.987085	3.72973
83.1016	0.987115	3.73002
83.2498	0.987146	3.7303
83.3979	0.987176	3.73059
83.546	0.987206	3.73088
83.6941	0.987236	3.73116
83.8423	0.987266	3.73145
83.9904	0.987296	3.73173
84.1385	0.987326	3.73202
84.2867	0.987356	3.73231
84.4348	0.987386	3.73259
84.5829	0.987416	3.73288
84.731	0.987446	3.73316
84.8792	0.987475	3.73345
85.0273	0.987505	3.73373
85.1754	0.987535	3.73402
85.3236	0.987564	3.7343
85.4717	0.987594	3.73459
85.6198	0.987623	3.73487
85.7679	0.987652	3.73516
85.9161	0.987682	3.73545
86.0642	0.987711	3.73573
86.2123	0.98774	3.73602
86.3605	0.98777	3.7363
86.5086	0.987799	3.73659
86.6567	0.987828	3.73687
86.8048	0.987857	3.73716
86.953	0.987886	3.73744
87.1011	0.987915	3.73772
87.2492	0.987944	3.73801
87.3974	0.987973	3.73829
87.5455	0.988001	3.73858
87.6936	0.98803	3.73886
87.8417	0.988059	3.73915
87.9899	0.988087	3.73943
88.138	0.988116	3.73972
88.2861	0.988145	3.74
88.4343	0.988173	3.74029
88.5824	0.988202	3.74057
88.7305	0.98823	3.74085
88.8786	0.988258	3.74114
89.0268	0.988287	3.74142
89.1749	0.988315	3.74171
89.323	0.988343	3.74199
89.4712	0.988371	3.74227
89.6193	0.988399	3.74256
89.7674	0.988427	3.74284
89.9155	0.988455	3.74313
90.0637	0.988483	3.74341
90.2118	0.988511	3.74369
90.3599	0.988539	3.74398
90.5081	0.988567	3.74426
90.6562	0.988595	3.74454
90.8043	0.988623	3.74483
90.9524	0.98865	3.74511
91.1006	0.988678	3.74539
91.2487	0.988705	3.74568
91.3968	0.988733	3.74596
91.545	0.988761	3.74624
91.6931	0.988788	3.74653
91.8412	0.988815	3.74681
91.9893	0.988843	3.74709
92.1375	0.98887	3.74738
92.2856	0.988897	3.74766
92.4337	0.988925	3.74794
92.5819	0.988952	3.74823
92.73	0.988979	3.74851
92.8781	0.989006	3.74879
93.0262	0.989033	3.74907
93.1744	0.98906	3.74936
93.3225	0.989087	3.74964
93.4706	0.989114	3.74992
93.6188	0.989141	3.7502
93.7669	0.989168	3.75049
93.915	0.989194	3.75077
94.0631	0.989221	3.75105
94.2113	0.989248	3.75133
94.3594	0.989274	3.75162
94.5075	0.989301	3.7519
94.6557	0.989328	3.75218
94.8038	0.989354	3.75246
94.9519	0.98938	3.75275
95.1	0.989407	3.75303
95.2482	0.989433	3.75331
95.3963	0.98946	3.75359
95.5444	0.989486	3.75387
95.6926	0.989512	3.75416
95.8407	0.989538	3.75444
95.9888	0.989565	3.75472
96.1369	0.989591	3.755
96.2851	0.989617	3.75528
96.4332	0.989643	3.75557
96.5813	0.989669	3.75585
96.7295	0.989695	3.75613
96.8776	0.989721	3.75641
97.0257	0.989746	3.75669
97.1738	0.989772	3.75697
97.322	0.989798	3.75725
97.4701	0.989824	3.75754
97.6182	0.989849	3.75782
97.7664	0.989875	3.7581
97.9145	0.989901	3.75838
98.0626	0.989926	3.75866
98.2107	0.989952	3.75894
98.3589	0.989977	3.75922
98.507	0.990003	3.7595
98.6551	0.990028	3.75979
98.8033	0.990053	3.76007
98.9514	0.990079	3.76035
99.0995	0.990104	3.76063
99.2476	0.990129	3.76091
99.3958	0.990154	3.76119
99.5439	0.99018	3.76147
99.692	0.990205	3.76175
99.8402	0.99023	3.76203
99.9883	0.990255	3.76231
100.136	0.99028	3.76259
100.285	0.990305	3.76288
100.433	0.99033	3.76316
100.581	0.990355	3.76344
100.729	0.990379	3.76372
100.877	0.990404	3.764
101.025	0.990429	3.76428
101.173	0.990454	3.76456
101.321	0.990478	3.76484
101.47	0.990503	3.76512
101.618	0.990527	3.7654
101.766	0.990552	3.76568
101.914	0.990577	3.76596
102.062	0.990601	3.76624
102.21	0.990625	3.76652
102.358	0.99065	3.7668
102.506	0.990674	3.76708
102.655	0.990699	3.76736
102.803	0.990723	3.76764
102.951	0.990747	3.76792
103.099	0.990771	3.7682
103.247	0.990795	3.76848
103.395	0.99082	3.76876
103.543	0.990844	3.76904
103.692	0.990868	3.76932
103.84	0.990892	3.7696
103.988	0.990916	3.76988
104.136	0.99094	3.77016
104.284	0.990963	3.77044
104.432	0.990987	3.77072
104.58	0.991011	3.771
104.728	0.991035	3.77128
104.877	0.991059	3.77156
105.025	0.991082	3.77184
105.173	0.991106	3.77212
105.321	0.99113	3.7724
105.469	0.991153	3.77267
105.617	0.991177	3.77295
105.765	0.9912	3.77323
105.913	0.991224	3.77351
106.062	0.991247	3.77379
106.21	0.991271	3.77407
106.358	0.991294	3.77435
106.506	0.991317	3.77463
106.654	0.991341	3.77491
106.802	0.991364	3.77519
106.95	0.991387	3.77547
107.098	0.99141	3.77574
107.247	0.991434	3.77602
107.395	0.991457	3.7763
107.543	0.99148	3.77658
107.691	0.991503	3.77686
107.839	0.991526	3.77714
107.987	0.991549	3.77742
108.135	0.991572	3.7777
108.283	0.991595	3.77798
108.432	0.991618	3.77825
108.58	0.99164	3.77853
108.728	0.991663	3.77881
108.876	0.991686	3.77909
109.024	0.991709	3.77937
109.172	0.991731	3.77965
109.32	0.991754	3.77993
109.469	0.991777	3.7802
109.617	0.991799	3.78048
109.765	0.991822	3.78076
109.913	0.991844	3.78104
110.061	0.991867	3.78132
110.209	0.991889	3.7816
110.357	0.991912	3.78187
110.505	0.991934	3.78215
110.654	0.991957	3.78243
110.802	0.991979	3.78271
110.95	0.992001	3.78299
111.098	0.992023	3.78326
111.246	0.992046	3.78354
111.394	0.992068	3.78382
111.542	0.99209	3.7841
111.69	0.992112	3.78438
111.839	0.992134	3.78465
111.987	0.992156	3.78493
112.135	0.992178	3.78521
112.283	0.9922	3.78549
112.431	0.992222	3.78577
112.579	0.992244	3.78604
112.727	0.992266	3.78632
112.875	0.992288	3.7866
113.024	0.99231	3.78688
113.172	0.992331	3.78715
113.32	0.992353	3.78743
113.468	0.992375	3.78771
113.616	0.992397	3.78799
113.764	0.992418	3.78826
113.912	0.99244	3.78854
114.061	0.992461	3.78882
114.209	0.992483	3.7891
114.357	0.992504	3.78937
114.505	0.992526	3.78965
114.653	0.992547	3.78993
114.801	0.992569	3.79021
114.949	0.99259	3.79048
115.097	0.992612	3.79076
115.246	0.992633	3.79104
115.394	0.992654	3.79132
115.542	0.992675	3.79159
115.69	0.992697	3.79187
115.838	0.992718	3.79215
115.986	0.992739	3.79242
116.134	0.99276	3.7927
116.282	0.992781	3.79298
116.431	0.992802	3.79326
116.579	0.992823	3.79353
116.727	0.992844	3.79381
116.875	0.992865	3.79409
117.023	0.992886	3.79436
117.171	0.992907	3.79464
117.319	0.992928	3.79492
117.467	0.992949	3.79519
117.616	0.99297	3.79547
117.764	0.992991	3.79575
117.912	0.993012	3.79602
118.06	0.993032	3.7963
118.208	0.993053	3.79658
118.356	0.993074	3.79685
118.504	0.993094	3.79713
118.652	0.993115	3.79741
118.801	0.993135	3.79768
118.949	0.993156	3.79796
119.097	0.993177	3.79824
119.245	0.993197	3.79851
119.393	0.993218	3.79879
119.541	0.993238	3.79907
119.689	0.993258	3.79934
119.838	0.993279	3.79962
119.986	0.993299	3.7999
120.134	0.993319	3.80017
120.282	0.99334	3.80045
120.43	0.99336	3.80073
120.578	0.99338	3.801
120.726	0.9934	3.80128
120.874	0.993421	3.80156
121.023	0.993441	3.80183
121.171	0.993461	3.80211
121.319	0.993481	3.80238
121.467	0.993501	3.80266
121.615	0.993521	3.80294
121.763	0.993541	3.80321
121.911	0.993561	3.80349
122.059	0.993581	3.80376
122.208	0.993601	3.80404
122.356	0.993621	3.80432
122.504	0.993641	3.80459
122.652	0.99366	3.80487
122.8	0.99368	3.80514
122.948	0.9937	3.80542
123.096	0.99372	3.8057
123.244	0.993739	3.80597
123.393	0.993759	3.80625
123.541	0.993779	3.80652
123.689	0.993798	3.8068
123.837	0.993818	3.80708
123.985	0.993838	3.80735
124.133	0.993857	3.80763
124.281	0.993877	3.8079
124.43	0.993896	3.80818
124.578	0.993916	3.80845
124.726	0.993935	3.80873
124.874	0.993954	3.80901
125.022	0.993974	3.80928
125.17	0.993993	3.80956
125.318	0.994012	3.80983
125.466	0.994032	3.81011
125.615	0.994051	3.81038
125.763	0.99407	3.81066
125.911	0.994089	3.81094
126.059	0.994109	3.81121
126.207	0.994128	3.81149
126.355	0.994147	3.81176
126.503	0.994166	3.81204
126.651	0.994185	3.81231
126.8	0.994204	3.81259
126.948	0.994223	3.81286
127.096	0.994242	3.81314
127.244	0.994261	3.81341
127.392	0.99428	3.81369
127.54	0.994299	3.81396
127.688	0.994318	3.81424
127.836	0.994337	3.81452
127.985	0.994356	3.81479
128.133	0.994374	3.81507
128.281	0.994393	3.81534
128.429	0.994412	3.81562
128.577	0.994431	3.81589
128.725	0.994449	3.81617
128.873	0.994468	3.81644
129.021	0.994487	3.81672
129.17	0.994505	3.81699
129.318	0.994524	3.81727
129.466	0.994543	3.81754
129.614	0.994561	3.81782
129.762	0.99458	3.81809
129.91	0.994598	3.81837
130.058	0.994617	3.81864
130.207	0.994635	3.81892
130.355	0.994653	3.81919
130.503	0.994672	3.81947
130.651	0.99469	3.81974
130.799	0.994709	3.82002
130.947	0.994727	3.82029
131.095	0.994745	3.82057
131.243	0.994763	3.82084
131.392	0.994782	3.82112
131.54	0.9948	3.82139
131.688	0.994818	3.82167
131.836	0.994836	3.82194
131.984	0.994854	3.82222
132.132	0.994873	3.82249
132.28	0.994891	3.82277
132.428	0.994909	3.82304
132.577	0.994927	3.82331
132.725	0.994945	3.82359
132.873	0.994963	3.82386
133.021	0.994981	3.82414
133.169	0.994999	3.82441
133.317	0.995017	3.82469
133.465	0.995035	3.82496
133.613	0.995052	3.82524
133.762	0.99507	3.82551
133.91	0.995088	3.82579
134.058	0.995106	3.82606
134.206	0.995124	3.82634
134.354	0.995141	3.82661
134.502	0.995159	3.82688
134.65	0.995177	3.82716
134.799	0.995195	3.82743
134.947	0.995212	3.82771
135.095	0.99523	3.82798
135.243	0.995247	3.82826
135.391	0.995265	3.82853
135.539	0.995283	3.82881
135.687	0.9953	3.82908
135.835	0.995318	3.82935
135.984	0.995335	3.82963
136.132	0.995353	3.8299
136.28	0.99537	3.83018
136.428	0.995387	3.83045
136.576	0.995405	3.83073
136.724	0.995422	3.831
136.872	0.99544	3.83127
137.02	0.995457	3.83155
137.169	0.995474	3.83182
137.317	0.995491	3.8321
137.465	0.995509	3.83237
137.613	0.995526	3.83265
137.761	0.995543	3.83292
137.909	0.99556	3.83319
138.057	0.995578	3.83347
138.205	0.995595	3.83374
138.354	0.995612	3.83402
138.502	0.995629	3.83429
138.65	0.995646	3.83456
138.798	0.995663	3.83484
138.946	0.99568	3.83511
139.094	0.995697	3.83539
139.242	0.995714	3.83566
139.39	0.995731	3.83594
139.539	0.995748	3.83621
139.687	0.995765	3.83648
139.835	0.995782	3.83676
139.983	0.995799	3.83703
140.131	0.995815	3.83731
140.279	0.995832	3.83758
140.427	0.995849	3.83785
140.576	0.995866	3.83813
140.724	0.995883	3.8384
140.872	0.995899	3.83867
141.02	0.995916	3.83895
141.168	0.995933	3.83922
141.316	0.995949	3.8395
141.464	0.995966	3.83977
141.612	0.995983	3.84004
141.761	0.995999	3.84032
141.909	0.996016	3.84059
142.057	0.996032	3.84087
142.205	0.996049	3.84114
142.353	0.996065	3.84141
142.501	0.996082	3.84169
142.649	0.996098	3.84196
142.797	0.996115	3.84224
142.946	0.996131	3.84251
143.094	0.996148	3.84278
143.242	0.996164	3.84306
143.39	0.99618	3.84333
143.538	0.996197	3.8436
143.686	0.996213	3.84388
143.834	0.996229	3.84415
143.982	0.996246	3.84442
144.131	0.996262	3.8447
144.279	0.996278	3.84497
144.427	0.996294	3.84525
144.575	0.996311	3.84552
144.723	0.996327	3.84579
144.871	0.996343	3.84607
145.019	0.996359	3.84634
145.168	0.996375	3.84661
145.316	0.996391	3.84689
145.464	0.996407	3.84716
145.612	0.996423	3.84744
145.76	0.996439	3.84771
145.908	0.996455	3.84798
146.056	0.996471	3.84826
146.204	0.996487	3.84853
146.353	0.996503	3.8488
146.501	0.996519	3.84908
146.649	0.996535	3.84935
146.797	0.996551	3.84962
146.945	0.996567	3.8499
147.093	0.996583	3.85017
147.241	0.996599	3.85044
147.389	0.996614	3.85072
147.538	0.99663	3.85099
147.686	0.996646	3.85126
147.834	0.996662	3.85154
147.982	0.996677	3.85181
148.13	0.996693	3.85209
148.278	0.996709	3.85236
148.426	0.996724	3.85263
148.574	0.99674	3.85291
148.723	0.996756	3.85318
148.871	0.996771	3.85345
149.019	0.996787	3.85373
149.167	0.996802	3.854
149.315	0.996818	3.85427
149.463	0.996834	3.85455
149.611	0.996849	3.85482
149.759	0.996865	3.85509
149.908	0.99688	3.85537
150.056	0.996895	3.85564
150.204	0.996911	3.85591
150.352	0.996926	3.85619
150.5	0.996942	3.85646
150.648	0.996957	3.85673
150.796	0.996972	3.85701
150.945	0.996988	3.85728
151.093	0.997003	3.85755
151.241	0.997018	3.85783
151.389	0.997034	3.8581
151.537	0.997049	3.85837
151.685	0.997064	3.85865
151.833	0.997079	3.85892
151.981	0.997094	3.85919
152.13	0.99711	3.85947
152.278	0.997125	3.85974
152.426	0.99714	3.86001
152.574	0.997155	3.86029
152.722	0.99717	3.86056
152.87	0.997185	3.86083
153.018	0.9972	3.86111
153.166	0.997215	3.86138
153.315	0.99723	3.86165
153.463	0.997245	3.86193
153.611	0.99726	3.8622
153.759	0.997275	3.86247
153.907	0.99729	3.86275
154.055	0.997305	3.86302
154.203	0.99732	3.86329
154.351	0.997335	3.86356
154.5	0.99735	3.86384
154.648	0.997365	3.86411
154.796	0.997379	3.86438
154.944	0.997394	3.86466
155.092	0.997409	3.86493
155.24	0.997424	3.8652
155.388	0.997439	3.86548
155.537	0.997453	3.86575
155.685	0.997468	3.86602
155.833	0.997483	3.8663
155.981	0.997497	3.86657
156.129	0.997512	3.86684
156.277	0.997527	3.86712
156.425	0.997541	3.86739
156.573	0.997556	3.86766
156.722	0.997571	3.86794
156.87	0.997585	3.86821
157.018	0.9976	3.86848
157.166	0.997614	3.86876
157.314	0.997629	3.86903
157.462	0.997643	3.8693
157.61	0.997658	3.86957
157.758	0.997672	3.86985
157.907	0.997687	3.87012
158.055	0.997701	3.87039
158.203	0.997716	3.87067
158.351	0.99773	3.87094
158.499	0.997744	3.87121
158.647	0.997759	3.87149
158.795	0.997773	3.87176
158.943	0.997787	3.87203
159.092	0.997802	3.87231
159.24	0.997816	3.87258
159.388	0.99783	3.87285
159.536	0.997845	3.87312
159.684	0.997859	3.8734
159.832	0.997873	3.87367
159.98	0.997887	3.87394
160.129	0.997901	3.87422
160.277	0.997916	3.87449
160.425	0.99793	3.87476
160.573	0.997944	3.87504
160.721	0.997958	3.87531
160.869	0.997972	3.87558
161.017	0.997986	3.87586
161.165	0.998	3.87613
161.314	0.998014	3.8764
161.462	0.998028	3.87667
161.61	0.998042	3.87695
161.758	0.998056	3.87722
161.906	0.99807	3.87749
162.054	0.998084	3.87777
162.202	0.998098	3.87804
162.35	0.998112	3.87831
162.499	0.998126	3.87859
162.647	0.99814	3.87886
162.795	0.998154	3.87913
162.943	0.998168	3.87941
163.091	0.998182	3.87968
163.239	0.998196	3.87995
163.387	0.998209	3.88022
163.535	0.998223	3.8805
163.684	0.998237	3.88077
163.832	0.998251	3.88104
163.98	0.998264	3.88132
164.128	0.998278	3.88159
164.276	0.998292	3.88186
164.424	0.998306	3.88214
164.572	0.998319	3.88241
164.72	0.998333	3.88268
164.869	0.998347	3.88296
165.017	0.99836	3.88323
165.165	0.998374	3.8835
165.313	0.998387	3.88377
165.461	0.998401	3.88405
165.609	0.998415	3.88432
165.757	0.998428	3.88459
165.906	0.998442	3.88487
166.054	0.998455	3.88514
166.202	0.998469	3.88541
166.35	0.998482	3.88569
166.498	0.998496	3.88596
166.646	0.998509	3.88623
166.794	0.998523	3.88651
166.942	0.998536	3.88678
167.091	0.998549	3.88705
167.239	0.998563	3.88732
167.387	0.998576	3.8876
167.535	0.99859	3.88787
167.683	0.998603	3.88814
167.831	0.998616	3.88842
167.979	0.99863	3.88869
168.127	0.998643	3.88896
168.276	0.998656	3.88924
168.424	0.998669	3.88951
168.572	0.998683	3.88978
168.72	0.998696	3.89006
168.868	0.998709	3.89033
169.016	0.998722	3.8906
169.164	0.998735	3.89088
169.312	0.998749	3.89115
169.461	0.998762	3.89142
169.609	0.998775	3.89169
169.757	0.998788	3.89197
169.905	0.998801	3.89224
170.053	0.998814	3.89251
170.201	0.998827	3.89279
170.349	0.99884	3.89306
170.498	0.998854	3.89333
170.646	0.998867	3.89361
170.794	0.99888	3.89388
170.942	0.998893	3.89415
171.09	0.998906	3.89443
171.238	0.998919	3.8947
171.386	0.998931	3.89497
171.534	0.998944	3.89525
171.683	0.998957	3.89552
171.831	0.99897	3.89579
171.979	0.998983	3.89606
172.127	0.998996	3.89634
172.275	0.999009	3.89661
172.423	0.999022	3.89688
172.571	0.999035	3.89716
172.719	0.999047	3.89743
172.868	0.99906	3.8977
173.016	0.999073	3.89798
173.164	0.999086	3.89825
173.312	0.999099	3.89852
173.46	0.999111	3.8988
173.608	0.999124	3.89907
173.756	0.999137	3.89934
173.904	0.999149	3.89962
174.053	0.999162	3.89989
174.201	0.999175	3.90016
174.349	0.999188	3.90044
174.497	0.9992	3.90071
174.645	0.999213	3.90098
174.793	0.999225	3.90126
174.941	0.999238	3.90153
175.089	0.999251	3.9018
175.238	0.999263	3.90208
175.386	0.999276	3.90235
175.534	0.999288	3.90262
175.682	0.999301	3.90289
175.83	0.999313	3.90317
175.978	0.999326	3.90344
176.126	0.999338	3.90371
176.275	0.999351	3.90399
176.423	0.999363	3.90426
176.571	0.999376	3.90453
176.719	0.999388	3.90481
176.867	0.999401	3.90508
177.015	0.999413	3.90535
177.163	0.999425	3.90563
177.311	0.999438	3.9059
177.46	0.99945	3.90617
177.608	0.999462	3.90645
177.756	0.999475	3.90672
177.904	0.999487	3.90699
178.052	0.999499	3.90727
178.2	0.999512	3.90754
178.348	0.999524	3.90781
178.496	0.999536	3.90809
178.645	0.999548	3.90836
178.793	0.999561	3.90863
178.941	0.999573	3.90891
179.089	0.999585	3.90918
179.237	0.999597	3.90946
179.385	0.999609	3.90973
179.533	0.999622	3.91
179.681	0.999634	3.91028
179.83	0.999646	3.91055
179.978	0.999658	3.91082
180.126	0.99967	3.9111
180.274	0.999682	3.91137
180.422	0.999694	3.91164
180.57	0.999706	3.91192
180.718	0.999718	3.91219
180.867	0.99973	3.91246
181.015	0.999742	3.91274
181.163	0.999754	3.91301
181.311	0.999766	3.91328
181.459	0.999778	3.91356
181.607	0.99979	3.91383
181.755	0.999802	3.9141
181.903	0.999814	3.91438
182.052	0.999826	3.91465
182.2	0.999838	3.91492
182.348	0.99985	3.9152
182.496	0.999862	3.91547
182.644	0.999874	3.91575
182.792	0.999886	3.91602
182.94	0.999898	3.91629
183.088	0.999909	3.91657
183.237	0.999921	3.91684
183.385	0.999933	3.91711
183.533	0.999945	3.91739
183.681	0.999957	3.91766
183.829	0.999968	3.91793
183.977	0.99998	3.91821
184.125	0.999992	3.91848
184.273	1	3.91876
184.422	1.00002	3.91903
184.57	1.00003	3.9193
184.718	1.00004	3.91958
184.866	1.00005	3.91985
185.014	1.00006	3.92012
185.162	1.00007	3.9204
185.31	1.00009	3.92067
185.458	1.0001	3.92094
185.607	1.00011	3.92122
185.755	1.00012	3.92149
185.903	1.00013	3.92177
186.051	1.00014	3.92204
186.199	1.00015	3.92231
186.347	1.00017	3.92259
186.495	1.00018	3.92286
186.644	1.00019	3.92314
186.792	1.0002	3.92341
186.94	1.00021	3.92368
187.088	1.00022	3.92396
187.236	1.00024	3.92423
187.384	1.00025	3.9245
187.532	1.00026	3.92478
187.68	1.00027	3.92505
187.829	1.00028	3.92533
187.977	1.00029	3.9256
188.125	1.0003	3.92587
188.273	1.00032	3.92615
188.421	1.00033	3.92642
188.569	1.00034	3.9267
188.717	1.00035	3.92697
188.865	1.00036	3.92724
189.014	1.00037	3.92752
189.162	1.00038	3.92779
189.31	1.00039	3.92807
189.458	1.00041	3.92834
189.606	1.00042	3.92861
189.754	1.00043	3.92889
189.902	1.00044	3.92916
190.05	1.00045	3.92944
190.199	1.00046	3.92971
190.347	1.00047	3.92998
190.495	1.00048	3.93026
190.643	1.0005	3.93053
190.791	1.00051	3.93081
190.939	1.00052	3.93108
191.087	1.00053	3.93135
191.236	1.00054	3.93163
191.384	1.00055	3.9319
191.532	1.00056	3.93218
191.68	1.00057	3.93245
191.828	1.00059	3.93272
191.976	1.0006	3.933
192.124	1.00061	3.93327
192.272	1.00062	3.93355
192.421	1.00063	3.93382
192.569	1.00064	3.9341
192.717	1.00065	3.93437
192.865	1.00066	3.93464
193.013	1.00067	3.93492
193.161	1.00068	3.93519
193.309	1.0007	3.93547
193.457	1.00071	3.93574
193.606	1.00072	3.93602
193.754	1.00073	3.93629
193.902	1.00074	3.93656
194.05	1.00075	3.93684
194.198	1.00076	3.93711
194.346	1.00077	3.93739
194.494	1.00078	3.93766
194.642	1.00079	3.93794
194.791	1.0008	3.93821
194.939	1.00082	3.93848
195.087	1.00083	3.93876
195.235	1.00084	3.93903
195.383	1.00085	3.93931
195.531	1.00086	3.93958
195.679	1.00087	3.93986
195.827	1.00088	3.94013
195.976	1.00089	3.94041
196.124	1.0009	3.94068
196.272	1.00091	3.94096
196.42	1.00092	3.94123
196.568	1.00093	3.9415
196.716	1.00094	3.94178
196.864	1.00096	3.94205
197.013	1.00097	3.94233
197.161	1.00098	3.9426
197.309	1.00099	3.94288
197.457	1.001	3.94315
197.605	1.00101	3.94343
197.753	1.00102	3.9437
197.901	1.00103	3.94398
198.049	1.00104	3.94425
198.198	1.00105	3.94453
198.346	1.00106	3.9448
198.494	1.00107	3.94507
198.642	1.00108	3.94535
198.79	1.00109	3.94562
198.938	1.0011	3.9459
199.086	1.00111	3.94617
199.234	1.00112	3.94645
199.383	1.00113	3.94672
199.531	1.00115	3.947
199.679	1.00116	3.94727
199.827	1.00117	3.94755
199.975	1.00118	3.94782
200.123	1.00119	3.9481
200.271	1.0012	3.94837
200.419	1.00121	3.94865
200.568	1.00122	3.94892
200.716	1.00123	3.9492
200.864	1.00124	3.94947
201.012	1.00125	3.94975
201.16	1.00126	3.95002
201.308	1.00127	3.9503
201.456	1.00128	3.95057
201.605	1.00129	3.95085
201.753	1.0013	3.95112
201.901	1.00131	3.9514
202.049	1.00132	3.95167
202.197	1.00133	3.95195
202.345	1.00134	3.95222
202.493	1.00135	3.9525
202.641	1.00136	3.95277
202.79	1.00137	3.95305
202.938	1.00138	3.95332
203.086	1.00139	3.9536
203.234	1.0014	3.95387
203.382	1.00141	3.95415
203.53	1.00142	3.95442
203.678	1.00143	3.9547
203.826	1.00144	3.95497
203.975	1.00145	3.95525
204.123	1.00147	3.95552
204.271	1.00148	3.9558
204.419	1.00149	3.95608
204.567	1.0015	3.95635
204.715	1.00151	3.95663
204.863	1.00152	3.9569
205.011	1.00153	3.95718
205.16	1.00154	3.95745
205.308	1.00155	3.95773
205.456	1.00156	3.958
205.604	1.00157	3.95828
205.752	1.00158	3.95855
205.9	1.00159	3.95883
206.048	1.0016	3.95911
206.196	1.00161	3.95938
206.345	1.00162	3.95966
206.493	1.00163	3.95993
206.641	1.00164	3.96021
206.789	1.00165	3.96048
206.937	1.00166	3.96076
207.085	1.00167	3.96103
207.233	1.00168	3.96131
207.382	1.00169	3.96159
207.53	1.0017	3.96186
207.678	1.00171	3.96214
207.826	1.00172	3.96241
207.974	1.00173	3.96269
208.122	1.00174	3.96296
208.27	1.00174	3.96324
208.418	1.00175	3.96352
208.567	1.00176	3.96379
208.715	1.00177	3.96407
208.863	1.00178	3.96434
209.011	1.00179	3.96462
209.159	1.0018	3.96489
209.307	1.00181	3.96517
209.455	1.00182	3.96545
209.603	1.00183	3.96572
209.752	1.00184	3.966
209.9	1.00185	3.96627
210.048	1.00186	3.96655
210.196	1.00187	3.96683
210.344	1.00188	3.9671
210.492	1.00189	3.96738
210.64	1.0019	3.96765
210.788	1.00191	3.96793
210.937	1.00192	3.96821
211.085	1.00193	3.96848
211.233	1.00194	3.96876
211.381	1.00195	3.96903
211.529	1.00196	3.96931
211.677	1.00197	3.96959
211.825	1.00198	3.96986
211.974	1.00199	3.97014
212.122	1.002	3.97042
212.27	1.00201	3.97069
212.418	1.00202	3.97097
212.566	1.00203	3.97124
212.714	1.00204	3.97152
212.862	1.00205	3.9718
213.01	1.00205	3.97207
213.159	1.00206	3.97235
213.307	1.00207	3.97263
213.455	1.00208	3.9729
213.603	1.00209	3.97318
213.751	1.0021	3.97345
213.899	1.00211	3.97373
214.047	1.00212	3.97401
214.195	1.00213	3.97428
214.344	1.00214	3.97456
214.492	1.00215	3.97484
214.64	1.00216	3.97511
214.788	1.00217	3.97539
214.936	1.00218	3.97567
215.084	1.00219	3.97594
215.232	1.0022	3.97622
215.38	1.00221	3.9765
215.529	1.00222	3.97677
215.677	1.00222	3.97705
215.825	1.00223	3.97733
215.973	1.00224	3.9776
216.121	1.00225	3.97788
216.269	1.00226	3.97816
216.417	1.00227	3.97843
216.565	1.00228	3.97871
216.714	1.00229	3.97899
216.862	1.0023	3.97926
217.01	1.00231	3.97954
217.158	1.00232	3.97982
217.306	1.00233	3.98009
217.454	1.00234	3.98037
217.602	1.00235	3.98065
217.751	1.00235	3.98093
217.899	1.00236	3.9812
218.047	1.00237	3.98148
218.195	1.00238	3.98176
218.343	1.00239	3.98203
218.491	1.0024	3.98231
218.639	1.00241	3.98259
218.787	1.00242	3.98286
218.936	1.00243	3.98314
219.084	1.00244	3.98342
219.232	1.00245	3.9837
219.38	1.00246	3.98397
219.528	1.00246	3.98425
219.676	1.00247	3.98453
219.824	1.00248	3.9848
219.972	1.00249	3.98508
220.121	1.0025	3.98536
220.269	1.00251	3.98564
220.417	1.00252	3.98591
220.565	1.00253	3.98619
220.713	1.00254	3.98647
220.861	1.00255	3.98675
221.009	1.00256	3.98702
221.157	1.00256	3.9873
221.306	1.00257	3.98758
221.454	1.00258	3.98786
221.602	1.00259	3.98813
221.75	1.0026	3.98841
221.898	1.00261	3.98869
222.046	1.00262	3.98897
222.194	1.00263	3.98924
222.343	1.00264	3.98952
222.491	1.00265	3.9898
222.639	1.00265	3.99008
222.787	1.00266	3.99035
222.935	1.00267	3.99063
223.083	1.00268	3.99091
223.231	1.00269	3.99119
223.379	1.0027	3.99146
223.528	1.00271	3.99174
223.676	1.00272	3.99202
223.824	1.00273	3.9923
223.972	1.00273	3.99258
224.12	1.00274	3.99285
224.268	1.00275	3.99313
224.416	1.00276	3.99341
224.564	1.00277	3.99369
224.713	1.00278	3.99397
224.861	1.00279	3.99424
225.009	1.0028	3.99452
225.157	1.0028	3.9948
225.305	1.00281	3.99508
225.453	1.00282	3.99536
225.601	1.00283	3.99563
225.749	1.00284	3.99591
225.898	1.00285	3.99619
226.046	1.00286	3.99647
226.194	1.00287	3.99675
226.342	1.00287	3.99702
226.49	1.00288	3.9973
226.638	1.00289	3.99758
226.786	1.0029	3.99786
226.935	1.00291	3.99814
227.083	1.00292	3.99842
227.231	1.00293	3.99869
227.379	1.00294	3.99897
227.527	1.00294	3.99925
227.675	1.00295	3.99953
227.823	1.00296	3.99981
227.971	1.00297	4.00009
228.12	1.00298	4.00036
228.268	1.00299	4.00064
228.416	1.003	4.00092
228.564	1.003	4.0012
228.712	1.00301	4.00148
228.86	1.00302	4.00176
229.008	1.00303	4.00204
229.156	1.00304	4.00231
229.305	1.00305	4.00259
229.453	1.00306	4.00287
229.601	1.00306	4.00315
229.749	1.00307	4.00343
229.897	1.00308	4.00371
230.045	1.00309	4.00399
230.193	1.0031	4.00427
230.341	1.00311	4.00454
230.49	1.00311	4.00482
230.638	1.00312	4.0051
230.786	1.00313	4.00538
230.934	1.00314	4.00566
231.082	1.00315	4.00594
231.23	1.00316	4.00622
231.378	1.00317	4.0065
231.526	1.00317	4.00678
231.675	1.00318	4.00705
231.823	1.00319	4.00733
231.971	1.0032	4.00761
232.119	1.00321	4.00789
232.267	1.00322	4.00817
232.415	1.00322	4.00845
232.563	1.00323	4.00873
232.712	1.00324	4.00901
232.86	1.00325	4.00929
233.008	1.00326	4.00957
233.156	1.00327	4.00985
233.304	1.00327	4.01013
233.452	1.00328	4.0104
233.6	1.00329	4.01068
233.748	1.0033	4.01096
233.897	1.00331	4.01124
234.045	1.00332	4.01152
234.193	1.00332	4.0118
234.341	1.00333	4.01208
234.489	1.00334	4.01236
234.637	1.00335	4.01264
234.785	1.00336	4.01292
234.933	1.00337	4.0132
235.082	1.00337	4.01348
235.23	1.00338	4.01376
235.378	1.00339	4.01404
235.526	1.0034	4.01432
235.674	1.00341	4.0146
235.822	1.00341	4.01488
235.97	1.00342	4.01516
236.118	1.00343	4.01544
236.267	1.00344	4.01572
236.415	1.00345	4.016
236.563	1.00346	4.01628
236.711	1.00346	4.01656
236.859	1.00347	4.01684
237.007	1.00348	4.01712
237.155	1.00349	4.0174
237.304	1.0035	4.01768
237.452	1.0035	4.01796
237.6	1.00351	4.01824
237.748	1.00352	4.01852
237.896	1.00353	4.0188
238.044	1.00354	4.01908
238.192	1.00354	4.01936
238.34	1.00355	4.01964
238.489	1.00356	4.01992
238.637	1.00357	4.0202
238.785	1.00358	4.02048
238.933	1.00358	4.02076
239.081	1.00359	4.02104
239.229	1.0036	4.02132
239.377	1.00361	4.0216
239.525	1.00362	4.02188
239.674	1.00362	4.02216
239.822	1.00363	4.02244
239.97	1.00364	4.02272
240.118	1.00365	4.023
240.266	1.00366	4.02328
240.414	1.00366	4.02356
240.562	1.00367	4.02384
240.71	1.00368	4.02412
240.859	1.00369	4.0244
241.007	1.0037	4.02469
241.155	1.0037	4.02497
241.303	1.00371	4.02525
241.451	1.00372	4.02553
241.599	1.00373	4.02581
241.747	1.00374	4.02609
241.895	1.00374	4.02637
242.044	1.00375	4.02665
242.192	1.00376	4.02693
242.34	1.00377	4.02721
242.488	1.00377	4.02749
242.636	1.00378	4.02777
242.784	1.00379	4.02806
242.932	1.0038	4.02834
243.081	1.00381	4.02862
243.229	1.00381	4.0289
243.377	1.00382	4.02918
243.525	1.00383	4.02946
243.673	1.00384	4.02974
243.821	1.00384	4.03002
243.969	1.00385	4.0303
244.117	1.00386	4.03059
244.266	1.00387	4.03087
244.414	1.00388	4.03115
244.562	1.00388	4.03143
244.71	1.00389	4.03171
244.858	1.0039	4.03199
245.006	1.00391	4.03227
245.154	1.00391	4.03256
245.302	1.00392	4.03284
245.451	1.00393	4.03312
245.599	1.00394	4.0334
245.747	1.00394	4.03368
245.895	1.00395	4.03396
246.043	1.00396	4.03425
246.191	1.00397	4.03453
246.339	1.00398	4.03481
246.487	1.00398	4.03509
246.636	1.00399	4.03537
246.784	1.004	4.03565
246.932	1.00401	4.03594
247.08	1.00401	4.03622
247.228	1.00402	4.0365
247.376	1.00403	4.03678
247.524	1.00404	4.03706
247.673	1.00404	4.03735
247.821	1.00405	4.03763
247.969	1.00406	4.03791
248.117	1.00407	4.03819
248.265	1.00407	4.03847
248.413	1.00408	4.03876
248.561	1.00409	4.03904
248.709	1.0041	4.03932
248.858	1.0041	4.0396
249.006	1.00411	4.03988
249.154	1.00412	4.04017
249.302	1.00413	4.04045
249.45	1.00413	4.04073
249.598	1.00414	4.04101
249.746	1.00415	4.0413
249.894	1.00416	4.04158
250.043	1.00416	4.04186
250.191	1.00417	4.04214
250.339	1.00418	4.04243
250.487	1.00419	4.04271
250.635	1.00419	4.04299
250.783	1.0042	4.04327
250.931	1.00421	4.04356
251.079	1.00422	4.04384
251.228	1.00422	4.04412
251.376	1.00423	4.0444
251.524	1.00424	4.04469
251.672	1.00425	4.04497
251.82	1.00425	4.04525
251.968	1.00426	4.04553
252.116	1.00427	4.04582
252.264	1.00428	4.0461
252.413	1.00428	4.04638
252.561	1.00429	4.04667
252.709	1.0043	4.04695
252.857	1.0043	4.04723
253.005	1.00431	4.04751
253.153	1.00432	4.0478
253.301	1.00433	4.04808
253.45	1.00433	4.04836
253.598	1.00434	4.04865
253.746	1.00435	4.04893
253.894	1.00436	4.04921
254.042	1.00436	4.0495
254.19	1.00437	4.04978
254.338	1.00438	4.05006
254.486	1.00438	4.05035
254.635	1.00439	4.05063
254.783	1.0044	4.05091
254.931	1.00441	4.0512
255.079	1.00441	4.05148
255.227	1.00442	4.05176
255.375	1.00443	4.05205
255.523	1.00444	4.05233
255.671	1.00444	4.05261
255.82	1.00445	4.0529
255.968	1.00446	4.05318
256.116	1.00446	4.05347
256.264	1.00447	4.05375
256.412	1.00448	4.05403
256.56	1.00449	4.05432
256.708	1.00449	4.0546
256.856	1.0045	4.05488
257.005	1.00451	4.05517
257.153	1.00451	4.05545
257.301	1.00452	4.05574
257.449	1.00453	4.05602
257.597	1.00454	4.0563
257.745	1.00454	4.05659
257.893	1.00455	4.05687
258.042	1.00456	4.05716
258.19	1.00456	4.05744
258.338	1.00457	4.05772
258.486	1.00458	4.05801
258.634	1.00459	4.05829
258.782	1.00459	4.05858
258.93	1.0046	4.05886
259.078	1.00461	4.05915
259.227	1.00461	4.05943
259.375	1.00462	4.05971
259.523	1.00463	4.06
259.671	1.00463	4.06028
259.819	1.00464	4.06057
259.967	1.00465	4.06085
260.115	1.00466	4.06114
260.263	1.00466	4.06142
260.412	1.00467	4.06171
260.56	1.00468	4.06199
260.708	1.00468	4.06228
260.856	1.00469	4.06256
261.004	1.0047	4.06285
261.152	1.0047	4.06313
261.3	1.00471	4.06341
261.448	1.00472	4.0637
261.597	1.00473	4.06398
261.745	1.00473	4.06427
261.893	1.00474	4.06455
262.041	1.00475	4.06484
262.189	1.00475	4.06512
262.337	1.00476	4.06541
262.485	1.00477	4.06569
262.633	1.00477	4.06598
262.782	1.00478	4.06626
262.93	1.00479	4.06655
263.078	1.00479	4.06684
263.226	1.0048	4.06712
263.374	1.00481	4.06741
263.522	1.00481	4.06769
263.67	1.00482	4.06798
263.819	1.00483	4.06826
263.967	1.00484	4.06855
264.115	1.00484	4.06883
264.263	1.00485	4.06912
264.411	1.00486	4.0694
264.559	1.00486	4.06969
264.707	1.00487	4.06997
264.855	1.00488	4.07026
265.004	1.00488	4.07055
265.152	1.00489	4.07083
265.3	1.0049	4.07112
265.448	1.0049	4.0714
265.596	1.00491	4.07169
265.744	1.00492	4.07197
265.892	1.00492	4.07226
266.04	1.00493	4.07255
266.189	1.00494	4.07283
266.337	1.00494	4.07312
266.485	1.00495	4.0734
266.633	1.00496	4.07369
266.781	1.00496	4.07398
266.929	1.00497	4.07426
267.077	1.00498	4.07455
267.225	1.00498	4.07484
267.374	1.00499	4.07512
267.522	1.005	4.07541
267.67	1.005	4.07569
267.818	1.00501	4.07598
267.966	1.00502	4.07627
268.114	1.00502	4.07655
268.262	1.00503	4.07684
268.411	1.00504	4.07713
268.559	1.00504	4.07741
268.707	1.00505	4.0777
268.855	1.00506	4.07799
269.003	1.00506	4.07827
269.151	1.00507	4.07856
269.299	1.00508	4.07885
269.447	1.00508	4.07913
269.596	1.00509	4.07942
269.744	1.0051	4.07971
269.892	1.0051	4.07999
270.04	1.00511	4.08028
270.188	1.00512	4.08057
270.336	1.00512	4.08085
270.484	1.00513	4.08114
270.632	1.00514	4.08143
270.781	1.00514	4.08171
270.929	1.00515	4.082
271.077	1.00516	4.08229
271.225	1.00516	4.08257
271.373	1.00517	4.08286
271.521	1.00518	4.08315
271.669	1.00518	4.08344
271.817	1.00519	4.08372
271.966	1.0052	4.08401
272.114	1.0052	4.0843
272.262	1.00521	4.08459
272.41	1.00522	4.08487
272.558	1.00522	4.08516
272.706	1.00523	4.08545
272.854	1.00523	4.08574
273.002	1.00524	4.08602
273.151	1.00525	4.08631
273.299	1.00525	4.0866
273.447	1.00526	4.08689
273.595	1.00527	4.08717
273.743	1.00527	4.08746
273.891	1.00528	4.08775
274.039	1.00529	4.08804
274.188	1.00529	4.08832
274.336	1.0053	4.08861
274.484	1.00531	4.0889
274.632	1.00531	4.08919
274.78	1.00532	4.08948
274.928	1.00532	4.08976
275.076	1.00533	4.09005
275.224	1.00534	4.09034
275.373	1.00534	4.09063
275.521	1.00535	4.09092
275.669	1.00536	4.09121
275.817	1.00536	4.09149
275.965	1.00537	4.09178
276.113	1.00538	4.09207
276.261	1.00538	4.09236
276.409	1.00539	4.09265
276.558	1.00539	4.09294
276.706	1.0054	4.09322
276.854	1.00541	4.09351
277.002	1.00541	4.0938
277.15	1.00542	4.09409
277.298	1.00543	4.09438
277.446	1.00543	4.09467
277.594	1.00544	4.09496
277.743	1.00545	4.09524
277.891	1.00545	4.09553
278.039	1.00546	4.09582
278.187	1.00546	4.09611
278.335	1.00547	4.0964
278.483	1.00548	4.09669
278.631	1.00548	4.09698
278.78	1.00549	4.09727
278.928	1.0055	4.09756
279.076	1.0055	4.09784
279.224	1.00551	4.09813
279.372	1.00551	4.09842
279.52	1.00552	4.09871
279.668	1.00553	4.099
279.816	1.00553	4.09929
279.965	1.00554	4.09958
280.113	1.00555	4.09987
280.261	1.00555	4.10016
280.409	1.00556	4.10045
280.557	1.00556	4.10074
280.705	1.00557	4.10103
280.853	1.00558	4.10132
281.001	1.00558	4.10161
281.15	1.00559	4.1019
281.298	1.00559	4.10218
281.446	1.0056	4.10247
281.594	1.00561	4.10276
281.742	1.00561	4.10305
281.89	1.00562	4.10334
282.038	1.00563	4.10363
282.186	1.00563	4.10392
282.335	1.00564	4.10421
282.483	1.00564	4.1045
282.631	1.00565	4.10479
282.779	1.00566	4.10508
282.927	1.00566	4.10537
283.075	1.00567	4.10566
283.223	1.00567	4.10595
283.371	1.00568	4.10624
283.52	1.00569	4.10653
283.668	1.00569	4.10682
283.816	1.0057	4.10711
283.964	1.0057	4.10741
284.112	1.00571	4.1077
284.26	1.00572	4.10799
284.408	1.00572	4.10828
284.557	1.00573	4.10857
284.705	1.00573	4.10886
284.853	1.00574	4.10915
285.001	1.00575	4.10944
285.149	1.00575	4.10973
285.297	1.00576	4.11002
285.445	1.00576	4.11031
285.593	1.00577	4.1106
285.742	1.00578	4.11089
285.89	1.00578	4.11118
286.038	1.00579	4.11147
286.186	1.00579	4.11176
286.334	1.0058	4.11206
286.482	1.00581	4.11235
286.63	1.00581	4.11264
286.778	1.00582	4.11293
286.927	1.00582	4.11322
287.075	1.00583	4.11351
287.223	1.00584	4.1138
287.371	1.00584	4.11409
287.519	1.00585	4.11439
287.667	1.00585	4.11468
287.815	1.00586	4.11497
287.963	1.00587	4.11526
288.112	1.00587	4.11555
288.26	1.00588	4.11584
288.408	1.00588	4.11613
288.556	1.00589	4.11643
288.704	1.0059	4.11672
288.852	1.0059	4.11701
289	1.00591	4.1173
289.149	1.00591	4.11759
289.297	1.00592	4.11788
289.445	1.00592	4.11818
289.593	1.00593	4.11847
289.741	1.00594	4.11876
289.889	1.00594	4.11905
290.037	1.00595	4.11934
290.185	1.00595	4.11964
290.334	1.00596	4.11993
290.482	1.00597	4.12022
290.63	1.00597	4.12051
290.778	1.00598	4.1208
290.926	1.00598	4.1211
291.074	1.00599	4.12139
291.222	1.00599	4.12168
291.37	1.006	4.12197
291.519	1.00601	4.12227
291.667	1.00601	4.12256
291.815	1.00602	4.12285
291.963	1.00602	4.12314
292.111	1.00603	4.12344
292.259	1.00604	4.12373
292.407	1.00604	4.12402
292.555	1.00605	4.12431
292.704	1.00605	4.12461
292.852	1.00606	4.1249
293	1.00606	4.12519
293.148	1.00607	4.12548
293.296	1.00608	4.12578
293.444	1.00608	4.12607
293.592	1.00609	4.12636
293.741	1.00609	4.12666
293.889	1.0061	4.12695
294.037	1.0061	4.12724
294.185	1.00611	4.12754
294.333	1.00612	4.12783
294.481	1.00612	4.12812
294.629	1.00613	4.12841
294.777	1.00613	4.12871
294.926	1.00614	4.129
295.074	1.00614	4.12929
295.222	1.00615	4.12959
295.37	1.00615	4.12988
295.518	1.00616	4.13018
295.666	1.00617	4.13047
295.814	1.00617	4.13076
295.962	1.00618	4.13106
296.111	1.00618	4.13135
296.259	1.00619	4.13164
296.407	1.00619	4.13194
296.555	1.0062	4.13223
296.703	1.00621	4.13252
296.851	1.00621	4.13282
296.999	1.00622	4.13311
297.147	1.00622	4.13341
297.296	1.00623	4.1337
297.444	1.00623	4.13399
297.592	1.00624	4.13429
297.74	1.00624	4.13458
297.888	1.00625	4.13488
298.036	1.00626	4.13517
298.184	1.00626	4.13547
298.332	1.00627	4.13576
298.481	1.00627	4.13605
298.629	1.00628	4.13635
298.777	1.00628	4.13664
298.925	1.00629	4.13694
299.073	1.00629	4.13723
299.221	1.0063	4.13753
299.369	1.00631	4.13782
299.518	1.00631	4.13812
299.666	1.00632	4.13841
299.814	1.00632	4.13871
299.962	1.00633	4.139
300.11	1.00633	4.1393
300.258	1.00634	4.13959
300.406	1.00634	4.13989
300.554	1.00635	4.14018
300.703	1.00636	4.14048
300.851	1.00636	4.14077
300.999	1.00637	4.14107
301.147	1.00637	4.14136
301.295	1.00638	4.14166
301.443	1.00638	4.14195
301.591	1.00639	4.14225
301.739	1.00639	4.14254
301.888	1.0064	4.14284
302.036	1.0064	4.14313
302.184	1.00641	4.14343
302.332	1.00642	4.14372
302.48	1.00642	4.14402
302.628	1.00643	4.14431
302.776	1.00643	4.14461
302.924	1.00644	4.14491
303.073	1.00644	4.1452
303.221	1.00645	4.1455
303.369	1.00645	4.14579
303.517	1.00646	4.14609
303.665	1.00646	4.14638
303.813	1.00647	4.14668
303.961	1.00647	4.14698
304.11	1.00648	4.14727
304.258	1.00649	4.14757
304.406	1.00649	4.14786
304.554	1.0065	4.14816
304.702	1.0065	4.14846
304.85	1.00651	4.14875
304.998	1.00651	4.14905
305.146	1.00652	4.14935
305.295	1.00652	4.14964
305.443	1.00653	4.14994
305.591	1.00653	4.15024
305.739	1.00654	4.15053
305.887	1.00654	4.15083
306.035	1.00655	4.15112
306.183	1.00656	4.15142
306.331	1.00656	4.15172
306.48	1.00657	4.15201
306.628	1.00657	4.15231
306.776	1.00658	4.15261
306.924	1.00658	4.15291
307.072	1.00659	4.1532
307.22	1.00659	4.1535
307.368	1.0066	4.1538
307.516	1.0066	4.15409
307.665	1.00661	4.15439
307.813	1.00661	4.15469
307.961	1.00662	4.15498
308.109	1.00662	4.15528
308.257	1.00663	4.15558
308.405	1.00663	4.15588
308.553	1.00664	4.15617
308.701	1.00664	4.15647
308.85	1.00665	4.15677
308.998	1.00666	4.15707
309.146	1.00666	4.15736
309.294	1.00667	4.15766
309.442	1.00667	4.15796
309.59	1.00668	4.15826
309.738	1.00668	4.15855
309.887	1.00669	4.15885
310.035	1.00669	4.15915
310.183	1.0067	4.15945
310.331	1.0067	4.15975
310.479	1.00671	4.16004
310.627	1.00671	4.16034
310.775	1.00672	4.16064
310.923	1.00672	4.16094
311.072	1.00673	4.16124
311.22	1.00673	4.16153
311.368	1.00674	4.16183
311.516	1.00674	4.16213
311.664	1.00675	4.16243
311.812	1.00675	4.16273
311.96	1.00676	4.16303
312.108	1.00676	4.16332
312.257	1.00677	4.16362
312.405	1.00677	4.16392
312.553	1.00678	4.16422
312.701	1.00678	4.16452
312.849	1.00679	4.16482
312.997	1.00679	4.16512
313.145	1.0068	4.16542
313.293	1.0068	4.16571
313.442	1.00681	4.16601
313.59	1.00681	4.16631
313.738	1.00682	4.16661
313.886	1.00683	4.16691
314.034	1.00683	4.16721
314.182	1.00684	4.16751
314.33	1.00684	4.16781
314.479	1.00685	4.16811
314.627	1.00685	4.16841
314.775	1.00686	4.16871
314.923	1.00686	4.169
315.071	1.00687	4.1693
315.219	1.00687	4.1696
315.367	1.00688	4.1699
315.515	1.00688	4.1702
315.664	1.00689	4.1705
315.812	1.00689	4.1708
315.96	1.0069	4.1711
316.108	1.0069	4.1714
316.256	1.00691	4.1717
316.404	1.00691	4.172
316.552	1.00692	4.1723
316.7	1.00692	4.1726
316.849	1.00693	4.1729
316.997	1.00693	4.1732
317.145	1.00694	4.1735
317.293	1.00694	4.1738
317.441	1.00695	4.1741
317.589	1.00695	4.1744
317.737	1.00696	4.1747
317.885	1.00696	4.175
318.034	1.00697	4.1753
318.182	1.00697	4.1756
318.33	1.00698	4.1759
318.478	1.00698	4.1762
318.626	1.00699	4.1765
318.774	1.00699	4.1768
318.922	1.007	4.17711
319.07	1.007	4.17741
319.219	1.00701	4.17771
319.367	1.00701	4.17801
319.515	1.00701	4.17831
319.663	1.00702	4.17861
319.811	1.00702	4.17891
319.959	1.00703	4.17921
320.107	1.00703	4.17951
320.256	1.00704	4.17981
320.404	1.00704	4.18011
320.552	1.00705	4.18042
320.7	1.00705	4.18072
320.848	1.00706	4.18102
320.996	1.00706	4.18132
321.144	1.00707	4.18162
321.292	1.00707	4.18192
321.441	1.00708	4.18222
321.589	1.00708	4.18253
321.737	1.00709	4.18283
321.885	1.00709	4.18313
322.033	1.0071	4.18343
322.181	1.0071	4.18373
322.329	1.00711	4.18403
322.477	1.00711	4.18434
322.626	1.00712	4.18464
322.774	1.00712	4.18494
322.922	1.00713	4.18524
323.07	1.00713	4.18554
323.218	1.00714	4.18585
323.366	1.00714	4.18615
323.514	1.00715	4.18645
323.662	1.00715	4.18675
323.811	1.00716	4.18705
323.959	1.00716	4.18736
324.107	1.00717	4.18766
324.255	1.00717	4.18796
324.403	1.00717	4.18826
324.551	1.00718	4.18857
324.699	1.00718	4.18887
324.848	1.00719	4.18917
324.996	1.00719	4.18947
325.144	1.0072	4.18978
325.292	1.0072	4.19008
325.44	1.00721	4.19038
325.588	1.00721	4.19069
325.736	1.00722	4.19099
325.884	1.00722	4.19129
326.033	1.00723	4.19159
326.181	1.00723	4.1919
326.329	1.00724	4.1922
326.477	1.00724	4.1925
326.625	1.00725	4.19281
326.773	1.00725	4.19311
326.921	1.00726	4.19341
327.069	1.00726	4.19372
327.218	1.00726	4.19402
327.366	1.00727	4.19432
327.514	1.00727	4.19463
327.662	1.00728	4.19493
327.81	1.00728	4.19523
327.958	1.00729	4.19554
328.106	1.00729	4.19584
328.254	1.0073	4.19615
328.403	1.0073	4.19645
328.551	1.00731	4.19675
328.699	1.00731	4.19706
328.847	1.00732	4.19736
328.995	1.00732	4.19766
329.143	1.00733	4.19797
329.291	1.00733	4.19827
329.439	1.00733	4.19858
329.588	1.00734	4.19888
329.736	1.00734	4.19919
329.884	1.00735	4.19949
330.032	1.00735	4.19979
330.18	1.00736	4.2001
330.328	1.00736	4.2004
330.476	1.00737	4.20071
330.625	1.00737	4.20101
330.773	1.00738	4.20132
330.921	1.00738	4.20162
331.069	1.00739	4.20193
331.217	1.00739	4.20223
331.365	1.00739	4.20254
331.513	1.0074	4.20284
331.661	1.0074	4.20315
331.81	1.00741	4.20345
331.958	1.00741	4.20376
332.106	1.00742	4.20406
332.254	1.00742	4.20437
332.402	1.00743	4.20467
332.55	1.00743	4.20498
332.698	1.00744	4.20528
332.846	1.00744	4.20559
332.995	1.00745	4.20589
333.143	1.00745	4.2062
333.291	1.00745	4.2065
333.439	1.00746	4.20681
333.587	1.00746	4.20711
333.735	1.00747	4.20742
333.883	1.00747	4.20773
334.031	1.00748	4.20803
334.18	1.00748	4.20834
334.328	1.00749	4.20864
334.476	1.00749	4.20895
334.624	1.00749	4.20926
334.772	1.0075	4.20956
334.92	1.0075	4.20987
335.068	1.00751	4.21017
335.217	1.00751	4.21048
335.365	1.00752	4.21079
335.513	1.00752	4.21109
335.661	1.00753	4.2114
335.809	1.00753	4.21171
335.957	1.00754	4.21201
336.105	1.00754	4.21232
336.253	1.00754	4.21262
336.402	1.00755	4.21293
336.55	1.00755	4.21324
336.698	1.00756	4.21354
336.846	1.00756	4.21385
336.994	1.00757	4.21416
337.142	1.00757	4.21447
337.29	1.00758	4.21477
337.438	1.00758	4.21508
337.587	1.00758	4.21539
337.735	1.00759	4.21569
337.883	1.00759	4.216
338.031	1.0076	4.21631
338.179	1.0076	4.21661
338.327	1.00761	4.21692
338.475	1.00761	4.21723
338.623	1.00762	4.21754
338.772	1.00762	4.21784
338.92	1.00762	4.21815
339.068	1.00763	4.21846
339.216	1.00763	4.21877
339.364	1.00764	4.21907
339.512	1.00764	4.21938
339.66	1.00765	4.21969
339.808	1.00765	4.22
339.957	1.00765	4.22031
340.105	1.00766	4.22061
340.253	1.00766	4.22092
340.401	1.00767	4.22123
340.549	1.00767	4.22154
340.697	1.00768	4.22185
340.845	1.00768	4.22215
340.994	1.00769	4.22246
341.142	1.00769	4.22277
341.29	1.00769	4.22308
341.438	1.0077	4.22339
341.586	1.0077	4.2237
341.734	1.00771	4.224
341.882	1.00771	4.22431
342.03	1.00772	4.22462
342.179	1.00772	4.22493
342.327	1.00772	4.22524
342.475	1.00773	4.22555
342.623	1.00773	4.22586
342.771	1.00774	4.22617
342.919	1.00774	4.22647
343.067	1.00775	4.22678
343.215	1.00775	4.22709
343.364	1.00775	4.2274
343.512	1.00776	4.22771
343.66	1.00776	4.22802
343.808	1.00777	4.22833
343.956	1.00777	4.22864
344.104	1.00778	4.22895
344.252	1.00778	4.22926
344.4	1.00778	4.22957
344.549	1.00779	4.22988
344.697	1.00779	4.23019
344.845	1.0078	4.2305
344.993	1.0078	4.23081
345.141	1.00781	4.23112
345.289	1.00781	4.23143
345.437	1.00781	4.23174
345.586	1.00782	4.23205
345.734	1.00782	4.23236
345.882	1.00783	4.23267
346.03	1.00783	4.23298
346.178	1.00784	4.23329
346.326	1.00784	4.2336
346.474	1.00784	4.23391
346.622	1.00785	4.23422
346.771	1.00785	4.23453
346.919	1.00786	4.23484
347.067	1.00786	4.23515
347.215	1.00786	4.23546
347.363	1.00787	4.23577
347.511	1.00787	4.23608
347.659	1.00788	4.23639
347.807	1.00788	4.2367
347.956	1.00789	4.23701
348.104	1.00789	4.23732
348.252	1.00789	4.23763
348.4	1.0079	4.23794
348.548	1.0079	4.23826
348.696	1.00791	4.23857
348.844	1.00791	4.23888
348.992	1.00791	4.23919
349.141	1.00792	4.2395
349.289	1.00792	4.23981
349.437	1.00793	4.24012
349.585	1.00793	4.24043
349.733	1.00794	4.24075
349.881	1.00794	4.24106
350.029	1.00794	4.24137
350.177	1.00795	4.24168
350.326	1.00795	4.24199
350.474	1.00796	4.2423
350.622	1.00796	4.24262
350.77	1.00796	4.24293
350.918	1.00797	4.24324
351.066	1.00797	4.24355
351.214	1.00798	4.24386
351.363	1.00798	4.24418
351.511	1.00798	4.24449
351.659	1.00799	4.2448
351.807	1.00799	4.24511
351.955	1.008	4.24543
352.103	1.008	4.24574
352.251	1.00801	4.24605
352.399	1.00801	4.24636
352.548	1.00801	4.24668
352.696	1.00802	4.24699
352.844	1.00802	4.2473
352.992	1.00803	4.24761
353.14	1.00803	4.24793
353.288	1.00803	4.24824
353.436	1.00804	4.24855
353.584	1.00804	4.24887
353.733	1.00805	4.24918
353.881	1.00805	4.24949
354.029	1.00805	4.2498
354.177	1.00806	4.25012
354.325	1.00806	4.25043
354.473	1.00807	4.25074
354.621	1.00807	4.25106
354.769	1.00807	4.25137
354.918	1.00808	4.25168
355.066	1.00808	4.252
355.214	1.00809	4.25231
355.362	1.00809	4.25263
355.51	1.00809	4.25294
355.658	1.0081	4.25325
355.806	1.0081	4.25357
355.955	1.00811	4.25388
356.103	1.00811	4.25419
356.251	1.00811	4.25451
356.399	1.00812	4.25482
356.547	1.00812	4.25514
356.695	1.00813	4.25545
356.843	1.00813	4.25577
356.991	1.00813	4.25608
357.14	1.00814	4.25639
357.288	1.00814	4.25671
357.436	1.00815	4.25702
357.584	1.00815	4.25734
357.732	1.00815	4.25765
357.88	1.00816	4.25797
358.028	1.00816	4.25828
358.176	1.00817	4.2586
358.325	1.00817	4.25891
358.473	1.00817	4.25923
358.621	1.00818	4.25954
358.769	1.00818	4.25986
358.917	1.00818	4.26017
359.065	1.00819	4.26049
359.213	1.00819	4.2608
359.361	1.0082	4.26112
359.51	1.0082	4.26143
359.658	1.0082	4.26175
359.806	1.00821	4.26206
359.954	1.00821	4.26238
360.102	1.00822	4.26269
360.25	1.00822	4.26301
360.398	1.00822	4.26332
360.547	1.00823	4.26364
360.695	1.00823	4.26396
360.843	1.00824	4.26427
360.991	1.00824	4.26459
361.139	1.00824	4.2649
361.287	1.00825	4.26522
361.435	1.00825	4.26554
361.583	1.00826	4.26585
361.732	1.00826	4.26617
361.88	1.00826	4.26648
362.028	1.00827	4.2668
362.176	1.00827	4.26712
362.324	1.00827	4.26743
362.472	1.00828	4.26775
362.62	1.00828	4.26807
362.768	1.00829	4.26838
362.917	1.00829	4.2687
363.065	1.00829	4.26902
363.213	1.0083	4.26933
363.361	1.0083	4.26965
363.509	1.0083	4.26997
363.657	1.00831	4.27028
363.805	1.00831	4.2706
363.953	1.00832	4.27092
364.102	1.00832	4.27123
364.25	1.00832	4.27155
364.398	1.00833	4.27187
364.546	1.00833	4.27219
364.694	1.00834	4.2725
364.842	1.00834	4.27282
364.99	1.00834	4.27314
365.138	1.00835	4.27346
365.287	1.00835	4.27377
365.435	1.00835	4.27409
365.583	1.00836	4.27441
365.731	1.00836	4.27473
365.879	1.00837	4.27504
366.027	1.00837	4.27536
366.175	1.00837	4.27568
366.324	1.00838	4.276
366.472	1.00838	4.27632
366.62	1.00838	4.27663
366.768	1.00839	4.27695
366.916	1.00839	4.27727
367.064	1.0084	4.27759
367.212	1.0084	4.27791
367.36	1.0084	4.27823
367.509	1.00841	4.27855
367.657	1.00841	4.27886
367.805	1.00841	4.27918
367.953	1.00842	4.2795
368.101	1.00842	4.27982
368.249	1.00843	4.28014
368.397	1.00843	4.28046
368.545	1.00843	4.28078
368.694	1.00844	4.2811
368.842	1.00844	4.28141
368.99	1.00844	4.28173
369.138	1.00845	4.28205
369.286	1.00845	4.28237
369.434	1.00846	4.28269
369.582	1.00846	4.28301
369.73	1.00846	4.28333
369.879	1.00847	4.28365
370.027	1.00847	4.28397
370.175	1.00847	4.28429
370.323	1.00848	4.28461
370.471	1.00848	4.28493
370.619	1.00848	4.28525
370.767	1.00849	4.28557
370.916	1.00849	4.28589
371.064	1.0085	4.28621
371.212	1.0085	4.28653
371.36	1.0085	4.28685
371.508	1.00851	4.28717
371.656	1.00851	4.28749
371.804	1.00851	4.28781
371.952	1.00852	4.28813
372.101	1.00852	4.28845
372.249	1.00852	4.28877
372.397	1.00853	4.28909
372.545	1.00853	4.28941
372.693	1.00854	4.28973
372.841	1.00854	4.29005
372.989	1.00854	4.29037
373.137	1.00855	4.29069
373.286	1.00855	4.29101
373.434	1.00855	4.29134
373.582	1.00856	4.29166
373.73	1.00856	4.29198
373.878	1.00856	4.2923
374.026	1.00857	4.29262
374.174	1.00857	4.29294
374.322	1.00858	4.29326
374.471	1.00858	4.29358
374.619	1.00858	4.29391
374.767	1.00859	4.29423
374.915	1.00859	4.29455
375.063	1.00859	4.29487
375.211	1.0086	4.29519
375.359	1.0086	4.29551
375.507	1.0086	4.29584
375.656	1.00861	4.29616
375.804	1.00861	4.29648
375.952	1.00861	4.2968
376.1	1.00862	4.29712
376.248	1.00862	4.29745
376.396	1.00863	4.29777
376.544	1.00863	4.29809
376.693	1.00863	4.29841
376.841	1.00864	4.29874
376.989	1.00864	4.29906
377.137	1.00864	4.29938
377.285	1.00865	4.2997
377.433	1.00865	4.30003
377.581	1.00865	4.30035
377.729	1.00866	4.30067
377.878	1.00866	4.30099
378.026	1.00866	4.30132
378.174	1.00867	4.30164
378.322	1.00867	4.30196
378.47	1.00867	4.30229
378.618	1.00868	4.30261
378.766	1.00868	4.30293
378.914	1.00869	4.30326
379.063	1.00869	4.30358
379.211	1.00869	4.3039
379.359	1.0087	4.30423
379.507	1.0087	4.30455
379.655	1.0087	4.30487
379.803	1.00871	4.3052
379.951	1.00871	4.30552
380.099	1.00871	4.30584
380.248	1.00872	4.30617
380.396	1.00872	4.30649
380.544	1.00872	4.30682
380.692	1.00873	4.30714
380.84	1.00873	4.30746
380.988	1.00873	4.30779
381.136	1.00874	4.30811
381.285	1.00874	4.30844
381.433	1.00874	4.30876
381.581	1.00875	4.30909
381.729	1.00875	4.30941
381.877	1.00875	4.30974
382.025	1.00876	4.31006
382.173	1.00876	4.31038
382.321	1.00877	4.31071
382.47	1.00877	4.31103
382.618	1.00877	4.31136
382.766	1.00878	4.31168
382.914	1.00878	4.31201
383.062	1.00878	4.31233
383.21	1.00879	4.31266
383.358	1.00879	4.31299
383.506	1.00879	4.31331
383.655	1.0088	4.31364
383.803	1.0088	4.31396
383.951	1.0088	4.31429
384.099	1.00881	4.31461
384.247	1.00881	4.31494
384.395	1.00881	4.31526
384.543	1.00882	4.31559
384.691	1.00882	4.31592
384.84	1.00882	4.31624
384.988	1.00883	4.31657
385.136	1.00883	4.31689
385.284	1.00883	4.31722
385.432	1.00884	4.31755
385.58	1.00884	4.31787
385.728	1.00884	4.3182
385.876	1.00885	4.31852
386.025	1.00885	4.31885
386.173	1.00885	4.31918
386.321	1.00886	4.3195
386.469	1.00886	4.31983
386.617	1.00886	4.32016
386.765	1.00887	4.32048
386.913	1.00887	4.32081
387.062	1.00887	4.32114
387.21	1.00888	4.32146
387.358	1.00888	4.32179
387.506	1.00888	4.32212
387.654	1.00889	4.32245
387.802	1.00889	4.32277
387.95	1.00889	4.3231
388.098	1.0089	4.32343
388.247	1.0089	4.32375
388.395	1.0089	4.32408
388.543	1.00891	4.32441
388.691	1.00891	4.32474
388.839	1.00891	4.32506
388.987	1.00892	4.32539
389.135	1.00892	4.32572
389.283	1.00892	4.32605
389.432	1.00893	4.32638
389.58	1.00893	4.3267
389.728	1.00893	4.32703
389.876	1.00894	4.32736
390.024	1.00894	4.32769
390.172	1.00894	4.32802
390.32	1.00895	4.32835
390.468	1.00895	4.32867
390.617	1.00895	4.329
390.765	1.00896	4.32933
390.913	1.00896	4.32966
391.061	1.00896	4.32999
391.209	1.00897	4.33032
391.357	1.00897	4.33065
391.505	1.00897	4.33097
391.654	1.00898	4.3313
391.802	1.00898	4.33163
391.95	1.00898	4.33196
392.098	1.00899	4.33229
392.246	1.00899	4.33262
392.394	1.00899	4.33295
392.542	1.009	4.33328
392.69	1.009	4.33361
392.839	1.009	4.33394
392.987	1.009	4.33427
393.135	1.00901	4.3346
393.283	1.00901	4.33493
393.431	1.00901	4.33526
393.579	1.00902	4.33559
393.727	1.00902	4.33592
393.875	1.00902	4.33625
394.024	1.00903	4.33658
394.172	1.00903	4.33691
394.32	1.00903	4.33724
394.468	1.00904	4.33757
394.616	1.00904	4.3379
394.764	1.00904	4.33823
394.912	1.00905	4.33856
395.06	1.00905	4.33889
395.209	1.00905	4.33922
395.357	1.00906	4.33955
395.505	1.00906	4.33988
395.653	1.00906	4.34021
395.801	1.00907	4.34054
395.949	1.00907	4.34087
396.097	1.00907	4.3412
396.245	1.00908	4.34153
396.394	1.00908	4.34186
396.542	1.00908	4.3422
396.69	1.00908	4.34253
396.838	1.00909	4.34286
396.986	1.00909	4.34319
397.134	1.00909	4.34352
397.282	1.0091	4.34385
397.431	1.0091	4.34418
397.579	1.0091	4.34452
397.727	1.00911	4.34485
397.875	1.00911	4.34518
398.023	1.00911	4.34551
398.171	1.00912	4.34584
398.319	1.00912	4.34618
398.467	1.00912	4.34651
398.616	1.00913	4.34684
398.764	1.00913	4.34717
398.912	1.00913	4.3475
399.06	1.00913	4.34784
399.208	1.00914	4.34817
399.356	1.00914	4.3485
399.504	1.00914	4.34883
399.652	1.00915	4.34917
399.801	1.00915	4.3495
399.949	1.00915	4.34983
400.097	1.00916	4.35017
400.245	1.00916	4.3505
400.393	1.00916	4.35083
400.541	1.00917	4.35116
400.689	1.00917	4.3515
400.837	1.00917	4.35183
400.986	1.00918	4.35216
401.134	1.00918	4.3525
401.282	1.00918	4.35283
401.43	1.00918	4.35316
401.578	1.00919	4.3535
401.726	1.00919	4.35383
401.874	1.00919	4.35416
402.023	1.0092	4.3545
402.171	1.0092	4.35483
402.319	1.0092	4.35517
402.467	1.00921	4.3555
402.615	1.00921	4.35583
402.763	1.00921	4.35617
402.911	1.00922	4.3565
403.059	1.00922	4.35684
403.208	1.00922	4.35717
403.356	1.00922	4.35751
403.504	1.00923	4.35784
403.652	1.00923	4.35817
403.8	1.00923	4.35851
403.948	1.00924	4.35884
404.096	1.00924	4.35918
404.244	1.00924	4.35951
404.393	1.00925	4.35985
404.541	1.00925	4.36018
404.689	1.00925	4.36052
404.837	1.00925	4.36085
404.985	1.00926	4.36119
405.133	1.00926	4.36152
405.281	1.00926	4.36186
405.429	1.00927	4.36219
405.578	1.00927	4.36253
405.726	1.00927	4.36286
405.874	1.00928	4.3632
406.022	1.00928	4.36354
406.17	1.00928	4.36387
406.318	1.00928	4.36421
406.466	1.00929	4.36454
406.614	1.00929	4.36488
406.763	1.00929	4.36522
406.911	1.0093	4.36555
407.059	1.0093	4.36589
407.207	1.0093	4.36622
407.355	1.00931	4.36656
407.503	1.00931	4.3669
407.651	1.00931	4.36723
407.8	1.00931	4.36757
407.948	1.00932	4.36791
408.096	1.00932	4.36824
408.244	1.00932	4.36858
408.392	1.00933	4.36892
408.54	1.00933	4.36925
408.688	1.00933	4.36959
408.836	1.00933	4.36993
408.985	1.00934	4.37026
409.133	1.00934	4.3706
409.281	1.00934	4.37094
409.429	1.00935	4.37128
409.577	1.00935	4.37161
409.725	1.00935	4.37195
409.873	1.00936	4.37229
410.021	1.00936	4.37263
410.17	1.00936	4.37296
410.318	1.00936	4.3733
410.466	1.00937	4.37364
410.614	1.00937	4.37398
410.762	1.00937	4.37431
410.91	1.00938	4.37465
411.058	1.00938	4.37499
411.206	1.00938	4.37533
411.355	1.00938	4.37567
411.503	1.00939	4.37601
411.651	1.00939	4.37634
411.799	1.00939	4.37668
411.947	1.0094	4.37702
412.095	1.0094	4.37736
412.243	1.0094	4.3777
412.392	1.0094	4.37804
412.54	1.00941	4.37838
412.688	1.00941	4.37871
412.836	1.00941	4.37905
412.984	1.00942	4.37939
413.132	1.00942	4.37973
413.28	1.00942	4.38007
413.428	1.00943	4.38041
413.577	1.00943	4.38075
413.725	1.00943	4.38109
413.873	1.00943	4.38143
414.021	1.00944	4.38177
414.169	1.00944	4.38211
414.317	1.00944	4.38245
414.465	1.00945	4.38279
414.613	1.00945	4.38313
414.762	1.00945	4.38347
414.91	1.00945	4.38381
415.058	1.00946	4.38415
415.206	1.00946	4.38449
415.354	1.00946	4.38483
415.502	1.00946	4.38517
415.65	1.00947	4.38551
415.798	1.00947	4.38585
415.947	1.00947	4.38619
416.095	1.00948	4.38653
416.243	1.00948	4.38687
416.391	1.00948	4.38721
416.539	1.00948	4.38755
416.687	1.00949	4.38789
416.835	1.00949	4.38823
416.983	1.00949	4.38857
417.132	1.0095	4.38892
417.28	1.0095	4.38926
417.428	1.0095	4.3896
417.576	1.0095	4.38994
417.724	1.00951	4.39028
417.872	1.00951	4.39062
418.02	1.00951	4.39096
418.169	1.00952	4.3913
418.317	1.00952	4.39165
418.465	1.00952	4.39199
418.613	1.00952	4.39233
418.761	1.00953	4.39267
418.909	1.00953	4.39301
419.057	1.00953	4.39336
419.205	1.00953	4.3937
419.354	1.00954	4.39404
419.502	1.00954	4.39438
419.65	1.00954	4.39473
419.798	1.00955	4.39507
419.946	1.00955	4.39541
420.094	1.00955	4.39575
420.242	1.00955	4.3961
420.39	1.00956	4.39644
420.539	1.00956	4.39678
420.687	1.00956	4.39712
420.835	1.00957	4.39747
420.983	1.00957	4.39781
421.131	1.00957	4.39815
421.279	1.00957	4.3985
421.427	1.00958	4.39884
421.575	1.00958	4.39918
421.724	1.00958	4.39953
421.872	1.00958	4.39987
422.02	1.00959	4.40021
422.168	1.00959	4.40056
422.316	1.00959	4.4009
422.464	1.0096	4.40124
422.612	1.0096	4.40159
422.761	1.0096	4.40193
422.909	1.0096	4.40228
423.057	1.00961	4.40262
423.205	1.00961	4.40296
423.353	1.00961	4.40331
423.501	1.00961	4.40365
423.649	1.00962	4.404
423.797	1.00962	4.40434
423.946	1.00962	4.40469
424.094	1.00963	4.40503
424.242	1.00963	4.40538
424.39	1.00963	4.40572
424.538	1.00963	4.40607
424.686	1.00964	4.40641
424.834	1.00964	4.40676
424.982	1.00964	4.4071
425.131	1.00964	4.40745
425.279	1.00965	4.40779
425.427	1.00965	4.40814
425.575	1.00965	4.40848
425.723	1.00965	4.40883
425.871	1.00966	4.40917
426.019	1.00966	4.40952
426.167	1.00966	4.40986
426.316	1.00967	4.41021
426.464	1.00967	4.41056
426.612	1.00967	4.4109
426.76	1.00967	4.41125
426.908	1.00968	4.41159
427.056	1.00968	4.41194
427.204	1.00968	4.41229
427.353	1.00968	4.41263
427.501	1.00969	4.41298
427.649	1.00969	4.41333
427.797	1.00969	4.41367
427.945	1.00969	4.41402
428.093	1.0097	4.41437
428.241	1.0097	4.41471
428.389	1.0097	4.41506
428.538	1.0097	4.41541
428.686	1.00971	4.41575
428.834	1.00971	4.4161
428.982	1.00971	4.41645
429.13	1.00972	4.41679
429.278	1.00972	4.41714
429.426	1.00972	4.41749
429.574	1.00972	4.41784
429.723	1.00973	4.41818
429.871	1.00973	4.41853
430.019	1.00973	4.41888
430.167	1.00973	4.41923
430.315	1.00974	4.41958
430.463	1.00974	4.41992
430.611	1.00974	4.42027
430.759	1.00974	4.42062
430.908	1.00975	4.42097
431.056	1.00975	4.42132
431.204	1.00975	4.42166
431.352	1.00975	4.42201
431.5	1.00976	4.42236
431.648	1.00976	4.42271
431.796	1.00976	4.42306
431.944	1.00976	4.42341
432.093	1.00977	4.42376
432.241	1.00977	4.42411
432.389	1.00977	4.42445
432.537	1.00977	4.4248
432.685	1.00978	4.42515
432.833	1.00978	4.4255
432.981	1.00978	4.42585
433.13	1.00978	4.4262
433.278	1.00979	4.42655
433.426	1.00979	4.4269
433.574	1.00979	4.42725
433.722	1.00979	4.4276
433.87	1.0098	4.42795
434.018	1.0098	4.4283
434.166	1.0098	4.42865
434.315	1.00981	4.429
434.463	1.00981	4.42935
434.611	1.00981	4.4297
434.759	1.00981	4.43005
434.907	1.00982	4.4304
435.055	1.00982	4.43075
435.203	1.00982	4.4311
435.351	1.00982	4.43145
435.5	1.00983	4.4318
435.648	1.00983	4.43215
435.796	1.00983	4.4325
435.944	1.00983	4.43285
436.092	1.00984	4.4332
436.24	1.00984	4.43356
436.388	1.00984	4.43391
436.536	1.00984	4.43426
436.685	1.00985	4.43461
436.833	1.00985	4.43496
436.981	1.00985	4.43531
437.129	1.00985	4.43566
437.277	1.00986	4.43601
437.425	1.00986	4.43637
437.573	1.00986	4.43672
437.722	1.00986	4.43707
437.87	1.00987	4.43742
438.018	1.00987	4.43777
438.166	1.00987	4.43813
438.314	1.00987	4.43848
438.462	1.00988	4.43883
438.61	1.00988	4.43918
438.758	1.00988	4.43954
438.907	1.00988	4.43989
439.055	1.00988	4.44024
439.203	1.00989	4.44059
439.351	1.00989	4.44095
439.499	1.00989	4.4413
439.647	1.00989	4.44165
439.795	1.0099	4.442
439.943	1.0099	4.44236
440.092	1.0099	4.44271
440.24	1.0099	4.44306
440.388	1.00991	4.44342
440.536	1.00991	4.44377
440.684	1.00991	4.44412
440.832	1.00991	4.44448
440.98	1.00992	4.44483
441.128	1.00992	4.44518
441.277	1.00992	4.44554
441.425	1.00992	4.44589
441.573	1.00993	4.44625
441.721	1.00993	4.4466
441.869	1.00993	4.44695
442.017	1.00993	4.44731
442.165	1.00994	4.44766
442.313	1.00994	4.44802
442.462	1.00994	4.44837
442.61	1.00994	4.44873
442.758	1.00995	4.44908
442.906	1.00995	4.44944
443.054	1.00995	4.44979
443.202	1.00995	4.45014
443.35	1.00996	4.4505
443.499	1.00996	4.45085
443.647	1.00996	4.45121
443.795	1.00996	4.45156
443.943	1.00996	4.45192
444.091	1.00997	4.45228
444.239	1.00997	4.45263
444.387	1.00997	4.45299
444.535	1.00997	4.45334
444.684	1.00998	4.4537
444.832	1.00998	4.45405
444.98	1.00998	4.45441
445.128	1.00998	4.45477
445.276	1.00999	4.45512
445.424	1.00999	4.45548
445.572	1.00999	4.45583
445.72	1.00999	4.45619
445.869	1.01	4.45655
446.017	1.01	4.4569
446.165	1.01	4.45726
446.313	1.01	4.45762
446.461	1.01001	4.45797
446.609	1.01001	4.45833
446.757	1.01001	4.45869
446.905	1.01001	4.45904
447.054	1.01001	4.4594
447.202	1.01002	4.45976
447.35	1.01002	4.46011
447.498	1.01002	4.46047
447.646	1.01002	4.46083
447.794	1.01003	4.46119
447.942	1.01003	4.46154
448.091	1.01003	4.4619
448.239	1.01003	4.46226
448.387	1.01004	4.46262
448.535	1.01004	4.46297
448.683	1.01004	4.46333
448.831	1.01004	4.46369
448.979	1.01004	4.46405
449.127	1.01005	4.46441
449.276	1.01005	4.46476
449.424	1.01005	4.46512
449.572	1.01005	4.46548
449.72	1.01006	4.46584
449.868	1.01006	4.4662
450.016	1.01006	4.46656
450.164	1.01006	4.46692
450.312	1.01007	4.46727
450.461	1.01007	4.46763
450.609	1.01007	4.46799
450.757	1.01007	4.46835
450.905	1.01007	4.46871
451.053	1.01008	4.46907
451.201	1.01008	4.46943
451.349	1.01008	4.46979
451.497	1.01008	4.47015
451.646	1.01009	4.47051
451.794	1.01009	4.47087
451.942	1.01009	4.47123
452.09	1.01009	4.47159
452.238	1.0101	4.47195
452.386	1.0101	4.47231
452.534	1.0101	4.47267
452.682	1.0101	4.47303
452.831	1.0101	4.47339
452.979	1.01011	4.47375
453.127	1.01011	4.47411
453.275	1.01011	4.47447
453.423	1.01011	4.47483
453.571	1.01012	4.47519
453.719	1.01012	4.47555
453.868	1.01012	4.47591
454.016	1.01012	4.47627
454.164	1.01012	4.47663
454.312	1.01013	4.47699
454.46	1.01013	4.47736
454.608	1.01013	4.47772
454.756	1.01013	4.47808
454.904	1.01014	4.47844
455.053	1.01014	4.4788
455.201	1.01014	4.47916
455.349	1.01014	4.47952
455.497	1.01014	4.47989
455.645	1.01015	4.48025
455.793	1.01015	4.48061
455.941	1.01015	4.48097
456.089	1.01015	4.48133
456.238	1.01016	4.4817
456.386	1.01016	4.48206
456.534	1.01016	4.48242
456.682	1.01016	4.48278
456.83	1.01016	4.48315
456.978	1.01017	4.48351
457.126	1.01017	4.48387
457.274	1.01017	4.48423
457.423	1.01017	4.4846
457.571	1.01018	4.48496
457.719	1.01018	4.48532
457.867	1.01018	4.48569
458.015	1.01018	4.48605
458.163	1.01018	4.48641
458.311	1.01019	4.48678
458.46	1.01019	4.48714
458.608	1.01019	4.4875
458.756	1.01019	4.48787
458.904	1.01019	4.48823
459.052	1.0102	4.4886
459.2	1.0102	4.48896
459.348	1.0102	4.48932
459.496	1.0102	4.48969
459.645	1.01021	4.49005
459.793	1.01021	4.49042
459.941	1.01021	4.49078
460.089	1.01021	4.49114
460.237	1.01021	4.49151
460.385	1.01022	4.49187
460.533	1.01022	4.49224
460.681	1.01022	4.4926
460.83	1.01022	4.49297
460.978	1.01023	4.49333
461.126	1.01023	4.4937
461.274	1.01023	4.49406
461.422	1.01023	4.49443
461.57	1.01023	4.49479
461.718	1.01024	4.49516
461.866	1.01024	4.49552
462.015	1.01024	4.49589
462.163	1.01024	4.49626
462.311	1.01024	4.49662
462.459	1.01025	4.49699
462.607	1.01025	4.49735
462.755	1.01025	4.49772
462.903	1.01025	4.49809
463.051	1.01025	4.49845
463.2	1.01026	4.49882
463.348	1.01026	4.49919
463.496	1.01026	4.49955
463.644	1.01026	4.49992
463.792	1.01027	4.50028
463.94	1.01027	4.50065
464.088	1.01027	4.50102
464.237	1.01027	4.50139
464.385	1.01027	4.50175
464.533	1.01028	4.50212
464.681	1.01028	4.50249
464.829	1.01028	4.50285
464.977	1.01028	4.50322
465.125	1.01028	4.50359
465.273	1.01029	4.50396
465.422	1.01029	4.50432
465.57	1.01029	4.50469
465.718	1.01029	4.50506
465.866	1.01029	4.50543
466.014	1.0103	4.5058
466.162	1.0103	4.50616
466.31	1.0103	4.50653
466.458	1.0103	4.5069
466.607	1.01031	4.50727
466.755	1.01031	4.50764
466.903	1.01031	4.50801
467.051	1.01031	4.50837
467.199	1.01031	4.50874
467.347	1.01032	4.50911
467.495	1.01032	4.50948
467.643	1.01032	4.50985
467.792	1.01032	4.51022
467.94	1.01032	4.51059
468.088	1.01033	4.51096
468.236	1.01033	4.51133
468.384	1.01033	4.5117
468.532	1.01033	4.51206
468.68	1.01033	4.51243
468.829	1.01034	4.5128
468.977	1.01034	4.51317
469.125	1.01034	4.51354
469.273	1.01034	4.51391
469.421	1.01034	4.51428
469.569	1.01035	4.51465
469.717	1.01035	4.51502
469.865	1.01035	4.51539
470.014	1.01035	4.51577
470.162	1.01035	4.51614
470.31	1.01036	4.51651
470.458	1.01036	4.51688
470.606	1.01036	4.51725
470.754	1.01036	4.51762
470.902	1.01036	4.51799
471.05	1.01037	4.51836
471.199	1.01037	4.51873
471.347	1.01037	4.5191
471.495	1.01037	4.51947
471.643	1.01037	4.51985
471.791	1.01038	4.52022
471.939	1.01038	4.52059
472.087	1.01038	4.52096
472.235	1.01038	4.52133
472.384	1.01038	4.5217
472.532	1.01039	4.52208
472.68	1.01039	4.52245
472.828	1.01039	4.52282
472.976	1.01039	4.52319
473.124	1.01039	4.52356
473.272	1.0104	4.52394
473.42	1.0104	4.52431
473.569	1.0104	4.52468
473.717	1.0104	4.52505
473.865	1.0104	4.52543
474.013	1.01041	4.5258
474.161	1.01041	4.52617
474.309	1.01041	4.52655
474.457	1.01041	4.52692
474.606	1.01041	4.52729
474.754	1.01042	4.52767
474.902	1.01042	4.52804
475.05	1.01042	4.52841
475.198	1.01042	4.52879
475.346	1.01042	4.52916
475.494	1.01043	4.52953
475.642	1.01043	4.52991
475.791	1.01043	4.53028
475.939	1.01043	4.53066
476.087	1.01043	4.53103
476.235	1.01044	4.5314
476.383	1.01044	4.53178
476.531	1.01044	4.53215
476.679	1.01044	4.53253
476.827	1.01044	4.5329
476.976	1.01044	4.53328
477.124	1.01045	4.53365
477.272	1.01045	4.53403
477.42	1.01045	4.5344
477.568	1.01045	4.53478
477.716	1.01045	4.53515
477.864	1.01046	4.53553
478.012	1.01046	4.5359
478.161	1.01046	4.53628
478.309	1.01046	4.53665
478.457	1.01046	4.53703
478.605	1.01047	4.53741
478.753	1.01047	4.53778
478.901	1.01047	4.53816
479.049	1.01047	4.53853
479.198	1.01047	4.53891
479.346	1.01048	4.53929
479.494	1.01048	4.53966
479.642	1.01048	4.54004
479.79	1.01048	4.54041
479.938	1.01048	4.54079
480.086	1.01048	4.54117
480.234	1.01049	4.54154
480.383	1.01049	4.54192
480.531	1.01049	4.5423
480.679	1.01049	4.54268
480.827	1.01049	4.54305
480.975	1.0105	4.54343
481.123	1.0105	4.54381
481.271	1.0105	4.54418
481.419	1.0105	4.54456
481.568	1.0105	4.54494
481.716	1.01051	4.54532
481.864	1.01051	4.5457
482.012	1.01051	4.54607
482.16	1.01051	4.54645
482.308	1.01051	4.54683
482.456	1.01051	4.54721
482.604	1.01052	4.54759
482.753	1.01052	4.54796
482.901	1.01052	4.54834
483.049	1.01052	4.54872
483.197	1.01052	4.5491
483.345	1.01053	4.54948
483.493	1.01053	4.54986
483.641	1.01053	4.55024
483.789	1.01053	4.55062
483.938	1.01053	4.55099
484.086	1.01054	4.55137
484.234	1.01054	4.55175
484.382	1.01054	4.55213
484.53	1.01054	4.55251
484.678	1.01054	4.55289
484.826	1.01054	4.55327
484.975	1.01055	4.55365
485.123	1.01055	4.55403
485.271	1.01055	4.55441
485.419	1.01055	4.55479
485.567	1.01055	4.55517
485.715	1.01056	4.55555
485.863	1.01056	4.55593
486.011	1.01056	4.55631
486.16	1.01056	4.55669
486.308	1.01056	4.55707
486.456	1.01056	4.55745
486.604	1.01057	4.55783
486.752	1.01057	4.55822
486.9	1.01057	4.5586
487.048	1.01057	4.55898
487.196	1.01057	4.55936
487.345	1.01058	4.55974
487.493	1.01058	4.56012
487.641	1.01058	4.5605
487.789	1.01058	4.56088
487.937	1.01058	4.56127
488.085	1.01058	4.56165
488.233	1.01059	4.56203
488.381	1.01059	4.56241
488.53	1.01059	4.56279
488.678	1.01059	4.56318
488.826	1.01059	4.56356
488.974	1.01059	4.56394
489.122	1.0106	4.56432
489.27	1.0106	4.56471
489.418	1.0106	4.56509
489.567	1.0106	4.56547
489.715	1.0106	4.56585
489.863	1.01061	4.56624
490.011	1.01061	4.56662
490.159	1.01061	4.567
490.307	1.01061	4.56739
490.455	1.01061	4.56777
490.603	1.01061	4.56815
490.752	1.01062	4.56854
490.9	1.01062	4.56892
491.048	1.01062	4.5693
491.196	1.01062	4.56969
491.344	1.01062	4.57007
491.492	1.01062	4.57046
491.64	1.01063	4.57084
491.788	1.01063	4.57122
491.937	1.01063	4.57161
492.085	1.01063	4.57199
492.233	1.01063	4.57238
492.381	1.01064	4.57276
492.529	1.01064	4.57315
492.677	1.01064	4.57353
492.825	1.01064	4.57392
492.973	1.01064	4.5743
493.122	1.01064	4.57469
493.27	1.01065	4.57507
493.418	1.01065	4.57546
493.566	1.01065	4.57584
493.714	1.01065	4.57623
493.862	1.01065	4.57661
494.01	1.01065	4.577
494.158	1.01066	4.57739
494.307	1.01066	4.57777
494.455	1.01066	4.57816
494.603	1.01066	4.57854
494.751	1.01066	4.57893
494.899	1.01066	4.57932
495.047	1.01067	4.5797
495.195	1.01067	4.58009
495.344	1.01067	4.58048
495.492	1.01067	4.58086
495.64	1.01067	4.58125
495.788	1.01067	4.58164
495.936	1.01068	4.58202
496.084	1.01068	4.58241
496.232	1.01068	4.5828
496.38	1.01068	4.58318
496.529	1.01068	4.58357
496.677	1.01068	4.58396
496.825	1.01069	4.58435
496.973	1.01069	4.58473
497.121	1.01069	4.58512
497.269	1.01069	4.58551
497.417	1.01069	4.5859
497.565	1.01069	4.58629
497.714	1.0107	4.58667
497.862	1.0107	4.58706
498.01	1.0107	4.58745
498.158	1.0107	4.58784
498.306	1.0107	4.58823
498.454	1.0107	4.58862
498.602	1.01071	4.58901
498.75	1.01071	4.58939
498.899	1.01071	4.58978
499.047	1.01071	4.59017
499.195	1.01071	4.59056
499.343	1.01071	4.59095
499.491	1.01072	4.59134
499.639	1.01072	4.59173
499.787	1.01072	4.59212
499.936	1.01072	4.59251
