0	1.00149	3.55791
0	1.00149	3.55791
0.331226	1.0023	3.55931
0.662451	1.00422	3.56266
0.996989	1.0064	3.56659
1.32821	1.00808	3.56969
1.65944	1.00891	3.57134
1.99067	1.00885	3.57146
2.31858	1.00813	3.57051
2.6498	1.0071	3.56909
2.98103	1.00609	3.56779
3.31226	1.0053	3.56695
3.64348	1.00481	3.56668
3.97471	1.00457	3.56692
4.30593	1.00449	3.56753
4.63716	1.00444	3.56825
4.96838	1.00428	3.56882
5.29961	1.00395	3.56914
5.63084	1.00346	3.56921
5.96206	1.00285	3.56914
6.29329	1.00218	3.569
6.62451	1.00148	3.56887
6.95574	1.0008	3.56879
7.28696	1.00014	3.56881
7.61819	0.999518	3.56893
7.94941	0.998904	3.56912
8.28064	0.998273	3.56931
8.61187	0.997606	3.56947
8.94309	0.996901	3.56959
9.27432	0.996159	3.56968
9.60554	0.995385	3.56975
9.93677	0.994587	3.5698
10.268	0.993773	3.56985
10.5992	0.992951	3.56991
10.9304	0.992127	3.56999
11.2617	0.991299	3.57008
11.5929	0.990463	3.57018
11.9241	0.989617	3.57028
12.2553	0.98876	3.57038
12.5866	0.987893	3.57048
12.9178	0.987014	3.57056
13.249	0.986125	3.57065
13.5803	0.985229	3.57072
13.9115	0.984327	3.5708
14.2427	0.983422	3.57088
14.5739	0.982514	3.57097
14.9052	0.981604	3.57105
15.2364	0.980692	3.57114
15.5676	0.979778	3.57122
15.8988	0.978863	3.5713
16.2301	0.977946	3.57139
16.5613	0.977028	3.57147
16.8925	0.97611	3.57155
17.2237	0.975193	3.57163
17.555	0.974277	3.57171
17.8895	0.973354	3.57178
18.2207	0.972443	3.57186
18.5519	0.971535	3.57194
18.8832	0.970629	3.57202
19.2144	0.969728	3.57209
19.5456	0.96883	3.57217
19.8768	0.967937	3.57224
20.2081	0.967049	3.57232
20.5393	0.966165	3.57239
20.8705	0.965287	3.57246
21.2018	0.964415	3.57254
21.533	0.963548	3.57261
21.8642	0.962688	3.57268
22.1954	0.961835	3.57275
22.5267	0.960989	3.57282
22.8579	0.960149	3.57289
23.1891	0.959317	3.57295
23.5203	0.958493	3.57302
23.8516	0.957676	3.57309
24.1828	0.956867	3.57315
24.514	0.956066	3.57322
24.8452	0.955273	3.57328
25.1765	0.954489	3.57335
25.5077	0.953713	3.57341
25.8389	0.952946	3.57347
26.1701	0.952187	3.57353
26.5014	0.951437	3.57359
26.8326	0.950697	3.57365
27.1638	0.949965	3.57371
27.495	0.949242	3.57377
27.8263	0.948529	3.57383
28.1575	0.947824	3.57389
28.4887	0.947129	3.57395
28.8199	0.946443	3.574
29.1512	0.945766	3.57406
29.4824	0.945099	3.57411
29.8136	0.94444	3.57417
30.1448	0.943792	3.57422
30.4761	0.943152	3.57427
30.8073	0.942522	3.57433
31.1385	0.941901	3.57438
31.4697	0.941289	3.57443
31.801	0.940686	3.57448
32.1322	0.940093	3.57453
32.4634	0.939509	3.57458
32.7946	0.938934	3.57463
33.1259	0.938368	3.57468
33.4571	0.93781	3.57473
33.7883	0.937262	3.57478
34.1196	0.936723	3.57482
34.4508	0.936193	3.57487
34.782	0.935671	3.57492
35.1132	0.935158	3.57496
35.4445	0.934654	3.57501
35.7757	0.934158	3.57505
36.1069	0.93367	3.57509
36.4381	0.933192	3.57514
36.7694	0.932721	3.57518
37.1006	0.932258	3.57522
37.4318	0.931804	3.57527
37.763	0.931358	3.57531
38.0943	0.93092	3.57535
38.4255	0.930489	3.57539
38.7567	0.930067	3.57543
39.0879	0.929652	3.57547
39.4192	0.929244	3.57551
39.7504	0.928844	3.57555
40.0816	0.928452	3.57559
40.4128	0.928067	3.57563
40.7441	0.927689	3.57567
41.0753	0.927318	3.5757
41.4065	0.926954	3.57574
41.7377	0.926597	3.57578
42.069	0.926247	3.57581
42.4002	0.925903	3.57585
42.7314	0.925567	3.57589
43.0626	0.925236	3.57592
43.3939	0.924913	3.57596
43.7251	0.924595	3.57599
44.0563	0.924284	3.57603
44.3875	0.923979	3.57606
44.7188	0.92368	3.5761
45.05	0.923387	3.57613
45.3812	0.923099	3.57616
45.7124	0.922818	3.5762
46.0437	0.922542	3.57623
46.3749	0.922272	3.57626
46.7061	0.922007	3.5763
47.0374	0.921748	3.57633
47.3686	0.921493	3.57636
47.6998	0.921245	3.57639
48.031	0.921001	3.57642
48.3623	0.920762	3.57646
48.6935	0.920528	3.57649
49.0247	0.920299	3.57652
49.3559	0.920075	3.57655
49.6872	0.919856	3.57658
50.0184	0.919641	3.57661
50.3496	0.91943	3.57664
50.6808	0.919225	3.57667
51.0121	0.919023	3.5767
51.3433	0.918826	3.57673
51.6745	0.918633	3.57676
52.0057	0.918444	3.57678
52.337	0.918259	3.57681
52.6682	0.918078	3.57684
52.9994	0.917901	3.57687
53.3306	0.917728	3.5769
53.6619	0.917558	3.57693
53.9931	0.917392	3.57695
54.3243	0.91723	3.57698
54.6555	0.917072	3.57701
54.9868	0.916916	3.57704
55.318	0.916765	3.57706
55.6492	0.916616	3.57709
55.9804	0.916471	3.57712
56.3117	0.916329	3.57714
56.6429	0.91619	3.57717
56.9741	0.916055	3.5772
57.3053	0.915922	3.57722
57.6366	0.915792	3.57725
57.9678	0.915666	3.57728
58.299	0.915542	3.5773
58.6302	0.915421	3.57733
58.9615	0.915302	3.57735
59.2927	0.915186	3.57738
59.6239	0.915073	3.5774
59.9552	0.914963	3.57743
60.2864	0.914855	3.57746
60.6176	0.914749	3.57748
60.9488	0.914646	3.57751
61.2801	0.914545	3.57753
61.6113	0.914447	3.57756
61.9425	0.914351	3.57758
62.2737	0.914257	3.5776
62.605	0.914165	3.57763
62.9362	0.914076	3.57765
63.2674	0.913988	3.57768
63.5986	0.913903	3.5777
63.9299	0.913819	3.57773
64.2611	0.913738	3.57775
64.5923	0.913658	3.57777
64.9235	0.913581	3.5778
65.2548	0.913505	3.57782
65.586	0.913431	3.57785
65.9172	0.913359	3.57787
66.2484	0.913288	3.57789
66.5797	0.913219	3.57792
66.9109	0.913152	3.57794
67.2421	0.913087	3.57796
67.5733	0.913023	3.57799
67.9046	0.91296	3.57801
68.2358	0.912899	3.57803
68.567	0.91284	3.57806
68.8982	0.912782	3.57808
69.2295	0.912726	3.5781
69.5607	0.912671	3.57812
69.8919	0.912617	3.57815
70.2231	0.912564	3.57817
70.5544	0.912513	3.57819
70.8856	0.912464	3.57822
71.2168	0.912415	3.57824
71.548	0.912368	3.57826
71.8793	0.912322	3.57828
72.2105	0.912277	3.57831
72.5417	0.912233	3.57833
72.8729	0.91219	3.57835
73.2042	0.912149	3.57837
73.5354	0.912108	3.57839
73.8666	0.912069	3.57842
74.1979	0.91203	3.57844
74.5291	0.911993	3.57846
74.8603	0.911957	3.57848
75.1915	0.911921	3.5785
75.5228	0.911887	3.57853
75.854	0.911853	3.57855
76.1852	0.91182	3.57857
76.5164	0.911788	3.57859
76.8477	0.911758	3.57861
77.1789	0.911727	3.57864
77.5068	0.911698	3.57866
77.838	0.91167	3.57868
78.1692	0.911642	3.5787
78.5005	0.911615	3.57872
78.8317	0.911589	3.57874
79.1629	0.911564	3.57877
79.4941	0.911539	3.57879
79.8254	0.911515	3.57881
80.1566	0.911492	3.57883
80.4878	0.911469	3.57885
80.8191	0.911447	3.57887
81.1503	0.911426	3.57889
81.4815	0.911405	3.57892
81.8127	0.911385	3.57894
82.144	0.911366	3.57896
82.4752	0.911347	3.57898
82.8064	0.911329	3.579
83.1376	0.911311	3.57902
83.4689	0.911294	3.57904
83.8001	0.911277	3.57906
84.1313	0.911261	3.57909
84.4625	0.911246	3.57911
84.7938	0.91123	3.57913
85.125	0.911216	3.57915
85.4562	0.911202	3.57917
85.7874	0.911188	3.57919
86.1187	0.911175	3.57921
86.4499	0.911162	3.57923
86.7811	0.91115	3.57925
87.1123	0.911138	3.57928
87.4436	0.911127	3.5793
87.7748	0.911116	3.57932
88.106	0.911105	3.57934
88.4372	0.911095	3.57936
88.7685	0.911085	3.57938
89.0997	0.911076	3.5794
89.4309	0.911067	3.57942
89.7621	0.911058	3.57944
90.0934	0.911049	3.57946
90.4246	0.911041	3.57948
90.7558	0.911034	3.57951
91.087	0.911026	3.57953
91.4183	0.911019	3.57955
91.7495	0.911013	3.57957
92.0807	0.911006	3.57959
92.4119	0.911	3.57961
92.7432	0.910994	3.57963
93.0744	0.910989	3.57965
93.4056	0.910983	3.57967
93.7369	0.910978	3.57969
94.0681	0.910974	3.57971
94.3993	0.910969	3.57973
94.7305	0.910965	3.57975
95.0618	0.910961	3.57977
95.393	0.910957	3.57979
95.7242	0.910954	3.57982
96.0554	0.910951	3.57984
96.3867	0.910948	3.57986
96.7179	0.910945	3.57988
97.0491	0.910942	3.5799
97.3803	0.91094	3.57992
97.7116	0.910938	3.57994
98.0428	0.910936	3.57996
98.374	0.910934	3.57998
98.7052	0.910932	3.58
99.0365	0.910931	3.58002
99.3677	0.91093	3.58004
99.6989	0.910929	3.58006
100.03	0.910928	3.58008
100.361	0.910927	3.5801
100.693	0.910927	3.58012
101.024	0.910926	3.58014
101.355	0.910926	3.58016
101.686	0.910926	3.58018
102.017	0.910926	3.58021
102.349	0.910927	3.58023
102.68	0.910927	3.58025
103.011	0.910928	3.58027
103.342	0.910928	3.58029
103.674	0.910929	3.58031
104.005	0.91093	3.58033
104.336	0.910931	3.58035
104.667	0.910933	3.58037
104.999	0.910934	3.58039
105.33	0.910936	3.58041
105.661	0.910937	3.58043
105.992	0.910939	3.58045
106.323	0.910941	3.58047
106.655	0.910943	3.58049
106.986	0.910945	3.58051
107.317	0.910947	3.58053
107.648	0.910949	3.58055
107.98	0.910952	3.58057
108.311	0.910954	3.58059
108.642	0.910957	3.58061
108.973	0.910959	3.58063
109.304	0.910962	3.58065
109.636	0.910965	3.58067
109.967	0.910968	3.58069
110.298	0.910971	3.58071
110.629	0.910974	3.58073
110.961	0.910977	3.58076
111.292	0.91098	3.58078
111.623	0.910984	3.5808
111.954	0.910987	3.58082
112.285	0.910991	3.58084
112.617	0.910994	3.58086
112.948	0.910998	3.58088
113.279	0.911002	3.5809
113.61	0.911005	3.58092
113.942	0.911009	3.58094
114.273	0.911013	3.58096
114.604	0.911017	3.58098
114.935	0.911021	3.581
115.267	0.911025	3.58102
115.598	0.911029	3.58104
115.929	0.911034	3.58106
116.26	0.911038	3.58108
116.591	0.911042	3.5811
116.923	0.911046	3.58112
117.254	0.911051	3.58114
117.585	0.911055	3.58116
117.916	0.91106	3.58118
118.248	0.911064	3.5812
118.579	0.911069	3.58122
118.91	0.911074	3.58124
119.241	0.911078	3.58126
119.572	0.911083	3.58128
119.904	0.911088	3.5813
120.235	0.911093	3.58132
120.566	0.911098	3.58134
120.897	0.911102	3.58136
121.229	0.911107	3.58138
121.56	0.911112	3.5814
121.891	0.911117	3.58142
122.222	0.911122	3.58144
122.553	0.911128	3.58146
122.885	0.911133	3.58148
123.216	0.911138	3.5815
123.547	0.911143	3.58152
123.878	0.911148	3.58154
124.21	0.911153	3.58156
124.541	0.911159	3.58159
124.872	0.911164	3.58161
125.203	0.911169	3.58163
125.535	0.911175	3.58165
125.866	0.91118	3.58167
126.197	0.911186	3.58169
126.528	0.911191	3.58171
126.859	0.911196	3.58173
127.191	0.911202	3.58175
127.522	0.911207	3.58177
127.853	0.911213	3.58179
128.184	0.911219	3.58181
128.516	0.911224	3.58183
128.847	0.91123	3.58185
129.178	0.911235	3.58187
129.509	0.911241	3.58189
129.84	0.911247	3.58191
130.172	0.911252	3.58193
130.503	0.911258	3.58195
130.834	0.911264	3.58197
131.165	0.91127	3.58199
131.497	0.911275	3.58201
131.828	0.911281	3.58203
132.159	0.911287	3.58205
132.49	0.911293	3.58207
132.821	0.911299	3.58209
133.153	0.911304	3.58211
133.484	0.91131	3.58213
133.815	0.911316	3.58215
134.146	0.911322	3.58217
134.478	0.911328	3.58219
134.809	0.911334	3.58221
135.14	0.91134	3.58223
135.471	0.911346	3.58225
135.803	0.911352	3.58227
136.134	0.911358	3.58229
136.465	0.911364	3.58231
136.796	0.91137	3.58233
137.127	0.911376	3.58235
137.459	0.911382	3.58237
137.79	0.911388	3.58239
138.121	0.911394	3.58241
138.452	0.9114	3.58243
138.784	0.911406	3.58245
139.115	0.911412	3.58247
139.446	0.911418	3.58249
139.777	0.911424	3.58251
140.108	0.91143	3.58253
140.44	0.911436	3.58255
140.771	0.911442	3.58257
141.102	0.911448	3.58259
141.433	0.911454	3.58261
141.765	0.911461	3.58263
142.096	0.911467	3.58265
142.427	0.911473	3.58267
142.758	0.911479	3.58269
143.089	0.911485	3.58271
143.421	0.911491	3.58273
143.752	0.911497	3.58276
144.083	0.911504	3.58278
144.414	0.91151	3.5828
144.746	0.911516	3.58282
145.077	0.911522	3.58284
145.408	0.911528	3.58286
145.739	0.911535	3.58288
146.071	0.911541	3.5829
146.402	0.911547	3.58292
146.733	0.911553	3.58294
147.064	0.911559	3.58296
147.395	0.911566	3.58298
147.727	0.911572	3.583
148.058	0.911578	3.58302
148.389	0.911584	3.58304
148.72	0.911591	3.58306
149.052	0.911597	3.58308
149.383	0.911603	3.5831
149.714	0.911609	3.58312
150.045	0.911616	3.58314
150.376	0.911622	3.58316
150.708	0.911628	3.58318
151.039	0.911634	3.5832
151.37	0.911641	3.58322
151.701	0.911647	3.58324
152.033	0.911653	3.58326
152.364	0.911659	3.58328
152.695	0.911666	3.5833
153.026	0.911672	3.58332
153.357	0.911678	3.58334
153.689	0.911684	3.58336
154.02	0.911691	3.58338
154.351	0.911697	3.5834
154.682	0.911703	3.58342
155.014	0.91171	3.58344
155.345	0.911716	3.58346
155.676	0.911722	3.58348
156.007	0.911728	3.5835
156.338	0.911735	3.58352
156.67	0.911741	3.58354
157.001	0.911747	3.58356
157.332	0.911754	3.58358
157.663	0.91176	3.5836
157.995	0.911766	3.58362
158.326	0.911773	3.58364
158.657	0.911779	3.58366
158.988	0.911785	3.58368
159.32	0.911791	3.5837
159.651	0.911798	3.58372
159.982	0.911804	3.58374
160.317	0.91181	3.58376
160.648	0.911817	3.58378
160.979	0.911823	3.5838
161.31	0.911829	3.58382
161.641	0.911836	3.58384
161.973	0.911842	3.58386
162.304	0.911848	3.58388
162.635	0.911855	3.5839
162.966	0.911861	3.58392
163.298	0.911867	3.58394
163.629	0.911874	3.58396
163.96	0.91188	3.58398
164.291	0.911886	3.584
164.622	0.911892	3.58402
164.954	0.911899	3.58404
165.285	0.911905	3.58406
165.616	0.911911	3.58408
165.947	0.911918	3.5841
166.279	0.911924	3.58412
166.61	0.91193	3.58414
166.941	0.911937	3.58416
167.272	0.911943	3.58418
167.603	0.911949	3.58421
167.935	0.911956	3.58423
168.266	0.911962	3.58425
168.597	0.911968	3.58427
168.928	0.911974	3.58429
169.26	0.911981	3.58431
169.591	0.911987	3.58433
169.922	0.911993	3.58435
170.253	0.912	3.58437
170.585	0.912006	3.58439
170.916	0.912012	3.58441
171.247	0.912019	3.58443
171.578	0.912025	3.58445
171.909	0.912031	3.58447
172.241	0.912038	3.58449
172.572	0.912044	3.58451
172.903	0.91205	3.58453
173.234	0.912056	3.58455
173.566	0.912063	3.58457
173.897	0.912069	3.58459
174.228	0.912075	3.58461
174.559	0.912082	3.58463
174.89	0.912088	3.58465
175.222	0.912094	3.58467
175.553	0.912101	3.58469
175.884	0.912107	3.58471
176.215	0.912113	3.58473
176.547	0.912119	3.58475
176.878	0.912126	3.58477
177.209	0.912132	3.58479
177.54	0.912138	3.58481
177.871	0.912145	3.58483
178.203	0.912151	3.58485
178.534	0.912157	3.58487
178.865	0.912163	3.58489
179.196	0.91217	3.58491
179.528	0.912176	3.58493
179.859	0.912182	3.58495
180.19	0.912189	3.58497
180.521	0.912195	3.58499
180.853	0.912201	3.58501
181.184	0.912207	3.58503
181.515	0.912214	3.58505
181.846	0.91222	3.58507
182.177	0.912226	3.58509
182.509	0.912233	3.58511
182.84	0.912239	3.58513
183.171	0.912245	3.58515
183.502	0.912251	3.58517
183.834	0.912258	3.58519
184.165	0.912264	3.58521
184.496	0.91227	3.58523
184.827	0.912277	3.58525
185.158	0.912283	3.58527
185.49	0.912289	3.58529
185.821	0.912295	3.58531
186.152	0.912302	3.58533
186.483	0.912308	3.58535
186.815	0.912314	3.58537
187.146	0.91232	3.58539
187.477	0.912327	3.58541
187.808	0.912333	3.58543
188.139	0.912339	3.58545
188.471	0.912346	3.58547
188.802	0.912352	3.58549
189.133	0.912358	3.58551
189.464	0.912364	3.58553
189.796	0.912371	3.58555
190.127	0.912377	3.58557
190.458	0.912383	3.58559
190.789	0.912389	3.58561
191.12	0.912396	3.58563
191.452	0.912402	3.58565
191.783	0.912408	3.58567
192.114	0.912414	3.58569
192.445	0.912421	3.58571
192.777	0.912427	3.58573
193.108	0.912433	3.58575
193.439	0.912439	3.58577
193.77	0.912446	3.58579
194.102	0.912452	3.58582
194.433	0.912458	3.58584
194.764	0.912464	3.58586
195.095	0.912471	3.58588
195.426	0.912477	3.5859
195.758	0.912483	3.58592
196.089	0.912489	3.58594
196.42	0.912496	3.58596
196.751	0.912502	3.58598
197.083	0.912508	3.586
197.414	0.912514	3.58602
197.745	0.912521	3.58604
198.076	0.912527	3.58606
198.407	0.912533	3.58608
198.739	0.912539	3.5861
199.07	0.912545	3.58612
199.401	0.912552	3.58614
199.732	0.912558	3.58616
200.064	0.912564	3.58618
200.395	0.91257	3.5862
200.726	0.912577	3.58622
201.057	0.912583	3.58624
201.388	0.912589	3.58626
201.72	0.912595	3.58628
202.051	0.912602	3.5863
202.382	0.912608	3.58632
202.713	0.912614	3.58634
203.045	0.91262	3.58636
203.376	0.912626	3.58638
203.707	0.912633	3.5864
204.038	0.912639	3.58642
204.37	0.912645	3.58644
204.701	0.912651	3.58646
205.032	0.912658	3.58648
205.363	0.912664	3.5865
205.694	0.91267	3.58652
206.026	0.912676	3.58654
206.357	0.912682	3.58656
206.688	0.912689	3.58658
207.019	0.912695	3.5866
207.351	0.912701	3.58662
207.682	0.912707	3.58664
208.013	0.912713	3.58666
208.344	0.91272	3.58668
208.675	0.912726	3.5867
209.007	0.912732	3.58672
209.338	0.912738	3.58674
209.669	0.912745	3.58676
210	0.912751	3.58678
210.332	0.912757	3.5868
210.663	0.912763	3.58682
210.994	0.912769	3.58684
211.325	0.912776	3.58686
211.656	0.912782	3.58688
211.988	0.912788	3.5869
212.319	0.912794	3.58692
212.65	0.9128	3.58694
212.981	0.912807	3.58696
213.313	0.912813	3.58698
213.644	0.912819	3.587
213.975	0.912825	3.58702
214.306	0.912831	3.58704
214.638	0.912838	3.58706
214.969	0.912844	3.58708
215.3	0.91285	3.5871
215.631	0.912856	3.58712
215.962	0.912862	3.58714
216.294	0.912868	3.58716
216.625	0.912875	3.58718
216.956	0.912881	3.5872
217.287	0.912887	3.58722
217.619	0.912893	3.58724
217.95	0.912899	3.58726
218.281	0.912906	3.58728
218.612	0.912912	3.5873
218.943	0.912918	3.58732
219.275	0.912924	3.58734
219.606	0.91293	3.58736
219.937	0.912937	3.58738
220.268	0.912943	3.5874
220.6	0.912949	3.58742
220.931	0.912955	3.58744
221.262	0.912961	3.58746
221.593	0.912967	3.58748
221.924	0.912974	3.58751
222.256	0.91298	3.58753
222.587	0.912986	3.58755
222.918	0.912992	3.58757
223.249	0.912998	3.58759
223.581	0.913004	3.58761
223.912	0.913011	3.58763
224.243	0.913017	3.58765
224.574	0.913023	3.58767
224.906	0.913029	3.58769
225.237	0.913035	3.58771
225.568	0.913042	3.58773
225.899	0.913048	3.58775
226.23	0.913054	3.58777
226.562	0.91306	3.58779
226.893	0.913066	3.58781
227.224	0.913072	3.58783
227.555	0.913079	3.58785
227.887	0.913085	3.58787
228.218	0.913091	3.58789
228.549	0.913097	3.58791
228.88	0.913103	3.58793
229.211	0.913109	3.58795
229.543	0.913115	3.58797
229.874	0.913122	3.58799
230.205	0.913128	3.58801
230.536	0.913134	3.58803
230.868	0.91314	3.58805
231.199	0.913146	3.58807
231.53	0.913152	3.58809
231.861	0.913159	3.58811
232.192	0.913165	3.58813
232.524	0.913171	3.58815
232.855	0.913177	3.58817
233.186	0.913183	3.58819
233.517	0.913189	3.58821
233.849	0.913196	3.58823
234.18	0.913202	3.58825
234.511	0.913208	3.58827
234.842	0.913214	3.58829
235.174	0.91322	3.58831
235.505	0.913226	3.58833
235.836	0.913232	3.58835
236.167	0.913239	3.58837
236.498	0.913245	3.58839
236.83	0.913251	3.58841
237.161	0.913257	3.58843
237.492	0.913263	3.58845
237.823	0.913269	3.58847
238.155	0.913275	3.58849
238.486	0.913282	3.58851
238.817	0.913288	3.58853
239.148	0.913294	3.58855
239.479	0.9133	3.58857
239.811	0.913306	3.58859
240.142	0.913312	3.58861
240.473	0.913318	3.58863
240.804	0.913325	3.58865
241.136	0.913331	3.58867
241.467	0.913337	3.58869
241.798	0.913343	3.58871
242.129	0.913349	3.58873
242.46	0.913355	3.58875
242.792	0.913361	3.58877
243.123	0.913368	3.58879
243.454	0.913374	3.58881
243.785	0.91338	3.58883
244.117	0.913386	3.58885
244.448	0.913392	3.58887
244.779	0.913398	3.58889
245.11	0.913404	3.58891
245.442	0.91341	3.58893
245.773	0.913417	3.58895
246.104	0.913423	3.58897
246.435	0.913429	3.58899
246.766	0.913435	3.58901
247.098	0.913441	3.58903
247.429	0.913447	3.58905
247.76	0.913453	3.58907
248.091	0.91346	3.58909
248.423	0.913466	3.58911
248.754	0.913472	3.58913
249.085	0.913478	3.58915
249.416	0.913484	3.58917
249.747	0.91349	3.58919
250.079	0.913496	3.58921
250.41	0.913502	3.58924
250.741	0.913509	3.58926
251.072	0.913515	3.58928
251.404	0.913521	3.5893
251.735	0.913527	3.58932
252.066	0.913533	3.58934
252.397	0.913539	3.58936
252.728	0.913545	3.58938
253.06	0.913551	3.5894
253.391	0.913558	3.58942
253.722	0.913564	3.58944
254.053	0.91357	3.58946
254.385	0.913576	3.58948
254.716	0.913582	3.5895
255.047	0.913588	3.58952
255.378	0.913594	3.58954
255.709	0.9136	3.58956
256.041	0.913606	3.58958
256.372	0.913613	3.5896
256.703	0.913619	3.58962
257.034	0.913625	3.58964
257.366	0.913631	3.58966
257.697	0.913637	3.58968
258.028	0.913643	3.5897
258.359	0.913649	3.58972
258.691	0.913655	3.58974
259.022	0.913661	3.58976
259.353	0.913668	3.58978
259.684	0.913674	3.5898
260.015	0.91368	3.58982
260.347	0.913686	3.58984
260.678	0.913692	3.58986
261.009	0.913698	3.58988
261.34	0.913704	3.5899
261.672	0.91371	3.58992
262.003	0.913716	3.58994
262.334	0.913723	3.58996
262.665	0.913729	3.58998
262.996	0.913735	3.59
263.328	0.913741	3.59002
263.659	0.913747	3.59004
263.99	0.913753	3.59006
264.321	0.913759	3.59008
264.653	0.913765	3.5901
264.984	0.913771	3.59012
265.315	0.913778	3.59014
265.646	0.913784	3.59016
265.977	0.91379	3.59018
266.309	0.913796	3.5902
266.64	0.913802	3.59022
266.971	0.913808	3.59024
267.302	0.913814	3.59026
267.634	0.91382	3.59028
267.965	0.913826	3.5903
268.296	0.913832	3.59032
268.627	0.913839	3.59034
268.959	0.913845	3.59036
269.29	0.913851	3.59038
269.621	0.913857	3.5904
269.952	0.913863	3.59042
270.283	0.913869	3.59044
270.615	0.913875	3.59046
270.946	0.913881	3.59048
271.277	0.913887	3.5905
271.608	0.913893	3.59052
271.94	0.913899	3.59054
272.271	0.913906	3.59056
272.602	0.913912	3.59058
272.933	0.913918	3.5906
273.264	0.913924	3.59062
273.596	0.91393	3.59064
273.927	0.913936	3.59066
274.258	0.913942	3.59068
274.589	0.913948	3.5907
274.921	0.913954	3.59072
275.252	0.91396	3.59074
275.583	0.913967	3.59076
275.914	0.913973	3.59078
276.245	0.913979	3.5908
276.577	0.913985	3.59082
276.908	0.913991	3.59084
277.239	0.913997	3.59086
277.57	0.914003	3.59088
277.902	0.914009	3.5909
278.233	0.914015	3.59092
278.564	0.914021	3.59094
278.895	0.914027	3.59096
279.227	0.914033	3.59098
279.558	0.91404	3.591
279.889	0.914046	3.59103
280.22	0.914052	3.59105
280.551	0.914058	3.59107
280.883	0.914064	3.59109
281.214	0.91407	3.59111
281.545	0.914076	3.59113
281.876	0.914082	3.59115
282.208	0.914088	3.59117
282.539	0.914094	3.59119
282.87	0.9141	3.59121
283.201	0.914106	3.59123
283.532	0.914113	3.59125
283.864	0.914119	3.59127
284.195	0.914125	3.59129
284.526	0.914131	3.59131
284.857	0.914137	3.59133
285.189	0.914143	3.59135
285.52	0.914149	3.59137
285.851	0.914155	3.59139
286.182	0.914161	3.59141
286.513	0.914167	3.59143
286.845	0.914173	3.59145
287.176	0.914179	3.59147
287.507	0.914186	3.59149
287.838	0.914192	3.59151
288.17	0.914198	3.59153
288.501	0.914204	3.59155
288.832	0.91421	3.59157
289.163	0.914216	3.59159
289.495	0.914222	3.59161
289.826	0.914228	3.59163
290.157	0.914234	3.59165
290.488	0.91424	3.59167
290.819	0.914246	3.59169
291.151	0.914252	3.59171
291.482	0.914258	3.59173
291.813	0.914265	3.59175
292.144	0.914271	3.59177
292.476	0.914277	3.59179
292.807	0.914283	3.59181
293.138	0.914289	3.59183
293.469	0.914295	3.59185
293.8	0.914301	3.59187
294.132	0.914307	3.59189
294.463	0.914313	3.59191
294.794	0.914319	3.59193
295.125	0.914325	3.59195
295.457	0.914331	3.59197
295.788	0.914337	3.59199
296.119	0.914343	3.59201
296.45	0.914349	3.59203
296.781	0.914356	3.59205
297.113	0.914362	3.59207
297.444	0.914368	3.59209
297.775	0.914374	3.59211
298.106	0.91438	3.59213
298.434	0.914386	3.59215
298.766	0.914392	3.59217
299.097	0.914398	3.59219
299.428	0.914404	3.59221
299.759	0.91441	3.59223
300.09	0.914416	3.59225
300.422	0.914422	3.59227
300.753	0.914428	3.59229
301.084	0.914434	3.59231
301.415	0.91444	3.59233
301.747	0.914446	3.59235
302.078	0.914453	3.59237
302.409	0.914459	3.59239
302.74	0.914465	3.59241
303.071	0.914471	3.59243
303.403	0.914477	3.59245
303.734	0.914483	3.59247
304.065	0.914489	3.59249
304.396	0.914495	3.59251
304.728	0.914501	3.59253
305.059	0.914507	3.59255
305.39	0.914513	3.59257
305.721	0.914519	3.59259
306.052	0.914525	3.59261
306.384	0.914531	3.59263
306.715	0.914537	3.59265
307.046	0.914543	3.59267
307.377	0.91455	3.59269
307.709	0.914556	3.59271
308.04	0.914562	3.59273
308.371	0.914568	3.59275
308.702	0.914574	3.59277
309.034	0.91458	3.59279
309.365	0.914586	3.59281
309.696	0.914592	3.59283
310.027	0.914598	3.59285
310.358	0.914604	3.59288
310.69	0.91461	3.5929
311.021	0.914616	3.59292
311.352	0.914622	3.59294
311.683	0.914628	3.59296
312.015	0.914634	3.59298
312.346	0.91464	3.593
312.677	0.914646	3.59302
313.008	0.914653	3.59304
313.339	0.914659	3.59306
313.671	0.914665	3.59308
314.002	0.914671	3.5931
314.333	0.914677	3.59312
314.664	0.914683	3.59314
314.996	0.914689	3.59316
315.327	0.914695	3.59318
315.658	0.914701	3.5932
315.989	0.914707	3.59322
316.32	0.914713	3.59324
316.652	0.914719	3.59326
316.983	0.914725	3.59328
317.314	0.914731	3.5933
317.645	0.914737	3.59332
317.977	0.914743	3.59334
318.308	0.914749	3.59336
318.639	0.914755	3.59338
318.97	0.914761	3.5934
319.302	0.914767	3.59342
319.633	0.914774	3.59344
319.964	0.91478	3.59346
320.295	0.914786	3.59348
320.626	0.914792	3.5935
320.958	0.914798	3.59352
321.289	0.914804	3.59354
321.62	0.91481	3.59356
321.951	0.914816	3.59358
322.283	0.914822	3.5936
322.614	0.914828	3.59362
322.945	0.914834	3.59364
323.276	0.91484	3.59366
323.607	0.914846	3.59368
323.939	0.914852	3.5937
324.27	0.914858	3.59372
324.601	0.914864	3.59374
324.932	0.91487	3.59376
325.264	0.914876	3.59378
325.595	0.914882	3.5938
325.926	0.914888	3.59382
326.257	0.914894	3.59384
326.588	0.9149	3.59386
326.92	0.914907	3.59388
327.251	0.914913	3.5939
327.582	0.914919	3.59392
327.913	0.914925	3.59394
328.245	0.914931	3.59396
328.576	0.914937	3.59398
328.907	0.914943	3.594
329.238	0.914949	3.59402
329.569	0.914955	3.59404
329.901	0.914961	3.59406
330.232	0.914967	3.59408
330.563	0.914973	3.5941
330.894	0.914979	3.59412
331.226	0.914985	3.59414
331.557	0.914991	3.59416
331.888	0.914997	3.59418
332.219	0.915003	3.5942
332.551	0.915009	3.59422
332.882	0.915015	3.59424
333.213	0.915021	3.59426
333.544	0.915027	3.59428
333.875	0.915033	3.5943
334.207	0.915039	3.59432
334.538	0.915045	3.59434
334.869	0.915051	3.59436
335.2	0.915058	3.59438
335.532	0.915064	3.5944
335.863	0.91507	3.59442
336.194	0.915076	3.59444
336.525	0.915082	3.59446
336.856	0.915088	3.59448
337.188	0.915094	3.5945
337.519	0.9151	3.59452
337.85	0.915106	3.59454
338.181	0.915112	3.59456
338.513	0.915118	3.59458
338.844	0.915124	3.5946
339.175	0.91513	3.59462
339.506	0.915136	3.59464
339.837	0.915142	3.59466
340.169	0.915148	3.59468
340.5	0.915154	3.5947
340.831	0.91516	3.59472
341.162	0.915166	3.59475
341.494	0.915172	3.59477
341.825	0.915178	3.59479
342.156	0.915184	3.59481
342.487	0.91519	3.59483
342.819	0.915196	3.59485
343.15	0.915202	3.59487
343.481	0.915208	3.59489
343.812	0.915214	3.59491
344.143	0.91522	3.59493
344.475	0.915226	3.59495
344.806	0.915232	3.59497
345.137	0.915239	3.59499
345.468	0.915245	3.59501
345.8	0.915251	3.59503
346.131	0.915257	3.59505
346.462	0.915263	3.59507
346.793	0.915269	3.59509
347.124	0.915275	3.59511
347.456	0.915281	3.59513
347.787	0.915287	3.59515
348.118	0.915293	3.59517
348.449	0.915299	3.59519
348.781	0.915305	3.59521
349.112	0.915311	3.59523
349.443	0.915317	3.59525
349.774	0.915323	3.59527
350.105	0.915329	3.59529
350.437	0.915335	3.59531
350.768	0.915341	3.59533
351.099	0.915347	3.59535
351.43	0.915353	3.59537
351.762	0.915359	3.59539
352.093	0.915365	3.59541
352.424	0.915371	3.59543
352.755	0.915377	3.59545
353.087	0.915383	3.59547
353.418	0.915389	3.59549
353.749	0.915395	3.59551
354.08	0.915401	3.59553
354.411	0.915407	3.59555
354.743	0.915413	3.59557
355.074	0.915419	3.59559
355.405	0.915425	3.59561
355.736	0.915431	3.59563
356.068	0.915437	3.59565
356.399	0.915443	3.59567
356.73	0.915449	3.59569
357.061	0.915455	3.59571
357.392	0.915461	3.59573
357.724	0.915467	3.59575
358.055	0.915473	3.59577
358.386	0.915479	3.59579
358.717	0.915486	3.59581
359.049	0.915492	3.59583
359.38	0.915498	3.59585
359.711	0.915504	3.59587
360.042	0.91551	3.59589
360.373	0.915516	3.59591
360.705	0.915522	3.59593
361.036	0.915528	3.59595
361.367	0.915534	3.59597
361.698	0.91554	3.59599
362.03	0.915546	3.59601
362.361	0.915552	3.59603
362.692	0.915558	3.59605
363.023	0.915564	3.59607
363.355	0.91557	3.59609
363.686	0.915576	3.59611
364.017	0.915582	3.59613
364.348	0.915588	3.59615
364.679	0.915594	3.59617
365.011	0.9156	3.59619
365.342	0.915606	3.59621
365.673	0.915612	3.59623
366.004	0.915618	3.59625
366.336	0.915624	3.59627
366.667	0.91563	3.59629
366.998	0.915636	3.59631
367.329	0.915642	3.59633
367.66	0.915648	3.59635
367.992	0.915654	3.59637
368.323	0.91566	3.59639
368.654	0.915666	3.59641
368.985	0.915672	3.59643
369.317	0.915678	3.59645
369.648	0.915684	3.59647
369.979	0.91569	3.59649
370.31	0.915696	3.59651
370.641	0.915702	3.59653
370.973	0.915708	3.59655
371.304	0.915714	3.59657
371.635	0.91572	3.59659
371.966	0.915726	3.59661
372.298	0.915732	3.59663
372.629	0.915738	3.59666
372.96	0.915744	3.59668
373.291	0.91575	3.5967
373.623	0.915756	3.59672
373.954	0.915762	3.59674
374.285	0.915768	3.59676
374.616	0.915774	3.59678
374.947	0.91578	3.5968
375.279	0.915786	3.59682
375.61	0.915792	3.59684
375.941	0.915798	3.59686
376.272	0.915804	3.59688
376.604	0.91581	3.5969
376.935	0.915816	3.59692
377.266	0.915822	3.59694
377.597	0.915828	3.59696
377.928	0.915834	3.59698
378.26	0.91584	3.597
378.591	0.915846	3.59702
378.922	0.915852	3.59704
379.253	0.915858	3.59706
379.585	0.915864	3.59708
379.916	0.91587	3.5971
380.247	0.915876	3.59712
380.578	0.915882	3.59714
380.909	0.915888	3.59716
381.241	0.915894	3.59718
381.572	0.9159	3.5972
381.903	0.915906	3.59722
382.234	0.915912	3.59724
382.566	0.915918	3.59726
382.897	0.915924	3.59728
383.228	0.91593	3.5973
383.559	0.915936	3.59732
383.89	0.915942	3.59734
384.222	0.915948	3.59736
384.553	0.915954	3.59738
384.884	0.91596	3.5974
385.215	0.915966	3.59742
385.547	0.915972	3.59744
385.878	0.915978	3.59746
386.209	0.915984	3.59748
386.54	0.91599	3.5975
386.872	0.915996	3.59752
387.203	0.916002	3.59754
387.534	0.916008	3.59756
387.865	0.916014	3.59758
388.196	0.91602	3.5976
388.528	0.916026	3.59762
388.859	0.916032	3.59764
389.19	0.916038	3.59766
389.521	0.916044	3.59768
389.853	0.91605	3.5977
390.184	0.916056	3.59772
390.515	0.916062	3.59774
390.846	0.916068	3.59776
391.177	0.916074	3.59778
391.509	0.91608	3.5978
391.84	0.916086	3.59782
392.171	0.916092	3.59784
392.502	0.916098	3.59786
392.834	0.916104	3.59788
393.165	0.91611	3.5979
393.496	0.916116	3.59792
393.827	0.916122	3.59794
394.158	0.916128	3.59796
394.49	0.916134	3.59798
394.821	0.91614	3.598
395.152	0.916146	3.59802
395.483	0.916152	3.59804
395.815	0.916158	3.59806
396.146	0.916164	3.59808
396.477	0.91617	3.5981
396.808	0.916176	3.59812
397.14	0.916182	3.59814
397.471	0.916188	3.59816
397.802	0.916194	3.59818
398.133	0.9162	3.5982
398.464	0.916206	3.59822
398.796	0.916212	3.59824
399.127	0.916218	3.59826
399.458	0.916224	3.59828
399.789	0.91623	3.5983
400.121	0.916236	3.59832
400.452	0.916242	3.59834
400.783	0.916248	3.59836
401.114	0.916254	3.59838
401.445	0.91626	3.5984
401.777	0.916266	3.59842
402.108	0.916272	3.59844
402.439	0.916278	3.59846
402.77	0.916284	3.59848
403.102	0.91629	3.5985
403.433	0.916296	3.59852
403.764	0.916302	3.59854
404.095	0.916308	3.59856
404.426	0.916314	3.59858
404.758	0.91632	3.5986
405.089	0.916326	3.59863
405.42	0.916332	3.59865
405.751	0.916338	3.59867
406.083	0.916344	3.59869
406.414	0.91635	3.59871
406.745	0.916356	3.59873
407.076	0.916362	3.59875
407.408	0.916368	3.59877
407.739	0.916374	3.59879
408.07	0.91638	3.59881
408.401	0.916386	3.59883
408.732	0.916392	3.59885
409.064	0.916398	3.59887
409.395	0.916404	3.59889
409.726	0.91641	3.59891
410.057	0.916416	3.59893
410.389	0.916422	3.59895
410.72	0.916428	3.59897
411.051	0.916434	3.59899
411.382	0.91644	3.59901
411.713	0.916446	3.59903
412.045	0.916452	3.59905
412.376	0.916458	3.59907
412.707	0.916464	3.59909
413.038	0.91647	3.59911
413.37	0.916476	3.59913
413.701	0.916482	3.59915
414.032	0.916488	3.59917
414.363	0.916494	3.59919
414.694	0.9165	3.59921
415.026	0.916506	3.59923
415.357	0.916512	3.59925
415.688	0.916518	3.59927
416.019	0.916524	3.59929
416.351	0.91653	3.59931
416.682	0.916536	3.59933
417.013	0.916542	3.59935
417.344	0.916548	3.59937
417.676	0.916554	3.59939
418.007	0.91656	3.59941
418.338	0.916566	3.59943
418.669	0.916572	3.59945
419	0.916578	3.59947
419.332	0.916584	3.59949
419.663	0.91659	3.59951
419.994	0.916596	3.59953
420.325	0.916601	3.59955
420.657	0.916607	3.59957
420.988	0.916613	3.59959
421.319	0.916619	3.59961
421.65	0.916625	3.59963
421.981	0.916631	3.59965
422.313	0.916637	3.59967
422.644	0.916643	3.59969
422.975	0.916649	3.59971
423.306	0.916655	3.59973
423.638	0.916661	3.59975
423.969	0.916667	3.59977
424.3	0.916673	3.59979
424.631	0.916679	3.59981
424.962	0.916685	3.59983
425.294	0.916691	3.59985
425.625	0.916697	3.59987
425.956	0.916703	3.59989
426.287	0.916709	3.59991
426.619	0.916715	3.59993
426.95	0.916721	3.59995
427.281	0.916727	3.59997
427.612	0.916733	3.59999
427.944	0.916739	3.60001
428.275	0.916745	3.60003
428.606	0.916751	3.60005
428.937	0.916757	3.60007
429.268	0.916763	3.60009
429.6	0.916769	3.60011
429.931	0.916775	3.60013
430.262	0.916781	3.60015
430.593	0.916787	3.60017
430.925	0.916793	3.60019
431.256	0.916799	3.60021
431.587	0.916805	3.60023
431.918	0.916811	3.60025
432.249	0.916817	3.60027
432.581	0.916823	3.60029
432.912	0.916829	3.60031
433.243	0.916835	3.60033
433.574	0.916841	3.60035
433.906	0.916847	3.60037
434.237	0.916852	3.60039
434.568	0.916858	3.60041
434.899	0.916864	3.60043
435.23	0.91687	3.60045
435.562	0.916876	3.60047
435.893	0.916882	3.60049
436.224	0.916888	3.60051
436.555	0.916894	3.60053
436.887	0.9169	3.60055
437.218	0.916906	3.60057
437.549	0.916912	3.60059
437.88	0.916918	3.60061
438.212	0.916924	3.60064
438.543	0.91693	3.60066
438.874	0.916936	3.60068
439.205	0.916942	3.6007
439.536	0.916948	3.60072
439.868	0.916954	3.60074
440.199	0.91696	3.60076
440.53	0.916966	3.60078
440.861	0.916972	3.6008
441.193	0.916978	3.60082
441.524	0.916984	3.60084
441.855	0.91699	3.60086
442.186	0.916996	3.60088
442.517	0.917002	3.6009
442.849	0.917008	3.60092
443.18	0.917014	3.60094
443.511	0.91702	3.60096
443.842	0.917026	3.60098
444.174	0.917032	3.601
444.505	0.917038	3.60102
444.836	0.917044	3.60104
445.167	0.917049	3.60106
445.498	0.917055	3.60108
445.83	0.917061	3.6011
446.161	0.917067	3.60112
446.492	0.917073	3.60114
446.823	0.917079	3.60116
447.155	0.917085	3.60118
447.486	0.917091	3.6012
447.817	0.917097	3.60122
448.148	0.917103	3.60124
448.479	0.917109	3.60126
448.811	0.917115	3.60128
449.142	0.917121	3.6013
449.473	0.917127	3.60132
449.804	0.917133	3.60134
450.136	0.917139	3.60136
450.467	0.917145	3.60138
450.798	0.917151	3.6014
451.129	0.917157	3.60142
451.461	0.917163	3.60144
451.792	0.917169	3.60146
452.123	0.917175	3.60148
452.454	0.917181	3.6015
452.785	0.917187	3.60152
453.117	0.917193	3.60154
453.448	0.917199	3.60156
453.779	0.917205	3.60158
454.11	0.91721	3.6016
454.442	0.917216	3.60162
454.773	0.917222	3.60164
455.104	0.917228	3.60166
455.435	0.917234	3.60168
455.766	0.91724	3.6017
456.098	0.917246	3.60172
456.429	0.917252	3.60174
456.76	0.917258	3.60176
457.091	0.917264	3.60178
457.423	0.91727	3.6018
457.754	0.917276	3.60182
458.085	0.917282	3.60184
458.416	0.917288	3.60186
458.747	0.917294	3.60188
459.079	0.9173	3.6019
459.41	0.917306	3.60192
459.741	0.917312	3.60194
460.072	0.917318	3.60196
460.404	0.917324	3.60198
460.735	0.91733	3.602
461.066	0.917336	3.60202
461.397	0.917342	3.60204
461.729	0.917348	3.60206
462.06	0.917353	3.60208
462.391	0.917359	3.6021
462.722	0.917365	3.60212
463.053	0.917371	3.60214
463.385	0.917377	3.60216
463.716	0.917383	3.60218
464.047	0.917389	3.6022
464.378	0.917395	3.60222
464.71	0.917401	3.60224
465.041	0.917407	3.60226
465.372	0.917413	3.60228
465.703	0.917419	3.6023
466.034	0.917425	3.60232
466.366	0.917431	3.60234
466.697	0.917437	3.60236
467.028	0.917443	3.60238
467.359	0.917449	3.6024
467.691	0.917455	3.60242
468.022	0.917461	3.60244
468.353	0.917467	3.60246
468.684	0.917473	3.60248
469.015	0.917478	3.6025
469.347	0.917484	3.60252
469.678	0.91749	3.60254
470.009	0.917496	3.60256
470.34	0.917502	3.60258
470.672	0.917508	3.6026
471.003	0.917514	3.60262
471.334	0.91752	3.60264
471.665	0.917526	3.60266
471.997	0.917532	3.60269
472.328	0.917538	3.60271
472.659	0.917544	3.60273
472.99	0.91755	3.60275
473.321	0.917556	3.60277
473.653	0.917562	3.60279
473.984	0.917568	3.60281
474.315	0.917574	3.60283
474.646	0.91758	3.60285
474.978	0.917586	3.60287
475.309	0.917592	3.60289
475.64	0.917597	3.60291
475.971	0.917603	3.60293
476.302	0.917609	3.60295
476.634	0.917615	3.60297
476.965	0.917621	3.60299
477.296	0.917627	3.60301
477.627	0.917633	3.60303
477.959	0.917639	3.60305
478.29	0.917645	3.60307
478.621	0.917651	3.60309
478.952	0.917657	3.60311
479.283	0.917663	3.60313
479.615	0.917669	3.60315
479.946	0.917675	3.60317
480.277	0.917681	3.60319
480.608	0.917687	3.60321
480.94	0.917693	3.60323
481.271	0.917699	3.60325
481.602	0.917705	3.60327
481.933	0.91771	3.60329
482.265	0.917716	3.60331
482.596	0.917722	3.60333
482.927	0.917728	3.60335
483.258	0.917734	3.60337
483.589	0.91774	3.60339
483.921	0.917746	3.60341
484.252	0.917752	3.60343
484.583	0.917758	3.60345
484.914	0.917764	3.60347
485.246	0.91777	3.60349
485.577	0.917776	3.60351
485.908	0.917782	3.60353
486.239	0.917788	3.60355
486.57	0.917794	3.60357
486.902	0.9178	3.60359
487.233	0.917806	3.60361
487.564	0.917811	3.60363
487.895	0.917817	3.60365
488.227	0.917823	3.60367
488.558	0.917829	3.60369
488.889	0.917835	3.60371
489.22	0.917841	3.60373
489.551	0.917847	3.60375
489.883	0.917853	3.60377
490.214	0.917859	3.60379
490.545	0.917865	3.60381
490.876	0.917871	3.60383
491.208	0.917877	3.60385
491.539	0.917883	3.60387
491.87	0.917889	3.60389
492.201	0.917895	3.60391
492.533	0.917901	3.60393
492.864	0.917907	3.60395
493.195	0.917912	3.60397
493.526	0.917918	3.60399
493.857	0.917924	3.60401
494.189	0.91793	3.60403
494.52	0.917936	3.60405
494.851	0.917942	3.60407
495.182	0.917948	3.60409
495.514	0.917954	3.60411
495.845	0.91796	3.60413
496.176	0.917966	3.60415
496.507	0.917972	3.60417
496.838	0.917978	3.60419
497.17	0.917984	3.60421
497.501	0.91799	3.60423
497.832	0.917996	3.60425
498.163	0.918001	3.60427
498.495	0.918007	3.60429
498.826	0.918013	3.60431
499.157	0.918019	3.60433
499.488	0.918025	3.60435
499.819	0.918031	3.60437
