0	1.00149	3.55791
0	1.00149	3.55791
0.331226	1.0023	3.55931
0.662451	1.00422	3.56267
0.996989	1.00641	3.56662
1.32821	1.00813	3.56977
1.65944	1.00903	3.57154
1.99067	1.00908	3.57187
2.31858	1.00852	3.5712
2.6498	1.00772	3.57017
2.98103	1.00696	3.56932
3.31226	1.00644	3.56895
3.64348	1.00621	3.56916
3.97471	1.00622	3.56985
4.30593	1.00638	3.57086
4.63716	1.00653	3.57194
4.96838	1.00656	3.57285
5.29961	1.00641	3.57349
5.63084	1.00612	3.57391
5.96206	1.00571	3.5742
6.29329	1.00526	3.57446
6.62451	1.0048	3.57474
6.95574	1.00436	3.57509
7.28696	1.00395	3.57555
7.61819	1.00356	3.5761
7.94941	1.00318	3.5767
8.28064	1.00277	3.5773
8.61187	1.00233	3.57785
8.94309	1.00184	3.57837
9.27432	1.00132	3.57887
9.60554	1.00077	3.57935
9.93677	1.0002	3.57981
10.268	0.999613	3.58029
10.5992	0.999024	3.58078
10.9304	0.998432	3.58129
11.2617	0.997834	3.58182
11.5929	0.997228	3.58235
11.9241	0.99661	3.58289
12.2553	0.995979	3.58342
12.5866	0.995337	3.58394
12.9178	0.994684	3.58447
13.249	0.994021	3.58499
13.5803	0.993351	3.58551
13.9115	0.992675	3.58603
14.2427	0.991996	3.58656
14.5739	0.991314	3.5871
14.9052	0.990629	3.58763
15.2364	0.989941	3.58817
15.5676	0.98925	3.58871
15.8988	0.988556	3.58926
16.2301	0.987861	3.5898
16.5613	0.987163	3.59034
16.8925	0.986465	3.59088
17.2237	0.985767	3.59143
17.555	0.985069	3.59197
17.8895	0.984366	3.59253
18.2207	0.983671	3.59308
18.5519	0.982978	3.59363
18.8832	0.982288	3.59418
19.2144	0.9816	3.59474
19.5456	0.980915	3.59529
19.8768	0.980233	3.59585
20.2081	0.979555	3.59641
20.5393	0.978881	3.59696
20.8705	0.978212	3.59752
21.2018	0.977547	3.59809
21.533	0.976887	3.59865
21.8642	0.976232	3.59921
22.1954	0.975583	3.59977
22.5267	0.97494	3.60034
22.8579	0.974303	3.60091
23.1891	0.973672	3.60147
23.5203	0.973048	3.60204
23.8516	0.97243	3.60261
24.1828	0.971818	3.60318
24.514	0.971214	3.60375
24.8452	0.970617	3.60432
25.1765	0.970028	3.60489
25.5077	0.969446	3.60547
25.8389	0.968871	3.60604
26.1701	0.968304	3.60662
26.5014	0.967745	3.60719
26.8326	0.967194	3.60777
27.1638	0.966651	3.60835
27.495	0.966115	3.60892
27.8263	0.965588	3.6095
28.1575	0.96507	3.61008
28.4887	0.964559	3.61066
28.8199	0.964057	3.61124
29.1512	0.963563	3.61182
29.4824	0.963077	3.61241
29.8136	0.9626	3.61299
30.1448	0.962131	3.61357
30.4761	0.961671	3.61416
30.8073	0.961219	3.61474
31.1385	0.960776	3.61533
31.4697	0.960341	3.61591
31.801	0.959914	3.6165
32.1322	0.959496	3.61708
32.4634	0.959086	3.61767
32.7946	0.958685	3.61826
33.1259	0.958291	3.61885
33.4571	0.957907	3.61943
33.7883	0.95753	3.62002
34.1196	0.957162	3.62061
34.4508	0.956801	3.6212
34.782	0.956449	3.62179
35.1132	0.956105	3.62238
35.4445	0.955769	3.62298
35.7757	0.955441	3.62357
36.1069	0.955121	3.62416
36.4381	0.954808	3.62475
36.7694	0.954503	3.62534
37.1006	0.954206	3.62594
37.4318	0.953917	3.62653
37.763	0.953635	3.62712
38.0943	0.953361	3.62772
38.4255	0.953094	3.62831
38.7567	0.952834	3.62891
39.0879	0.952582	3.6295
39.4192	0.952336	3.6301
39.7504	0.952098	3.63069
40.0816	0.951867	3.63129
40.4128	0.951642	3.63189
40.7441	0.951425	3.63248
41.0753	0.951214	3.63308
41.4065	0.95101	3.63368
41.7377	0.950813	3.63428
42.069	0.950621	3.63487
42.4002	0.950437	3.63547
42.7314	0.950258	3.63607
43.0626	0.950086	3.63667
43.3939	0.94992	3.63727
43.7251	0.94976	3.63787
44.0563	0.949606	3.63847
44.3875	0.949458	3.63906
44.7188	0.949316	3.63966
45.05	0.949179	3.64026
45.3812	0.949048	3.64086
45.7124	0.948923	3.64146
46.0437	0.948803	3.64206
46.3749	0.948688	3.64267
46.7061	0.948579	3.64327
47.0374	0.948475	3.64387
47.3686	0.948376	3.64447
47.6998	0.948282	3.64507
48.031	0.948193	3.64567
48.3623	0.948108	3.64627
48.6935	0.948029	3.64687
49.0247	0.947954	3.64748
49.3559	0.947884	3.64808
49.6872	0.947819	3.64868
50.0184	0.947757	3.64928
50.3496	0.947701	3.64989
50.6808	0.947648	3.65049
51.0121	0.9476	3.65109
51.3433	0.947556	3.6517
51.6745	0.947516	3.6523
52.0057	0.94748	3.6529
52.337	0.947448	3.6535
52.6682	0.94742	3.65411
52.9994	0.947396	3.65471
53.3306	0.947376	3.65532
53.6619	0.947359	3.65592
53.9931	0.947345	3.65652
54.3243	0.947336	3.65713
54.6555	0.947329	3.65773
54.9868	0.947326	3.65834
55.318	0.947327	3.65894
55.6492	0.94733	3.65954
55.9804	0.947337	3.66015
56.3117	0.947347	3.66075
56.6429	0.94736	3.66136
56.9741	0.947376	3.66196
57.3053	0.947395	3.66257
57.6366	0.947417	3.66317
57.9678	0.947442	3.66378
58.299	0.94747	3.66438
58.6302	0.9475	3.66499
58.9615	0.947533	3.66559
59.2927	0.947569	3.6662
59.6239	0.947607	3.6668
59.9552	0.947648	3.66741
60.2864	0.947691	3.66802
60.6176	0.947736	3.66862
60.9488	0.947784	3.66923
61.2801	0.947834	3.66983
61.6113	0.947887	3.67044
61.9425	0.947942	3.67104
62.2737	0.947999	3.67165
62.605	0.948058	3.67226
62.9362	0.948119	3.67286
63.2674	0.948182	3.67347
63.5986	0.948247	3.67407
63.9299	0.948314	3.67468
64.2611	0.948383	3.67529
64.5923	0.948454	3.67589
64.9235	0.948526	3.6765
65.2548	0.948601	3.67711
65.586	0.948677	3.67771
65.9172	0.948755	3.67832
66.2484	0.948835	3.67893
66.5797	0.948916	3.67953
66.9109	0.948999	3.68014
67.2421	0.949083	3.68074
67.5733	0.949169	3.68135
67.9046	0.949256	3.68196
68.2358	0.949345	3.68256
68.567	0.949435	3.68317
68.8982	0.949527	3.68378
69.2295	0.94962	3.68439
69.5607	0.949714	3.68499
69.8919	0.94981	3.6856
70.2231	0.949907	3.68621
70.5544	0.950005	3.68681
70.8856	0.950105	3.68742
71.2168	0.950205	3.68803
71.548	0.950307	3.68863
71.8793	0.95041	3.68924
72.2105	0.950514	3.68985
72.5417	0.950619	3.69045
72.8729	0.950725	3.69106
73.2042	0.950832	3.69167
73.5354	0.95094	3.69228
73.8666	0.951049	3.69288
74.1979	0.951159	3.69349
74.5291	0.95127	3.6941
74.8603	0.951381	3.69471
75.1915	0.951494	3.69531
75.5228	0.951608	3.69592
75.854	0.951722	3.69653
76.1852	0.951837	3.69713
76.5164	0.951953	3.69774
76.8477	0.95207	3.69835
77.1789	0.952187	3.69896
77.5068	0.952304	3.69956
77.838	0.952423	3.70017
78.1692	0.952543	3.70077
78.5005	0.952663	3.70138
78.8317	0.952784	3.70199
79.1629	0.952906	3.7026
79.4941	0.953028	3.7032
79.8254	0.953151	3.70381
80.1566	0.953274	3.70442
80.4878	0.953398	3.70503
80.8191	0.953523	3.70563
81.1503	0.953648	3.70624
81.4815	0.953773	3.70685
81.8127	0.9539	3.70746
82.144	0.954026	3.70806
82.4752	0.954153	3.70867
82.8064	0.954281	3.70928
83.1376	0.954409	3.70989
83.4689	0.954537	3.71049
83.8001	0.954666	3.7111
84.1313	0.954796	3.71171
84.4625	0.954925	3.71232
84.7938	0.955055	3.71293
85.125	0.955186	3.71353
85.4562	0.955317	3.71414
85.7874	0.955448	3.71475
86.1187	0.955579	3.71536
86.4499	0.955711	3.71596
86.7811	0.955843	3.71657
87.1123	0.955976	3.71718
87.4436	0.956109	3.71779
87.7748	0.956242	3.7184
88.106	0.956375	3.719
88.4372	0.956509	3.71961
88.7685	0.956642	3.72022
89.0997	0.956777	3.72083
89.4309	0.956911	3.72143
89.7621	0.957045	3.72204
90.0934	0.95718	3.72265
90.4246	0.957315	3.72326
90.7558	0.95745	3.72387
91.087	0.957586	3.72447
91.4183	0.957721	3.72508
91.7495	0.957857	3.72569
92.0807	0.957993	3.7263
92.4119	0.958129	3.72691
92.7432	0.958265	3.72751
93.0744	0.958402	3.72812
93.4056	0.958538	3.72873
93.7369	0.958675	3.72934
94.0681	0.958812	3.72995
94.3993	0.958949	3.73055
94.7305	0.959086	3.73116
95.0618	0.959223	3.73177
95.393	0.95936	3.73238
95.7242	0.959498	3.73299
96.0554	0.959635	3.7336
96.3867	0.959773	3.7342
96.7179	0.95991	3.73481
97.0491	0.960048	3.73542
97.3803	0.960186	3.73603
97.7116	0.960323	3.73664
98.0428	0.960461	3.73724
98.374	0.960599	3.73785
98.7052	0.960737	3.73846
99.0365	0.960875	3.73907
99.3677	0.961013	3.73968
99.6989	0.961151	3.74029
100.03	0.961289	3.74089
100.361	0.961427	3.7415
100.693	0.961565	3.74211
101.024	0.961704	3.74272
101.355	0.961842	3.74333
101.686	0.96198	3.74394
102.017	0.962118	3.74454
102.349	0.962256	3.74515
102.68	0.962394	3.74576
103.011	0.962532	3.74637
103.342	0.96267	3.74698
103.674	0.962809	3.74759
104.005	0.962947	3.74819
104.336	0.963085	3.7488
104.667	0.963223	3.74941
104.999	0.963361	3.75002
105.33	0.963499	3.75063
105.661	0.963637	3.75124
105.992	0.963774	3.75185
106.323	0.963912	3.75245
106.655	0.96405	3.75306
106.986	0.964188	3.75367
107.317	0.964325	3.75428
107.648	0.964463	3.75489
107.98	0.9646	3.7555
108.311	0.964738	3.75611
108.642	0.964875	3.75671
108.973	0.965013	3.75732
109.304	0.96515	3.75793
109.636	0.965287	3.75854
109.967	0.965424	3.75915
110.298	0.965561	3.75976
110.629	0.965698	3.76037
110.961	0.965835	3.76098
111.292	0.965972	3.76159
111.623	0.966109	3.76219
111.954	0.966246	3.7628
112.285	0.966382	3.76341
112.617	0.966519	3.76402
112.948	0.966655	3.76463
113.279	0.966791	3.76524
113.61	0.966927	3.76585
113.942	0.967064	3.76646
114.273	0.9672	3.76707
114.604	0.967335	3.76767
114.935	0.967471	3.76828
115.267	0.967607	3.76889
115.598	0.967743	3.7695
115.929	0.967878	3.77011
116.26	0.968013	3.77072
116.591	0.968149	3.77133
116.923	0.968284	3.77194
117.254	0.968419	3.77255
117.585	0.968554	3.77316
117.916	0.968688	3.77377
118.248	0.968823	3.77438
118.579	0.968958	3.77499
118.91	0.969092	3.77559
119.241	0.969226	3.7762
119.572	0.969361	3.77681
119.904	0.969495	3.77742
120.235	0.969629	3.77803
120.566	0.969762	3.77864
120.897	0.969896	3.77925
121.229	0.97003	3.77986
121.56	0.970163	3.78047
121.891	0.970296	3.78108
122.222	0.97043	3.78169
122.553	0.970563	3.7823
122.885	0.970696	3.78291
123.216	0.970828	3.78352
123.547	0.970961	3.78413
123.878	0.971094	3.78474
124.21	0.971226	3.78535
124.541	0.971358	3.78596
124.872	0.97149	3.78657
125.203	0.971622	3.78718
125.535	0.971754	3.78779
125.866	0.971886	3.7884
126.197	0.972017	3.78901
126.528	0.972149	3.78962
126.859	0.97228	3.79023
127.191	0.972411	3.79084
127.522	0.972542	3.79145
127.853	0.972673	3.79206
128.184	0.972803	3.79267
128.516	0.972934	3.79328
128.847	0.973064	3.79389
129.178	0.973195	3.7945
129.509	0.973325	3.79511
129.84	0.973455	3.79572
130.172	0.973585	3.79633
130.503	0.973714	3.79694
130.834	0.973844	3.79755
131.165	0.973973	3.79816
131.497	0.974102	3.79877
131.828	0.974231	3.79938
132.159	0.97436	3.79999
132.49	0.974489	3.8006
132.821	0.974618	3.80121
133.153	0.974746	3.80183
133.484	0.974874	3.80244
133.815	0.975003	3.80305
134.146	0.975131	3.80366
134.478	0.975258	3.80427
134.809	0.975386	3.80488
135.14	0.975514	3.80549
135.471	0.975641	3.8061
135.803	0.975768	3.80671
136.134	0.975895	3.80732
136.465	0.976022	3.80793
136.796	0.976149	3.80855
137.127	0.976276	3.80916
137.459	0.976402	3.80977
137.79	0.976529	3.81038
138.121	0.976655	3.81099
138.452	0.976781	3.8116
138.784	0.976907	3.81221
139.115	0.977032	3.81283
139.446	0.977158	3.81344
139.777	0.977283	3.81405
140.108	0.977408	3.81466
140.44	0.977534	3.81527
140.771	0.977658	3.81588
141.102	0.977783	3.81649
141.433	0.977908	3.81711
141.765	0.978032	3.81772
142.096	0.978157	3.81833
142.427	0.978281	3.81894
142.758	0.978405	3.81955
143.089	0.978528	3.82017
143.421	0.978652	3.82078
143.752	0.978776	3.82139
144.083	0.978899	3.822
144.414	0.979022	3.82261
144.746	0.979145	3.82323
145.077	0.979268	3.82384
145.408	0.979391	3.82445
145.739	0.979513	3.82506
146.071	0.979636	3.82568
146.402	0.979758	3.82629
146.733	0.97988	3.8269
147.064	0.980002	3.82751
147.395	0.980124	3.82813
147.727	0.980245	3.82874
148.058	0.980367	3.82935
148.389	0.980488	3.82996
148.72	0.980609	3.83058
149.052	0.98073	3.83119
149.383	0.980851	3.8318
149.714	0.980972	3.83242
150.045	0.981092	3.83303
150.376	0.981212	3.83364
150.708	0.981333	3.83425
151.039	0.981453	3.83487
151.37	0.981573	3.83548
151.701	0.981692	3.83609
152.033	0.981812	3.83671
152.364	0.981931	3.83732
152.695	0.98205	3.83793
153.026	0.982169	3.83855
153.357	0.982288	3.83916
153.689	0.982407	3.83978
154.02	0.982526	3.84039
154.351	0.982644	3.841
154.682	0.982762	3.84162
155.014	0.982881	3.84223
155.345	0.982999	3.84284
155.676	0.983116	3.84346
156.007	0.983234	3.84407
156.338	0.983352	3.84469
156.67	0.983469	3.8453
157.001	0.983586	3.84592
157.332	0.983703	3.84653
157.663	0.98382	3.84714
157.995	0.983937	3.84776
158.326	0.984053	3.84837
158.657	0.98417	3.84899
158.988	0.984286	3.8496
159.32	0.984402	3.85022
159.651	0.984518	3.85083
159.982	0.984634	3.85145
160.317	0.98475	3.85207
160.648	0.984866	3.85268
160.979	0.984981	3.8533
161.31	0.985096	3.85391
161.641	0.985211	3.85453
161.973	0.985326	3.85514
162.304	0.985441	3.85576
162.635	0.985555	3.85637
162.966	0.98567	3.85699
163.298	0.985784	3.8576
163.629	0.985898	3.85822
163.96	0.986012	3.85883
164.291	0.986126	3.85945
164.622	0.986239	3.86007
164.954	0.986353	3.86068
165.285	0.986466	3.8613
165.616	0.986579	3.86191
165.947	0.986692	3.86253
166.279	0.986805	3.86314
166.61	0.986917	3.86376
166.941	0.98703	3.86438
167.272	0.987142	3.86499
167.603	0.987254	3.86561
167.935	0.987367	3.86623
168.266	0.987478	3.86684
168.597	0.98759	3.86746
168.928	0.987702	3.86808
169.26	0.987813	3.86869
169.591	0.987924	3.86931
169.922	0.988036	3.86993
170.253	0.988147	3.87054
170.585	0.988257	3.87116
170.916	0.988368	3.87178
171.247	0.988479	3.87239
171.578	0.988589	3.87301
171.909	0.988699	3.87363
172.241	0.988809	3.87425
172.572	0.988919	3.87486
172.903	0.989029	3.87548
173.234	0.989138	3.8761
173.566	0.989248	3.87672
173.897	0.989357	3.87733
174.228	0.989466	3.87795
174.559	0.989575	3.87857
174.89	0.989684	3.87919
175.222	0.989793	3.8798
175.553	0.989901	3.88042
175.884	0.99001	3.88104
176.215	0.990118	3.88166
176.547	0.990226	3.88228
176.878	0.990334	3.8829
177.209	0.990442	3.88351
177.54	0.990549	3.88413
177.871	0.990657	3.88475
178.203	0.990764	3.88537
178.534	0.990872	3.88599
178.865	0.990979	3.88661
179.196	0.991085	3.88723
179.528	0.991192	3.88785
179.859	0.991299	3.88847
180.19	0.991405	3.88908
180.521	0.991512	3.8897
180.853	0.991618	3.89032
181.184	0.991724	3.89094
181.515	0.99183	3.89156
181.846	0.991935	3.89218
182.177	0.992041	3.8928
182.509	0.992146	3.89342
182.84	0.992252	3.89404
183.171	0.992357	3.89466
183.502	0.992462	3.89528
183.834	0.992566	3.8959
184.165	0.992671	3.89652
184.496	0.992776	3.89714
184.827	0.99288	3.89776
185.158	0.992984	3.89838
185.49	0.993088	3.899
185.821	0.993192	3.89962
186.152	0.993296	3.90024
186.483	0.9934	3.90087
186.815	0.993503	3.90149
187.146	0.993607	3.90211
187.477	0.99371	3.90273
187.808	0.993813	3.90335
188.139	0.993916	3.90397
188.471	0.994019	3.90459
188.802	0.994121	3.90521
189.133	0.994224	3.90584
189.464	0.994326	3.90646
189.796	0.994428	3.90708
190.127	0.994531	3.9077
190.458	0.994632	3.90832
190.789	0.994734	3.90894
191.12	0.994836	3.90957
191.452	0.994937	3.91019
191.783	0.995039	3.91081
192.114	0.99514	3.91143
192.445	0.995241	3.91206
192.777	0.995342	3.91268
193.108	0.995443	3.9133
193.439	0.995543	3.91392
193.77	0.995644	3.91455
194.102	0.995744	3.91517
194.433	0.995844	3.91579
194.764	0.995945	3.91642
195.095	0.996045	3.91704
195.426	0.996144	3.91766
195.758	0.996244	3.91829
196.089	0.996343	3.91891
196.42	0.996443	3.91953
196.751	0.996542	3.92016
197.083	0.996641	3.92078
197.414	0.99674	3.92141
197.745	0.996839	3.92203
198.076	0.996938	3.92265
198.407	0.997036	3.92328
198.739	0.997135	3.9239
199.07	0.997233	3.92453
199.401	0.997331	3.92515
199.732	0.997429	3.92578
200.064	0.997527	3.9264
200.395	0.997625	3.92703
200.726	0.997722	3.92765
201.057	0.99782	3.92828
201.388	0.997917	3.9289
201.72	0.998014	3.92953
202.051	0.998111	3.93015
202.382	0.998208	3.93078
202.713	0.998305	3.9314
203.045	0.998401	3.93203
203.376	0.998498	3.93265
203.707	0.998594	3.93328
204.038	0.99869	3.93391
204.37	0.998786	3.93453
204.701	0.998882	3.93516
205.032	0.998978	3.93578
205.363	0.999074	3.93641
205.694	0.999169	3.93704
206.026	0.999265	3.93766
206.357	0.99936	3.93829
206.688	0.999455	3.93892
207.019	0.99955	3.93955
207.351	0.999645	3.94017
207.682	0.999739	3.9408
208.013	0.999834	3.94143
208.344	0.999928	3.94205
208.675	1.00002	3.94268
209.007	1.00012	3.94331
209.338	1.00021	3.94394
209.669	1.0003	3.94457
210	1.0004	3.94519
210.332	1.00049	3.94582
210.663	1.00059	3.94645
210.994	1.00068	3.94708
211.325	1.00077	3.94771
211.656	1.00087	3.94834
211.988	1.00096	3.94896
212.319	1.00105	3.94959
212.65	1.00114	3.95022
212.981	1.00124	3.95085
213.313	1.00133	3.95148
213.644	1.00142	3.95211
213.975	1.00151	3.95274
214.306	1.00161	3.95337
214.638	1.0017	3.954
214.969	1.00179	3.95463
215.3	1.00188	3.95526
215.631	1.00197	3.95589
215.962	1.00206	3.95652
216.294	1.00216	3.95715
216.625	1.00225	3.95778
216.956	1.00234	3.95841
217.287	1.00243	3.95904
217.619	1.00252	3.95967
217.95	1.00261	3.9603
218.281	1.0027	3.96093
218.612	1.00279	3.96156
218.943	1.00288	3.96219
219.275	1.00297	3.96283
219.606	1.00306	3.96346
219.937	1.00315	3.96409
220.268	1.00324	3.96472
220.6	1.00333	3.96535
220.931	1.00342	3.96598
221.262	1.00351	3.96662
221.593	1.0036	3.96725
221.924	1.00369	3.96788
222.256	1.00378	3.96851
222.587	1.00386	3.96915
222.918	1.00395	3.96978
223.249	1.00404	3.97041
223.581	1.00413	3.97104
223.912	1.00422	3.97168
224.243	1.00431	3.97231
224.574	1.0044	3.97294
224.906	1.00448	3.97358
225.237	1.00457	3.97421
225.568	1.00466	3.97484
225.899	1.00475	3.97548
226.23	1.00483	3.97611
226.562	1.00492	3.97675
226.893	1.00501	3.97738
227.224	1.0051	3.97802
227.555	1.00518	3.97865
227.887	1.00527	3.97928
228.218	1.00536	3.97992
228.549	1.00544	3.98055
228.88	1.00553	3.98119
229.211	1.00562	3.98182
229.543	1.0057	3.98246
229.874	1.00579	3.9831
230.205	1.00587	3.98373
230.536	1.00596	3.98437
230.868	1.00604	3.985
231.199	1.00613	3.98564
231.53	1.00622	3.98627
231.861	1.0063	3.98691
232.192	1.00639	3.98755
232.524	1.00647	3.98818
232.855	1.00656	3.98882
233.186	1.00664	3.98946
233.517	1.00673	3.99009
233.849	1.00681	3.99073
234.18	1.0069	3.99137
234.511	1.00698	3.99201
234.842	1.00706	3.99264
235.174	1.00715	3.99328
235.505	1.00723	3.99392
235.836	1.00732	3.99456
236.167	1.0074	3.99519
236.498	1.00748	3.99583
236.83	1.00757	3.99647
237.161	1.00765	3.99711
237.492	1.00773	3.99775
237.823	1.00782	3.99839
238.155	1.0079	3.99903
238.486	1.00798	3.99967
238.817	1.00807	4.0003
239.148	1.00815	4.00094
239.479	1.00823	4.00158
239.811	1.00831	4.00222
240.142	1.0084	4.00286
240.473	1.00848	4.0035
240.804	1.00856	4.00414
241.136	1.00864	4.00478
241.467	1.00872	4.00542
241.798	1.00881	4.00606
242.129	1.00889	4.0067
242.46	1.00897	4.00735
242.792	1.00905	4.00799
243.123	1.00913	4.00863
243.454	1.00921	4.00927
243.785	1.00929	4.00991
244.117	1.00937	4.01055
244.448	1.00946	4.01119
244.779	1.00954	4.01183
245.11	1.00962	4.01248
245.442	1.0097	4.01312
245.773	1.00978	4.01376
246.104	1.00986	4.0144
246.435	1.00994	4.01505
246.766	1.01002	4.01569
247.098	1.0101	4.01633
247.429	1.01018	4.01697
247.76	1.01026	4.01762
248.091	1.01034	4.01826
248.423	1.01042	4.0189
248.754	1.0105	4.01955
249.085	1.01057	4.02019
249.416	1.01065	4.02084
249.747	1.01073	4.02148
250.079	1.01081	4.02212
250.41	1.01089	4.02277
250.741	1.01097	4.02341
251.072	1.01105	4.02406
251.404	1.01113	4.0247
251.735	1.0112	4.02535
252.066	1.01128	4.02599
252.397	1.01136	4.02664
252.728	1.01144	4.02728
253.06	1.01152	4.02793
253.391	1.01159	4.02858
253.722	1.01167	4.02922
254.053	1.01175	4.02987
254.385	1.01183	4.03051
254.716	1.0119	4.03116
255.047	1.01198	4.03181
255.378	1.01206	4.03245
255.709	1.01213	4.0331
256.041	1.01221	4.03375
256.372	1.01229	4.0344
256.703	1.01237	4.03504
257.034	1.01244	4.03569
257.366	1.01252	4.03634
257.697	1.01259	4.03699
258.028	1.01267	4.03763
258.359	1.01275	4.03828
258.691	1.01282	4.03893
259.022	1.0129	4.03958
259.353	1.01297	4.04023
259.684	1.01305	4.04088
260.015	1.01313	4.04153
260.347	1.0132	4.04218
260.678	1.01328	4.04283
261.009	1.01335	4.04348
261.34	1.01343	4.04412
261.672	1.0135	4.04477
262.003	1.01358	4.04542
262.334	1.01365	4.04608
262.665	1.01373	4.04673
262.996	1.0138	4.04738
263.328	1.01387	4.04803
263.659	1.01395	4.04868
263.99	1.01402	4.04933
264.321	1.0141	4.04998
264.653	1.01417	4.05063
264.984	1.01425	4.05128
265.315	1.01432	4.05194
265.646	1.01439	4.05259
265.977	1.01447	4.05324
266.309	1.01454	4.05389
266.64	1.01461	4.05454
266.971	1.01469	4.0552
267.302	1.01476	4.05585
267.634	1.01483	4.0565
267.965	1.01491	4.05716
268.296	1.01498	4.05781
268.627	1.01505	4.05846
268.959	1.01512	4.05912
269.29	1.0152	4.05977
269.621	1.01527	4.06042
269.952	1.01534	4.06108
270.283	1.01541	4.06173
270.615	1.01549	4.06239
270.946	1.01556	4.06304
271.277	1.01563	4.0637
271.608	1.0157	4.06435
271.94	1.01577	4.06501
272.271	1.01584	4.06566
272.602	1.01592	4.06632
272.933	1.01599	4.06697
273.264	1.01606	4.06763
273.596	1.01613	4.06829
273.927	1.0162	4.06894
274.258	1.01627	4.0696
274.589	1.01634	4.07026
274.921	1.01641	4.07091
275.252	1.01648	4.07157
275.583	1.01655	4.07223
275.914	1.01663	4.07289
276.245	1.0167	4.07354
276.577	1.01677	4.0742
276.908	1.01684	4.07486
277.239	1.01691	4.07552
277.57	1.01698	4.07618
277.902	1.01705	4.07683
278.233	1.01712	4.07749
278.564	1.01719	4.07815
278.895	1.01725	4.07881
279.227	1.01732	4.07947
279.558	1.01739	4.08013
279.889	1.01746	4.08079
280.22	1.01753	4.08145
280.551	1.0176	4.08211
280.883	1.01767	4.08277
281.214	1.01774	4.08343
281.545	1.01781	4.08409
281.876	1.01788	4.08475
282.208	1.01794	4.08541
282.539	1.01801	4.08607
282.87	1.01808	4.08674
283.201	1.01815	4.0874
283.532	1.01822	4.08806
283.864	1.01829	4.08872
284.195	1.01835	4.08938
284.526	1.01842	4.09005
284.857	1.01849	4.09071
285.189	1.01856	4.09137
285.52	1.01862	4.09203
285.851	1.01869	4.0927
286.182	1.01876	4.09336
286.513	1.01883	4.09402
286.845	1.01889	4.09469
287.176	1.01896	4.09535
287.507	1.01903	4.09602
287.838	1.0191	4.09668
288.17	1.01916	4.09734
288.501	1.01923	4.09801
288.832	1.0193	4.09867
289.163	1.01936	4.09934
289.495	1.01943	4.1
289.826	1.01949	4.10067
290.157	1.01956	4.10134
290.488	1.01963	4.102
290.819	1.01969	4.10267
291.151	1.01976	4.10333
291.482	1.01982	4.104
291.813	1.01989	4.10467
292.144	1.01996	4.10533
292.476	1.02002	4.106
292.807	1.02009	4.10667
293.138	1.02015	4.10734
293.469	1.02022	4.108
293.8	1.02028	4.10867
294.132	1.02035	4.10934
294.463	1.02041	4.11001
294.794	1.02048	4.11068
295.125	1.02054	4.11135
295.457	1.02061	4.11201
295.788	1.02067	4.11268
296.119	1.02074	4.11335
296.45	1.0208	4.11402
296.781	1.02086	4.11469
297.113	1.02093	4.11536
297.444	1.02099	4.11603
297.775	1.02106	4.1167
298.106	1.02112	4.11737
298.434	1.02118	4.11804
298.766	1.02125	4.11871
299.097	1.02131	4.11938
299.428	1.02138	4.12005
299.759	1.02144	4.12072
300.09	1.0215	4.12139
300.422	1.02157	4.12207
300.753	1.02163	4.12274
301.084	1.02169	4.12341
301.415	1.02175	4.12408
301.747	1.02182	4.12476
302.078	1.02188	4.12543
302.409	1.02194	4.1261
302.74	1.02201	4.12678
303.071	1.02207	4.12745
303.403	1.02213	4.12812
303.734	1.02219	4.1288
304.065	1.02226	4.12947
304.396	1.02232	4.13015
304.728	1.02238	4.13082
305.059	1.02244	4.1315
305.39	1.0225	4.13217
305.721	1.02257	4.13285
306.052	1.02263	4.13352
306.384	1.02269	4.1342
306.715	1.02275	4.13488
307.046	1.02281	4.13555
307.377	1.02287	4.13623
307.709	1.02293	4.13691
308.04	1.023	4.13758
308.371	1.02306	4.13826
308.702	1.02312	4.13894
309.034	1.02318	4.13962
309.365	1.02324	4.14029
309.696	1.0233	4.14097
310.027	1.02336	4.14165
310.358	1.02342	4.14233
310.69	1.02348	4.14301
311.021	1.02354	4.14369
311.352	1.0236	4.14436
311.683	1.02366	4.14504
312.015	1.02372	4.14572
312.346	1.02378	4.1464
312.677	1.02384	4.14708
313.008	1.0239	4.14776
313.339	1.02396	4.14844
313.671	1.02402	4.14913
314.002	1.02408	4.14981
314.333	1.02414	4.15049
314.664	1.0242	4.15117
314.996	1.02426	4.15185
315.327	1.02432	4.15253
315.658	1.02438	4.15321
315.989	1.02444	4.1539
316.32	1.0245	4.15458
316.652	1.02456	4.15526
316.983	1.02461	4.15595
317.314	1.02467	4.15663
317.645	1.02473	4.15731
317.977	1.02479	4.158
318.308	1.02485	4.15868
318.639	1.02491	4.15936
318.97	1.02497	4.16005
319.302	1.02502	4.16073
319.633	1.02508	4.16142
319.964	1.02514	4.1621
320.295	1.0252	4.16279
320.626	1.02526	4.16347
320.958	1.02531	4.16416
321.289	1.02537	4.16485
321.62	1.02543	4.16553
321.951	1.02549	4.16622
322.283	1.02554	4.16691
322.614	1.0256	4.16759
322.945	1.02566	4.16828
323.276	1.02572	4.16897
323.607	1.02577	4.16966
323.939	1.02583	4.17034
324.27	1.02589	4.17103
324.601	1.02594	4.17172
324.932	1.026	4.17241
325.264	1.02606	4.1731
325.595	1.02611	4.17379
325.926	1.02617	4.17448
326.257	1.02623	4.17517
326.588	1.02628	4.17586
326.92	1.02634	4.17655
327.251	1.0264	4.17724
327.582	1.02645	4.17793
327.913	1.02651	4.17862
328.245	1.02656	4.17931
328.576	1.02662	4.18
328.907	1.02668	4.18069
329.238	1.02673	4.18138
329.569	1.02679	4.18207
329.901	1.02684	4.18277
330.232	1.0269	4.18346
330.563	1.02695	4.18415
330.894	1.02701	4.18485
331.226	1.02706	4.18554
331.557	1.02712	4.18623
331.888	1.02718	4.18693
332.219	1.02723	4.18762
332.551	1.02728	4.18831
332.882	1.02734	4.18901
333.213	1.02739	4.1897
333.544	1.02745	4.1904
333.875	1.0275	4.19109
334.207	1.02756	4.19179
334.538	1.02761	4.19248
334.869	1.02767	4.19318
335.2	1.02772	4.19388
335.532	1.02778	4.19457
335.863	1.02783	4.19527
336.194	1.02788	4.19597
336.525	1.02794	4.19666
336.856	1.02799	4.19736
337.188	1.02805	4.19806
337.519	1.0281	4.19876
337.85	1.02815	4.19946
338.181	1.02821	4.20015
338.513	1.02826	4.20085
338.844	1.02831	4.20155
339.175	1.02837	4.20225
339.506	1.02842	4.20295
339.837	1.02847	4.20365
340.169	1.02853	4.20435
340.5	1.02858	4.20505
340.831	1.02863	4.20575
341.162	1.02868	4.20645
341.494	1.02874	4.20715
341.825	1.02879	4.20786
342.156	1.02884	4.20856
342.487	1.0289	4.20926
342.819	1.02895	4.20996
343.15	1.029	4.21066
343.481	1.02905	4.21137
343.812	1.0291	4.21207
344.143	1.02916	4.21277
344.475	1.02921	4.21348
344.806	1.02926	4.21418
345.137	1.02931	4.21488
345.468	1.02936	4.21559
345.8	1.02942	4.21629
346.131	1.02947	4.217
346.462	1.02952	4.2177
346.793	1.02957	4.21841
347.124	1.02962	4.21911
347.456	1.02967	4.21982
347.787	1.02973	4.22052
348.118	1.02978	4.22123
348.449	1.02983	4.22194
348.781	1.02988	4.22264
349.112	1.02993	4.22335
349.443	1.02998	4.22406
349.774	1.03003	4.22477
350.105	1.03008	4.22547
350.437	1.03013	4.22618
350.768	1.03018	4.22689
351.099	1.03023	4.2276
351.43	1.03028	4.22831
351.762	1.03033	4.22902
352.093	1.03039	4.22973
352.424	1.03044	4.23044
352.755	1.03049	4.23115
353.087	1.03054	4.23186
353.418	1.03059	4.23257
353.749	1.03064	4.23328
354.08	1.03069	4.23399
354.411	1.03074	4.2347
354.743	1.03079	4.23541
355.074	1.03083	4.23612
355.405	1.03088	4.23684
355.736	1.03093	4.23755
356.068	1.03098	4.23826
356.399	1.03103	4.23897
356.73	1.03108	4.23969
357.061	1.03113	4.2404
357.392	1.03118	4.24112
357.724	1.03123	4.24183
358.055	1.03128	4.24254
358.386	1.03133	4.24326
358.717	1.03138	4.24397
359.049	1.03142	4.24469
359.38	1.03147	4.24541
359.711	1.03152	4.24612
360.042	1.03157	4.24684
360.373	1.03162	4.24755
360.705	1.03167	4.24827
361.036	1.03172	4.24899
361.367	1.03176	4.2497
361.698	1.03181	4.25042
362.03	1.03186	4.25114
362.361	1.03191	4.25186
362.692	1.03196	4.25258
363.023	1.032	4.25329
363.355	1.03205	4.25401
363.686	1.0321	4.25473
364.017	1.03215	4.25545
364.348	1.0322	4.25617
364.679	1.03224	4.25689
365.011	1.03229	4.25761
365.342	1.03234	4.25833
365.673	1.03238	4.25905
366.004	1.03243	4.25978
366.336	1.03248	4.2605
366.667	1.03253	4.26122
366.998	1.03257	4.26194
367.329	1.03262	4.26266
367.66	1.03267	4.26339
367.992	1.03271	4.26411
368.323	1.03276	4.26483
368.654	1.03281	4.26556
368.985	1.03285	4.26628
369.317	1.0329	4.267
369.648	1.03295	4.26773
369.979	1.03299	4.26845
370.31	1.03304	4.26918
370.641	1.03309	4.2699
370.973	1.03313	4.27063
371.304	1.03318	4.27136
371.635	1.03322	4.27208
371.966	1.03327	4.27281
372.298	1.03332	4.27353
372.629	1.03336	4.27426
372.96	1.03341	4.27499
373.291	1.03345	4.27572
373.623	1.0335	4.27644
373.954	1.03355	4.27717
374.285	1.03359	4.2779
374.616	1.03364	4.27863
374.947	1.03368	4.27936
375.279	1.03373	4.28009
375.61	1.03377	4.28082
375.941	1.03382	4.28155
376.272	1.03386	4.28228
376.604	1.03391	4.28301
376.935	1.03395	4.28374
377.266	1.034	4.28447
377.597	1.03404	4.2852
377.928	1.03409	4.28594
378.26	1.03413	4.28667
378.591	1.03418	4.2874
378.922	1.03422	4.28813
379.253	1.03427	4.28887
379.585	1.03431	4.2896
379.916	1.03435	4.29033
380.247	1.0344	4.29107
380.578	1.03444	4.2918
380.909	1.03449	4.29254
381.241	1.03453	4.29327
381.572	1.03458	4.29401
381.903	1.03462	4.29474
382.234	1.03466	4.29548
382.566	1.03471	4.29621
382.897	1.03475	4.29695
383.228	1.03479	4.29769
383.559	1.03484	4.29842
383.89	1.03488	4.29916
384.222	1.03492	4.2999
384.553	1.03497	4.30064
384.884	1.03501	4.30138
385.215	1.03505	4.30211
385.547	1.0351	4.30285
385.878	1.03514	4.30359
386.209	1.03518	4.30433
386.54	1.03523	4.30507
386.872	1.03527	4.30581
387.203	1.03531	4.30655
387.534	1.03536	4.30729
387.865	1.0354	4.30803
388.196	1.03544	4.30878
388.528	1.03548	4.30952
388.859	1.03553	4.31026
389.19	1.03557	4.311
389.521	1.03561	4.31175
389.853	1.03565	4.31249
390.184	1.0357	4.31323
390.515	1.03574	4.31398
390.846	1.03578	4.31472
391.177	1.03582	4.31546
391.509	1.03587	4.31621
391.84	1.03591	4.31695
392.171	1.03595	4.3177
392.502	1.03599	4.31844
392.834	1.03603	4.31919
393.165	1.03607	4.31994
393.496	1.03612	4.32068
393.827	1.03616	4.32143
394.158	1.0362	4.32218
394.49	1.03624	4.32292
394.821	1.03628	4.32367
395.152	1.03632	4.32442
395.483	1.03636	4.32517
395.815	1.03641	4.32592
396.146	1.03645	4.32667
396.477	1.03649	4.32742
396.808	1.03653	4.32817
397.14	1.03657	4.32892
397.471	1.03661	4.32967
397.802	1.03665	4.33042
398.133	1.03669	4.33117
398.464	1.03673	4.33192
398.796	1.03677	4.33267
399.127	1.03681	4.33342
399.458	1.03686	4.33418
399.789	1.0369	4.33493
400.121	1.03694	4.33568
400.452	1.03698	4.33644
400.783	1.03702	4.33719
401.114	1.03706	4.33794
401.445	1.0371	4.3387
401.777	1.03714	4.33945
402.108	1.03718	4.34021
402.439	1.03722	4.34096
402.77	1.03726	4.34172
403.102	1.0373	4.34248
403.433	1.03734	4.34323
403.764	1.03738	4.34399
404.095	1.03742	4.34475
404.426	1.03746	4.3455
404.758	1.0375	4.34626
405.089	1.03754	4.34702
405.42	1.03757	4.34778
405.751	1.03761	4.34854
406.083	1.03765	4.3493
406.414	1.03769	4.35006
406.745	1.03773	4.35082
407.076	1.03777	4.35158
407.408	1.03781	4.35234
407.739	1.03785	4.3531
408.07	1.03789	4.35386
408.401	1.03793	4.35462
408.732	1.03797	4.35538
409.064	1.038	4.35614
409.395	1.03804	4.35691
409.726	1.03808	4.35767
410.057	1.03812	4.35843
410.389	1.03816	4.3592
410.72	1.0382	4.35996
411.051	1.03824	4.36072
411.382	1.03827	4.36149
411.713	1.03831	4.36225
412.045	1.03835	4.36302
412.376	1.03839	4.36378
412.707	1.03843	4.36455
413.038	1.03846	4.36532
413.37	1.0385	4.36608
413.701	1.03854	4.36685
414.032	1.03858	4.36762
414.363	1.03862	4.36839
414.694	1.03865	4.36915
415.026	1.03869	4.36992
415.357	1.03873	4.37069
415.688	1.03877	4.37146
416.019	1.0388	4.37223
416.351	1.03884	4.373
416.682	1.03888	4.37377
417.013	1.03892	4.37454
417.344	1.03895	4.37531
417.676	1.03899	4.37608
418.007	1.03903	4.37686
418.338	1.03906	4.37763
418.669	1.0391	4.3784
419	1.03914	4.37917
419.332	1.03918	4.37995
419.663	1.03921	4.38072
419.994	1.03925	4.38149
420.325	1.03929	4.38227
420.657	1.03932	4.38304
420.988	1.03936	4.38382
421.319	1.0394	4.38459
421.65	1.03943	4.38537
421.981	1.03947	4.38614
422.313	1.03951	4.38692
422.644	1.03954	4.3877
422.975	1.03958	4.38847
423.306	1.03961	4.38925
423.638	1.03965	4.39003
423.969	1.03969	4.39081
424.3	1.03972	4.39159
424.631	1.03976	4.39236
424.962	1.03979	4.39314
425.294	1.03983	4.39392
425.625	1.03987	4.3947
425.956	1.0399	4.39548
426.287	1.03994	4.39626
426.619	1.03997	4.39705
426.95	1.04001	4.39783
427.281	1.04004	4.39861
427.612	1.04008	4.39939
427.944	1.04012	4.40017
428.275	1.04015	4.40096
428.606	1.04019	4.40174
428.937	1.04022	4.40252
429.268	1.04026	4.40331
429.6	1.04029	4.40409
429.931	1.04033	4.40488
430.262	1.04036	4.40566
430.593	1.0404	4.40645
430.925	1.04043	4.40723
431.256	1.04047	4.40802
431.587	1.0405	4.40881
431.918	1.04054	4.40959
432.249	1.04057	4.41038
432.581	1.04061	4.41117
432.912	1.04064	4.41196
433.243	1.04067	4.41274
433.574	1.04071	4.41353
433.906	1.04074	4.41432
434.237	1.04078	4.41511
434.568	1.04081	4.4159
434.899	1.04085	4.41669
435.23	1.04088	4.41748
435.562	1.04091	4.41828
435.893	1.04095	4.41907
436.224	1.04098	4.41986
436.555	1.04102	4.42065
436.887	1.04105	4.42144
437.218	1.04108	4.42224
437.549	1.04112	4.42303
437.88	1.04115	4.42382
438.212	1.04119	4.42462
438.543	1.04122	4.42541
438.874	1.04125	4.42621
439.205	1.04129	4.427
439.536	1.04132	4.4278
439.868	1.04135	4.4286
440.199	1.04139	4.42939
440.53	1.04142	4.43019
440.861	1.04145	4.43099
441.193	1.04149	4.43178
441.524	1.04152	4.43258
441.855	1.04155	4.43338
442.186	1.04159	4.43418
442.517	1.04162	4.43498
442.849	1.04165	4.43578
443.18	1.04168	4.43658
443.511	1.04172	4.43738
443.842	1.04175	4.43818
444.174	1.04178	4.43898
444.505	1.04182	4.43978
444.836	1.04185	4.44059
445.167	1.04188	4.44139
445.498	1.04191	4.44219
445.83	1.04195	4.44299
446.161	1.04198	4.4438
446.492	1.04201	4.4446
446.823	1.04204	4.44541
447.155	1.04207	4.44621
447.486	1.04211	4.44702
447.817	1.04214	4.44782
448.148	1.04217	4.44863
448.479	1.0422	4.44943
448.811	1.04224	4.45024
449.142	1.04227	4.45105
449.473	1.0423	4.45186
449.804	1.04233	4.45266
450.136	1.04236	4.45347
450.467	1.04239	4.45428
450.798	1.04243	4.45509
451.129	1.04246	4.4559
451.461	1.04249	4.45671
451.792	1.04252	4.45752
452.123	1.04255	4.45833
452.454	1.04258	4.45914
452.785	1.04261	4.45995
453.117	1.04265	4.46077
453.448	1.04268	4.46158
453.779	1.04271	4.46239
454.11	1.04274	4.4632
454.442	1.04277	4.46402
454.773	1.0428	4.46483
455.104	1.04283	4.46565
455.435	1.04286	4.46646
455.766	1.04289	4.46728
456.098	1.04293	4.46809
456.429	1.04296	4.46891
456.76	1.04299	4.46973
457.091	1.04302	4.47054
457.423	1.04305	4.47136
457.754	1.04308	4.47218
458.085	1.04311	4.473
458.416	1.04314	4.47381
458.747	1.04317	4.47463
459.079	1.0432	4.47545
459.41	1.04323	4.47627
459.741	1.04326	4.47709
460.072	1.04329	4.47791
460.404	1.04332	4.47874
460.735	1.04335	4.47956
461.066	1.04338	4.48038
461.397	1.04341	4.4812
461.729	1.04344	4.48202
462.06	1.04347	4.48285
462.391	1.0435	4.48367
462.722	1.04353	4.4845
463.053	1.04356	4.48532
463.385	1.04359	4.48614
463.716	1.04362	4.48697
464.047	1.04365	4.4878
464.378	1.04368	4.48862
464.71	1.04371	4.48945
465.041	1.04374	4.49028
465.372	1.04377	4.4911
465.703	1.0438	4.49193
466.034	1.04383	4.49276
466.366	1.04386	4.49359
466.697	1.04388	4.49442
467.028	1.04391	4.49525
467.359	1.04394	4.49608
467.691	1.04397	4.49691
468.022	1.044	4.49774
468.353	1.04403	4.49857
468.684	1.04406	4.4994
469.015	1.04409	4.50023
469.347	1.04412	4.50107
469.678	1.04415	4.5019
470.009	1.04417	4.50273
470.34	1.0442	4.50357
470.672	1.04423	4.5044
471.003	1.04426	4.50524
471.334	1.04429	4.50607
471.665	1.04432	4.50691
471.997	1.04435	4.50774
472.328	1.04437	4.50858
472.659	1.0444	4.50942
472.99	1.04443	4.51025
473.321	1.04446	4.51109
473.653	1.04449	4.51193
473.984	1.04451	4.51277
474.315	1.04454	4.51361
474.646	1.04457	4.51445
474.978	1.0446	4.51529
475.309	1.04463	4.51613
475.64	1.04465	4.51697
475.971	1.04468	4.51781
476.302	1.04471	4.51865
476.634	1.04474	4.51949
476.965	1.04477	4.52034
477.296	1.04479	4.52118
477.627	1.04482	4.52202
477.959	1.04485	4.52287
478.29	1.04488	4.52371
478.621	1.0449	4.52456
478.952	1.04493	4.5254
479.283	1.04496	4.52625
479.615	1.04499	4.5271
479.946	1.04501	4.52794
480.277	1.04504	4.52879
480.608	1.04507	4.52964
480.94	1.04509	4.53049
481.271	1.04512	4.53133
481.602	1.04515	4.53218
481.933	1.04518	4.53303
482.265	1.0452	4.53388
482.596	1.04523	4.53473
482.927	1.04526	4.53558
483.258	1.04528	4.53643
483.589	1.04531	4.53729
483.921	1.04534	4.53814
484.252	1.04536	4.53899
484.583	1.04539	4.53984
484.914	1.04542	4.5407
485.246	1.04544	4.54155
485.577	1.04547	4.54241
485.908	1.0455	4.54326
486.239	1.04552	4.54412
486.57	1.04555	4.54497
486.902	1.04557	4.54583
487.233	1.0456	4.54669
487.564	1.04563	4.54754
487.895	1.04565	4.5484
488.227	1.04568	4.54926
488.558	1.0457	4.55012
488.889	1.04573	4.55098
489.22	1.04576	4.55184
489.551	1.04578	4.5527
489.883	1.04581	4.55356
490.214	1.04583	4.55442
490.545	1.04586	4.55528
490.876	1.04589	4.55614
491.208	1.04591	4.557
491.539	1.04594	4.55787
491.87	1.04596	4.55873
492.201	1.04599	4.55959
492.533	1.04601	4.56046
492.864	1.04604	4.56132
493.195	1.04606	4.56219
493.526	1.04609	4.56305
493.857	1.04611	4.56392
494.189	1.04614	4.56479
494.52	1.04617	4.56565
494.851	1.04619	4.56652
495.182	1.04622	4.56739
495.514	1.04624	4.56826
495.845	1.04627	4.56913
496.176	1.04629	4.56999
496.507	1.04632	4.57086
496.838	1.04634	4.57174
497.17	1.04636	4.57261
497.501	1.04639	4.57348
497.832	1.04641	4.57435
498.163	1.04644	4.57522
498.495	1.04646	4.57609
498.826	1.04649	4.57697
499.157	1.04651	4.57784
499.488	1.04654	4.57872
499.819	1.04656	4.57959
