0	1.00149	3.55791
0	1.00149	3.55791
0.148129	1.00166	3.5582
0.296257	1.00213	3.55901
0.444386	1.00283	3.56022
0.592514	1.00368	3.56172
0.593996	1.00369	3.56173
0.742124	1.00463	3.5634
0.890253	1.00557	3.5651
1.03838	1.00647	3.56674
1.18651	1.00728	3.56822
1.33316	1.00797	3.56949
1.48129	1.00854	3.57058
1.62941	1.009	3.57147
1.77754	1.00935	3.57218
1.92567	1.00962	3.57277
2.0738	1.00984	3.57327
2.22193	1.01004	3.57376
2.37006	1.01025	3.57428
2.51819	1.01049	3.57488
2.66631	1.01077	3.57558
2.81444	1.01112	3.5764
2.96257	1.01151	3.57732
3.1107	1.01196	3.57835
3.25883	1.01245	3.57946
3.40696	1.01298	3.58064
3.55509	1.01351	3.58187
3.70322	1.01405	3.5831
3.85134	1.01459	3.58433
3.99947	1.0151	3.58554
4.1476	1.01558	3.58672
4.29573	1.01603	3.58786
4.44386	1.01644	3.58894
4.59199	1.01681	3.58996
4.74012	1.01714	3.59091
4.88824	1.01743	3.59181
5.03637	1.0177	3.59267
5.1845	1.01794	3.59351
5.33263	1.01817	3.59434
5.48076	1.0184	3.59517
5.62889	1.01863	3.59602
5.77702	1.01886	3.59688
5.92514	1.0191	3.59777
6.07327	1.01934	3.59868
6.2214	1.01959	3.59961
6.36953	1.01983	3.60054
6.51766	1.02007	3.60148
6.66579	1.02031	3.60241
6.81392	1.02053	3.60335
6.96204	1.02075	3.60428
7.11017	1.02096	3.6052
7.2583	1.02115	3.60611
7.40643	1.02133	3.60701
7.55456	1.0215	3.60789
7.70269	1.02165	3.60877
7.85082	1.02179	3.60963
7.99894	1.02191	3.61047
8.14707	1.02202	3.61131
8.2952	1.02213	3.61214
8.44333	1.02223	3.61297
8.59294	1.02232	3.6138
8.74107	1.0224	3.61463
8.8892	1.02249	3.61547
9.03733	1.02257	3.61631
9.18545	1.02264	3.61716
9.33358	1.02272	3.61801
9.48171	1.02279	3.61887
9.62984	1.02285	3.61972
9.77797	1.02291	3.62058
9.9261	1.02296	3.62143
10.0742	1.02301	3.62229
10.2224	1.02305	3.62314
10.3705	1.02308	3.62399
10.5186	1.02311	3.62485
10.6667	1.02314	3.6257
10.8149	1.02315	3.62655
10.963	1.02316	3.6274
11.1111	1.02317	3.62825
11.2593	1.02317	3.6291
11.4074	1.02317	3.62995
11.5555	1.02316	3.63081
11.7036	1.02315	3.63166
11.8518	1.02313	3.63252
11.9999	1.02311	3.63338
12.148	1.02309	3.63425
12.2962	1.02307	3.63512
12.4443	1.02304	3.63599
12.5924	1.02301	3.63687
12.7405	1.02298	3.63775
12.8887	1.02295	3.63864
13.0368	1.02291	3.63952
13.1849	1.02287	3.64041
13.3331	1.02283	3.64131
13.4812	1.02278	3.6422
13.6293	1.02273	3.6431
13.7774	1.02268	3.644
13.9256	1.02263	3.64491
14.0737	1.02257	3.64582
14.2218	1.02252	3.64673
14.37	1.02246	3.64764
14.5181	1.0224	3.64856
14.6662	1.02233	3.64948
14.8143	1.02227	3.65041
14.9625	1.0222	3.65134
15.1106	1.02213	3.65228
15.2587	1.02207	3.65322
15.4069	1.022	3.65416
15.555	1.02193	3.65511
15.7031	1.02185	3.65606
15.8512	1.02178	3.65702
15.9994	1.02171	3.65798
16.1475	1.02163	3.65895
16.2956	1.02156	3.65992
16.4438	1.02148	3.6609
16.5919	1.02141	3.66188
16.74	1.02133	3.66286
16.8881	1.02125	3.66385
17.0363	1.02117	3.66484
17.1844	1.02109	3.66584
17.3325	1.02101	3.66684
17.4807	1.02093	3.66785
17.6288	1.02085	3.66886
17.7769	1.02077	3.66987
17.925	1.0207	3.67089
18.0732	1.02062	3.67191
18.2213	1.02054	3.67294
18.3694	1.02046	3.67398
18.5176	1.02038	3.67501
18.6657	1.0203	3.67606
18.8138	1.02022	3.6771
18.9619	1.02014	3.67815
19.1101	1.02006	3.67921
19.2582	1.01998	3.68027
19.4063	1.0199	3.68134
19.5545	1.01983	3.68241
19.7026	1.01975	3.68348
19.8507	1.01967	3.68456
19.9988	1.0196	3.68564
20.147	1.01952	3.68673
20.2951	1.01944	3.68782
20.4432	1.01937	3.68891
20.5914	1.0193	3.69001
20.7395	1.01922	3.69112
20.8876	1.01915	3.69223
21.0357	1.01908	3.69334
21.1839	1.01901	3.69446
21.332	1.01894	3.69558
21.4801	1.01887	3.6967
21.6283	1.0188	3.69783
21.7764	1.01873	3.69897
21.9245	1.01866	3.7001
22.0726	1.0186	3.70125
22.2208	1.01853	3.70239
22.3689	1.01847	3.70354
22.5155	1.0184	3.70469
22.6637	1.01834	3.70584
22.8118	1.01828	3.707
22.9599	1.01822	3.70817
23.1081	1.01816	3.70934
23.2562	1.0181	3.71051
23.4043	1.01804	3.71169
23.5524	1.01798	3.71287
23.7006	1.01792	3.71406
23.8487	1.01787	3.71524
23.9968	1.01782	3.71644
24.145	1.01776	3.71763
24.2931	1.01771	3.71883
24.4412	1.01766	3.72003
24.5893	1.01761	3.72124
24.7375	1.01756	3.72245
24.8856	1.01751	3.72366
25.0337	1.01746	3.72488
25.1819	1.01741	3.7261
25.33	1.01737	3.72732
25.4781	1.01732	3.72855
25.6262	1.01728	3.72978
25.7744	1.01724	3.73101
25.9225	1.0172	3.73225
26.0706	1.01715	3.73349
26.2188	1.01711	3.73473
26.3669	1.01708	3.73598
26.515	1.01704	3.73723
26.6631	1.017	3.73848
26.8113	1.01696	3.73974
26.9594	1.01693	3.74099
27.1075	1.01689	3.74226
27.2557	1.01686	3.74352
27.4038	1.01683	3.74479
27.5519	1.0168	3.74606
27.7	1.01677	3.74733
27.8482	1.01674	3.7486
27.9963	1.01671	3.74988
28.1444	1.01668	3.75116
28.2926	1.01665	3.75245
28.4407	1.01663	3.75373
28.5888	1.0166	3.75502
28.7369	1.01657	3.75632
28.8851	1.01655	3.75761
29.0332	1.01653	3.75891
29.1813	1.01651	3.76021
29.3295	1.01648	3.76151
29.4776	1.01646	3.76281
29.6257	1.01644	3.76412
29.7738	1.01642	3.76543
29.922	1.0164	3.76674
30.0701	1.01639	3.76806
30.2182	1.01637	3.76937
30.3664	1.01635	3.77069
30.5145	1.01634	3.77201
30.6626	1.01632	3.77334
30.8107	1.01631	3.77466
30.9589	1.01629	3.77599
31.107	1.01628	3.77732
31.2551	1.01627	3.77866
31.4033	1.01625	3.77999
31.5514	1.01624	3.78133
31.6995	1.01623	3.78267
31.8476	1.01622	3.78401
31.9958	1.01621	3.78535
32.1439	1.0162	3.7867
32.292	1.01619	3.78805
32.4402	1.01619	3.7894
32.5883	1.01618	3.79075
32.7364	1.01617	3.7921
32.8845	1.01616	3.79346
33.0327	1.01616	3.79482
33.1808	1.01615	3.79618
33.3289	1.01615	3.79754
33.4771	1.01614	3.7989
33.6252	1.01614	3.80027
33.7733	1.01614	3.80164
33.9215	1.01613	3.80301
34.0696	1.01613	3.80438
34.2177	1.01613	3.80575
34.3658	1.01612	3.80713
34.514	1.01612	3.80851
34.6621	1.01612	3.80989
34.8102	1.01612	3.81127
34.9584	1.01612	3.81265
35.1065	1.01612	3.81403
35.2546	1.01612	3.81542
35.4027	1.01612	3.81681
35.5523	1.01612	3.81821
35.7005	1.01612	3.8196
35.8486	1.01612	3.821
35.9967	1.01613	3.82239
36.1449	1.01613	3.82379
36.293	1.01613	3.82519
36.4411	1.01613	3.82659
36.5892	1.01614	3.82799
36.7374	1.01614	3.8294
36.8855	1.01614	3.8308
37.0336	1.01615	3.83221
37.1818	1.01615	3.83362
37.3299	1.01615	3.83503
37.478	1.01616	3.83644
37.6261	1.01616	3.83785
37.7743	1.01617	3.83927
37.9224	1.01617	3.84069
38.0705	1.01618	3.84211
38.2187	1.01618	3.84353
38.3668	1.01619	3.84495
38.5149	1.01619	3.84637
38.663	1.0162	3.8478
38.8112	1.01621	3.84923
38.9593	1.01621	3.85065
39.1074	1.01622	3.85208
39.2556	1.01623	3.85352
39.4037	1.01623	3.85495
39.5518	1.01624	3.85639
39.6999	1.01625	3.85782
39.8481	1.01625	3.85926
39.9962	1.01626	3.8607
40.1443	1.01627	3.86214
40.2925	1.01628	3.86358
40.4406	1.01628	3.86503
40.5887	1.01629	3.86648
40.7368	1.0163	3.86792
40.885	1.01631	3.86937
41.0331	1.01632	3.87082
41.1812	1.01632	3.87228
41.3294	1.01633	3.87373
41.4775	1.01634	3.87518
41.6256	1.01635	3.87664
41.7737	1.01636	3.8781
41.9219	1.01637	3.87956
42.07	1.01637	3.88102
42.2181	1.01638	3.88249
42.3663	1.01639	3.88395
42.5144	1.0164	3.88542
42.6625	1.01641	3.88689
42.8106	1.01642	3.88835
42.9588	1.01643	3.88983
43.1069	1.01644	3.8913
43.255	1.01645	3.89277
43.4032	1.01645	3.89425
43.5513	1.01646	3.89573
43.6994	1.01647	3.8972
43.8475	1.01648	3.89868
43.9957	1.01649	3.90017
44.1438	1.0165	3.90165
44.2919	1.01651	3.90314
44.4401	1.01652	3.90462
44.5882	1.01653	3.90611
44.7363	1.01654	3.9076
44.8844	1.01655	3.90909
45.0326	1.01656	3.91058
45.1807	1.01657	3.91208
45.3288	1.01658	3.91357
45.477	1.01659	3.91507
45.6251	1.01659	3.91657
45.7732	1.0166	3.91807
45.9213	1.01661	3.91957
46.0695	1.01662	3.92108
46.2176	1.01663	3.92258
46.3657	1.01664	3.92409
46.5139	1.01665	3.9256
46.662	1.01666	3.92711
46.8101	1.01667	3.92862
46.9582	1.01668	3.93013
47.1064	1.01669	3.93165
47.2545	1.0167	3.93316
47.4026	1.01671	3.93468
47.5508	1.01672	3.9362
47.6989	1.01673	3.93772
47.847	1.01674	3.93925
47.9951	1.01675	3.94077
48.1433	1.01676	3.9423
48.2914	1.01677	3.94382
48.4395	1.01678	3.94535
48.5877	1.01679	3.94688
48.7358	1.01679	3.94842
48.8839	1.0168	3.94995
49.032	1.01681	3.95148
49.1802	1.01682	3.95302
49.3283	1.01683	3.95456
49.4764	1.01684	3.9561
49.6246	1.01685	3.95764
49.7727	1.01686	3.95919
49.9208	1.01687	3.96073
50.0689	1.01688	3.96228
50.2171	1.01689	3.96383
50.3652	1.0169	3.96538
50.5133	1.01691	3.96693
50.6615	1.01692	3.96848
50.8096	1.01692	3.97004
50.9577	1.01693	3.97159
51.1058	1.01694	3.97315
51.254	1.01695	3.97471
51.4021	1.01696	3.97627
51.5502	1.01697	3.97784
51.6984	1.01698	3.9794
51.8465	1.01699	3.98097
51.9946	1.017	3.98254
52.1427	1.017	3.98411
52.2909	1.01701	3.98568
52.439	1.01702	3.98725
52.5871	1.01703	3.98883
52.7353	1.01704	3.9904
52.8834	1.01705	3.99198
53.0315	1.01706	3.99356
53.1796	1.01707	3.99514
53.3278	1.01707	3.99673
53.4759	1.01708	3.99831
53.624	1.01709	3.9999
53.7722	1.0171	4.00149
53.9203	1.01711	4.00308
54.0684	1.01712	4.00467
54.2165	1.01712	4.00626
54.3647	1.01713	4.00786
54.5128	1.01714	4.00946
54.6609	1.01715	4.01106
54.8091	1.01716	4.01266
54.9572	1.01717	4.01426
55.1053	1.01717	4.01586
55.2535	1.01718	4.01747
55.4016	1.01719	4.01908
55.5497	1.0172	4.02069
55.6978	1.01721	4.0223
55.846	1.01721	4.02391
55.9941	1.01722	4.02553
56.1422	1.01723	4.02714
56.2904	1.01724	4.02876
56.4385	1.01724	4.03038
56.5866	1.01725	4.032
56.7347	1.01726	4.03363
56.8829	1.01727	4.03525
57.031	1.01727	4.03688
57.1791	1.01728	4.03851
57.3273	1.01729	4.04014
57.4754	1.0173	4.04177
57.6235	1.0173	4.04341
57.7716	1.01731	4.04504
57.9198	1.01732	4.04668
58.0679	1.01733	4.04832
58.216	1.01733	4.04996
58.3642	1.01734	4.05161
58.5123	1.01735	4.05325
58.6604	1.01735	4.0549
58.8085	1.01736	4.05655
58.9567	1.01737	4.0582
59.1048	1.01737	4.05985
59.2529	1.01738	4.06151
59.4011	1.01739	4.06316
59.5492	1.01739	4.06482
59.6973	1.0174	4.06648
59.8454	1.01741	4.06814
59.9936	1.01741	4.06981
60.1417	1.01742	4.07147
60.2898	1.01743	4.07314
60.438	1.01743	4.07481
60.5861	1.01744	4.07648
60.7342	1.01745	4.07816
60.8823	1.01745	4.07983
61.0305	1.01746	4.08151
61.1786	1.01746	4.08319
61.3267	1.01747	4.08487
61.4749	1.01748	4.08655
61.623	1.01748	4.08824
61.7711	1.01749	4.08992
61.9192	1.01749	4.09161
62.0674	1.0175	4.0933
62.2155	1.01751	4.095
62.3636	1.01751	4.09669
62.5118	1.01752	4.09839
62.6599	1.01752	4.10009
62.808	1.01753	4.10179
62.9561	1.01753	4.10349
63.1043	1.01754	4.10519
63.2524	1.01755	4.1069
63.4005	1.01755	4.10861
63.5487	1.01756	4.11032
63.6968	1.01756	4.11203
63.8449	1.01757	4.11374
63.993	1.01757	4.11546
64.1412	1.01758	4.11718
64.2893	1.01758	4.1189
64.4374	1.01759	4.12062
64.5856	1.01759	4.12235
64.7337	1.0176	4.12407
64.8818	1.0176	4.1258
65.0299	1.01761	4.12753
65.1781	1.01761	4.12926
65.3262	1.01762	4.131
65.4743	1.01762	4.13274
65.6225	1.01763	4.13447
65.7706	1.01763	4.13621
65.9187	1.01764	4.13796
66.0668	1.01764	4.1397
66.215	1.01764	4.14145
66.3631	1.01765	4.1432
66.5112	1.01765	4.14495
66.6594	1.01766	4.1467
66.8075	1.01766	4.14846
66.9556	1.01767	4.15021
67.1037	1.01767	4.15197
67.2519	1.01767	4.15373
67.4	1.01768	4.1555
67.5481	1.01768	4.15726
67.6963	1.01769	4.15903
67.8444	1.01769	4.1608
67.9925	1.01769	4.16257
68.1406	1.0177	4.16435
68.2888	1.0177	4.16612
68.4369	1.01771	4.1679
68.585	1.01771	4.16968
68.7332	1.01771	4.17146
68.8813	1.01772	4.17325
69.0294	1.01772	4.17504
69.1775	1.01772	4.17682
69.3257	1.01773	4.17862
69.4738	1.01773	4.18041
69.6219	1.01773	4.1822
69.7701	1.01774	4.184
69.9182	1.01774	4.1858
70.0663	1.01774	4.1876
70.2144	1.01775	4.18941
70.3626	1.01775	4.19121
70.5107	1.01775	4.19302
70.6588	1.01776	4.19483
70.807	1.01776	4.19665
70.9551	1.01776	4.19846
71.1032	1.01776	4.20028
71.2513	1.01777	4.2021
71.3995	1.01777	4.20392
71.5476	1.01777	4.20574
71.6957	1.01778	4.20757
71.8439	1.01778	4.2094
71.992	1.01778	4.21123
72.1401	1.01778	4.21306
72.2882	1.01779	4.2149
72.4364	1.01779	4.21674
72.5845	1.01779	4.21858
72.7326	1.01779	4.22042
72.8808	1.01779	4.22226
73.0289	1.0178	4.22411
73.177	1.0178	4.22596
73.3251	1.0178	4.22781
73.4733	1.0178	4.22966
73.6214	1.01781	4.23152
73.7695	1.01781	4.23338
73.9177	1.01781	4.23524
74.0658	1.01781	4.2371
74.2139	1.01781	4.23896
74.362	1.01781	4.24083
74.5102	1.01782	4.2427
74.6583	1.01782	4.24457
74.8064	1.01782	4.24645
74.9546	1.01782	4.24832
75.1027	1.01782	4.2502
75.2508	1.01782	4.25208
75.3989	1.01783	4.25397
75.5471	1.01783	4.25585
75.6952	1.01783	4.25774
75.8433	1.01783	4.25963
75.9915	1.01783	4.26152
76.1396	1.01783	4.26342
76.2877	1.01783	4.26532
76.4358	1.01783	4.26722
76.584	1.01783	4.26912
76.7321	1.01784	4.27103
76.8802	1.01784	4.27293
77.0284	1.01784	4.27484
77.1765	1.01784	4.27676
77.3246	1.01784	4.27867
77.4727	1.01784	4.28059
77.6209	1.01784	4.28251
77.769	1.01784	4.28443
77.9171	1.01784	4.28635
78.0653	1.01784	4.28828
78.2134	1.01784	4.29021
78.3615	1.01784	4.29214
78.5096	1.01784	4.29407
78.6578	1.01784	4.29601
78.8059	1.01784	4.29795
78.954	1.01784	4.29989
79.1022	1.01784	4.30183
79.2503	1.01784	4.30378
79.3984	1.01785	4.30573
79.5465	1.01785	4.30768
79.6947	1.01785	4.30963
79.8428	1.01785	4.31159
79.9909	1.01785	4.31355
80.1391	1.01784	4.31551
80.2872	1.01784	4.31747
80.4353	1.01784	4.31944
80.5834	1.01784	4.32141
80.7316	1.01784	4.32338
80.8797	1.01784	4.32536
81.0278	1.01784	4.32733
81.176	1.01784	4.32931
81.3241	1.01784	4.33129
81.4722	1.01784	4.33328
81.6203	1.01784	4.33526
81.7685	1.01784	4.33725
81.9166	1.01784	4.33924
82.0647	1.01784	4.34124
82.2129	1.01784	4.34323
82.361	1.01784	4.34523
82.5091	1.01784	4.34724
82.6572	1.01784	4.34924
82.8054	1.01783	4.35125
82.9535	1.01783	4.35326
83.1016	1.01783	4.35527
83.2498	1.01783	4.35728
83.3979	1.01783	4.3593
83.546	1.01783	4.36132
83.6941	1.01783	4.36334
83.8423	1.01783	4.36537
83.9904	1.01783	4.3674
84.1385	1.01782	4.36943
84.2867	1.01782	4.37146
84.4348	1.01782	4.3735
84.5829	1.01782	4.37554
84.731	1.01782	4.37758
84.8792	1.01782	4.37962
85.0273	1.01781	4.38167
85.1754	1.01781	4.38372
85.3236	1.01781	4.38577
85.4717	1.01781	4.38782
85.6198	1.01781	4.38988
85.7679	1.01781	4.39194
85.9161	1.0178	4.394
86.0642	1.0178	4.39607
86.2123	1.0178	4.39814
86.3605	1.0178	4.40021
86.5086	1.0178	4.40228
86.6567	1.01779	4.40436
86.8048	1.01779	4.40644
86.953	1.01779	4.40852
87.1011	1.01779	4.4106
87.2492	1.01778	4.41269
87.3974	1.01778	4.41478
87.5455	1.01778	4.41687
87.6936	1.01778	4.41897
87.8417	1.01777	4.42106
87.9899	1.01777	4.42317
88.138	1.01777	4.42527
88.2861	1.01777	4.42737
88.4343	1.01776	4.42948
88.5824	1.01776	4.4316
88.7305	1.01776	4.43371
88.8786	1.01776	4.43583
89.0268	1.01775	4.43795
89.1749	1.01775	4.44007
89.323	1.01775	4.4422
89.4712	1.01774	4.44433
89.6193	1.01774	4.44646
89.7674	1.01774	4.44859
89.9155	1.01773	4.45073
90.0637	1.01773	4.45287
90.2118	1.01773	4.45501
90.3599	1.01773	4.45716
90.5081	1.01772	4.4593
90.6562	1.01772	4.46146
90.8043	1.01772	4.46361
90.9524	1.01771	4.46577
91.1006	1.01771	4.46793
91.2487	1.0177	4.47009
91.3968	1.0177	4.47225
91.545	1.0177	4.47442
91.6931	1.01769	4.47659
91.8412	1.01769	4.47877
91.9893	1.01769	4.48095
92.1375	1.01768	4.48313
92.2856	1.01768	4.48531
92.4337	1.01768	4.48749
92.5819	1.01767	4.48968
92.73	1.01767	4.49187
92.8781	1.01766	4.49407
93.0262	1.01766	4.49627
93.1744	1.01766	4.49847
93.3225	1.01765	4.50067
93.4706	1.01765	4.50288
93.6188	1.01764	4.50508
93.7669	1.01764	4.5073
93.915	1.01763	4.50951
94.0631	1.01763	4.51173
94.2113	1.01763	4.51395
94.3594	1.01762	4.51617
94.5075	1.01762	4.5184
94.6557	1.01761	4.52063
94.8038	1.01761	4.52286
94.9519	1.0176	4.5251
95.1	1.0176	4.52734
95.2482	1.01759	4.52958
95.3963	1.01759	4.53182
95.5444	1.01758	4.53407
95.6926	1.01758	4.53632
95.8407	1.01757	4.53858
95.9888	1.01757	4.54083
96.1369	1.01756	4.54309
96.2851	1.01756	4.54536
96.4332	1.01755	4.54762
96.5813	1.01755	4.54989
96.7295	1.01754	4.55216
96.8776	1.01754	4.55444
97.0257	1.01753	4.55672
97.1738	1.01753	4.559
97.322	1.01752	4.56128
97.4701	1.01752	4.56357
97.6182	1.01751	4.56586
97.7664	1.01751	4.56815
97.9145	1.0175	4.57045
98.0626	1.0175	4.57275
98.2107	1.01749	4.57505
98.3589	1.01749	4.57736
98.507	1.01748	4.57966
98.6551	1.01747	4.58198
98.8033	1.01747	4.58429
98.9514	1.01746	4.58661
99.0995	1.01746	4.58893
99.2476	1.01745	4.59125
99.3958	1.01745	4.59358
99.5439	1.01744	4.59591
99.692	1.01743	4.59825
99.8402	1.01743	4.60058
99.9883	1.01742	4.60292
100.136	1.01742	4.60527
100.285	1.01741	4.60761
100.433	1.0174	4.60996
100.581	1.0174	4.61231
100.729	1.01739	4.61467
100.877	1.01739	4.61703
101.025	1.01738	4.61939
101.173	1.01737	4.62176
101.321	1.01737	4.62413
101.47	1.01736	4.6265
101.618	1.01735	4.62887
101.766	1.01735	4.63125
101.914	1.01734	4.63363
102.062	1.01733	4.63602
102.21	1.01733	4.6384
102.358	1.01732	4.64079
102.506	1.01731	4.64319
102.655	1.01731	4.64559
102.803	1.0173	4.64799
102.951	1.01729	4.65039
103.099	1.01729	4.6528
103.247	1.01728	4.65521
103.395	1.01727	4.65762
103.543	1.01727	4.66004
103.692	1.01726	4.66246
103.84	1.01725	4.66488
103.988	1.01725	4.66731
104.136	1.01724	4.66974
104.284	1.01723	4.67217
104.432	1.01722	4.67461
104.58	1.01722	4.67705
104.728	1.01721	4.67949
104.877	1.0172	4.68194
105.025	1.0172	4.68439
105.173	1.01719	4.68684
105.321	1.01718	4.6893
105.469	1.01717	4.69176
105.617	1.01717	4.69422
105.765	1.01716	4.69669
105.913	1.01715	4.69915
106.062	1.01714	4.70163
106.21	1.01714	4.7041
106.358	1.01713	4.70658
106.506	1.01712	4.70907
106.654	1.01711	4.71155
106.802	1.0171	4.71404
106.95	1.0171	4.71654
107.098	1.01709	4.71903
107.247	1.01708	4.72153
107.395	1.01707	4.72403
107.543	1.01707	4.72654
107.691	1.01706	4.72905
107.839	1.01705	4.73156
107.987	1.01704	4.73408
108.135	1.01703	4.7366
108.283	1.01703	4.73912
108.432	1.01702	4.74165
108.58	1.01701	4.74418
108.728	1.017	4.74672
108.876	1.01699	4.74925
109.024	1.01698	4.75179
109.172	1.01698	4.75434
109.32	1.01697	4.75688
109.469	1.01696	4.75944
109.617	1.01695	4.76199
109.765	1.01694	4.76455
109.913	1.01693	4.76711
110.061	1.01692	4.76967
110.209	1.01692	4.77224
110.357	1.01691	4.77481
110.505	1.0169	4.77739
110.654	1.01689	4.77997
110.802	1.01688	4.78255
110.95	1.01687	4.78513
111.098	1.01686	4.78772
111.246	1.01685	4.79032
111.394	1.01685	4.79291
111.542	1.01684	4.79551
111.69	1.01683	4.79811
111.839	1.01682	4.80072
111.987	1.01681	4.80333
112.135	1.0168	4.80594
112.283	1.01679	4.80856
112.431	1.01678	4.81118
112.579	1.01677	4.8138
112.727	1.01676	4.81643
112.875	1.01675	4.81906
113.024	1.01675	4.8217
113.172	1.01674	4.82434
113.32	1.01673	4.82698
113.468	1.01672	4.82962
113.616	1.01671	4.83227
113.764	1.0167	4.83492
113.912	1.01669	4.83758
114.061	1.01668	4.84024
114.209	1.01667	4.8429
114.357	1.01666	4.84557
114.505	1.01665	4.84824
114.653	1.01664	4.85091
114.801	1.01663	4.85359
114.949	1.01662	4.85627
115.097	1.01661	4.85896
115.246	1.0166	4.86165
115.394	1.01659	4.86434
115.542	1.01658	4.86703
115.69	1.01657	4.86973
115.838	1.01656	4.87243
115.986	1.01655	4.87514
116.134	1.01654	4.87785
116.282	1.01653	4.88056
116.431	1.01652	4.88328
116.579	1.01651	4.886
116.727	1.0165	4.88873
116.875	1.01649	4.89145
117.023	1.01648	4.89419
117.171	1.01647	4.89692
117.319	1.01646	4.89966
117.467	1.01645	4.9024
117.616	1.01644	4.90515
117.764	1.01643	4.9079
117.912	1.01642	4.91065
118.06	1.01641	4.91341
118.208	1.0164	4.91617
118.356	1.01639	4.91894
118.504	1.01638	4.92171
118.652	1.01637	4.92448
118.801	1.01636	4.92725
118.949	1.01635	4.93003
119.097	1.01634	4.93282
119.245	1.01632	4.9356
119.393	1.01631	4.9384
119.541	1.0163	4.94119
119.689	1.01629	4.94399
119.838	1.01628	4.94679
119.986	1.01627	4.9496
120.134	1.01626	4.95241
120.282	1.01625	4.95522
120.43	1.01624	4.95804
120.578	1.01623	4.96086
120.726	1.01622	4.96368
120.874	1.01621	4.96651
121.023	1.01619	4.96934
121.171	1.01618	4.97218
121.319	1.01617	4.97502
121.467	1.01616	4.97786
121.615	1.01615	4.98071
121.763	1.01614	4.98356
121.911	1.01613	4.98641
122.059	1.01612	4.98927
122.208	1.0161	4.99213
122.356	1.01609	4.995
122.504	1.01608	4.99787
122.652	1.01607	5.00074
122.8	1.01606	5.00362
122.948	1.01605	5.0065
123.096	1.01604	5.00938
123.244	1.01602	5.01227
123.393	1.01601	5.01517
123.541	1.016	5.01806
123.689	1.01599	5.02096
123.837	1.01598	5.02387
123.985	1.01597	5.02677
124.133	1.01595	5.02968
124.281	1.01594	5.0326
124.43	1.01593	5.03552
124.578	1.01592	5.03844
124.726	1.01591	5.04137
124.874	1.0159	5.0443
125.022	1.01588	5.04724
125.17	1.01587	5.05017
125.318	1.01586	5.05312
125.466	1.01585	5.05606
125.615	1.01584	5.05901
125.763	1.01582	5.06197
125.911	1.01581	5.06492
126.059	1.0158	5.06789
126.207	1.01579	5.07085
126.355	1.01578	5.07382
126.503	1.01576	5.0768
126.651	1.01575	5.07977
126.8	1.01574	5.08275
126.948	1.01573	5.08574
127.096	1.01571	5.08873
127.244	1.0157	5.09172
127.392	1.01569	5.09472
127.54	1.01568	5.09772
127.688	1.01566	5.10072
127.836	1.01565	5.10373
127.985	1.01564	5.10674
128.133	1.01563	5.10976
128.281	1.01562	5.11278
128.429	1.0156	5.1158
128.577	1.01559	5.11883
128.725	1.01558	5.12187
128.873	1.01556	5.1249
129.021	1.01555	5.12794
129.17	1.01554	5.13099
129.318	1.01553	5.13403
129.466	1.01551	5.13708
129.614	1.0155	5.14014
129.762	1.01549	5.1432
129.91	1.01548	5.14626
130.058	1.01546	5.14933
130.207	1.01545	5.1524
130.355	1.01544	5.15548
130.503	1.01542	5.15856
130.651	1.01541	5.16164
130.799	1.0154	5.16473
130.947	1.01539	5.16782
131.095	1.01537	5.17092
131.243	1.01536	5.17402
131.392	1.01535	5.17712
131.54	1.01533	5.18023
131.688	1.01532	5.18334
131.836	1.01531	5.18645
131.984	1.01529	5.18957
132.132	1.01528	5.1927
132.28	1.01527	5.19582
132.428	1.01525	5.19895
132.577	1.01524	5.20209
132.725	1.01523	5.20523
132.873	1.01521	5.20837
133.021	1.0152	5.21152
133.169	1.01519	5.21467
133.317	1.01517	5.21783
133.465	1.01516	5.22099
133.613	1.01515	5.22415
133.762	1.01513	5.22732
133.91	1.01512	5.23049
134.058	1.01511	5.23366
134.206	1.01509	5.23684
134.354	1.01508	5.24003
134.502	1.01507	5.24322
134.65	1.01505	5.24641
134.799	1.01504	5.2496
134.947	1.01503	5.2528
135.095	1.01501	5.25601
135.243	1.015	5.25922
135.391	1.01499	5.26243
135.539	1.01497	5.26564
135.687	1.01496	5.26886
135.835	1.01494	5.27209
135.984	1.01493	5.27532
136.132	1.01492	5.27855
136.28	1.0149	5.28178
136.428	1.01489	5.28502
136.576	1.01488	5.28827
136.724	1.01486	5.29152
136.872	1.01485	5.29477
137.02	1.01483	5.29803
137.169	1.01482	5.30129
137.317	1.01481	5.30455
137.465	1.01479	5.30782
137.613	1.01478	5.31109
137.761	1.01476	5.31437
137.909	1.01475	5.31765
138.057	1.01474	5.32094
138.205	1.01472	5.32423
138.354	1.01471	5.32752
138.502	1.01469	5.33082
138.65	1.01468	5.33412
138.798	1.01466	5.33743
138.946	1.01465	5.34074
139.094	1.01464	5.34405
139.242	1.01462	5.34737
139.39	1.01461	5.35069
139.539	1.01459	5.35402
139.687	1.01458	5.35735
139.835	1.01456	5.36068
139.983	1.01455	5.36402
140.131	1.01454	5.36736
140.279	1.01452	5.37071
140.427	1.01451	5.37406
140.576	1.01449	5.37742
140.724	1.01448	5.38077
140.872	1.01446	5.38414
141.02	1.01445	5.3875
141.168	1.01444	5.39088
141.316	1.01442	5.39425
141.464	1.01441	5.39763
141.612	1.01439	5.40102
141.761	1.01438	5.4044
141.909	1.01436	5.4078
142.057	1.01435	5.41119
142.205	1.01433	5.41459
142.353	1.01432	5.418
142.501	1.0143	5.42141
142.649	1.01429	5.42482
142.797	1.01427	5.42824
142.946	1.01426	5.43166
143.094	1.01425	5.43508
143.242	1.01423	5.43851
143.39	1.01422	5.44195
143.538	1.0142	5.44538
143.686	1.01419	5.44882
143.834	1.01417	5.45227
143.982	1.01416	5.45572
144.131	1.01414	5.45918
144.279	1.01413	5.46263
144.427	1.01411	5.4661
144.575	1.0141	5.46956
144.723	1.01408	5.47303
144.871	1.01407	5.47651
145.019	1.01405	5.47999
145.168	1.01404	5.48347
145.316	1.01402	5.48696
145.464	1.01401	5.49045
145.612	1.01399	5.49395
145.76	1.01398	5.49745
145.908	1.01396	5.50095
146.056	1.01395	5.50446
146.204	1.01393	5.50797
146.353	1.01392	5.51149
146.501	1.0139	5.51501
146.649	1.01389	5.51853
146.797	1.01387	5.52206
146.945	1.01386	5.5256
147.093	1.01384	5.52913
147.241	1.01383	5.53267
147.389	1.01381	5.53622
147.538	1.0138	5.53977
147.686	1.01378	5.54332
147.834	1.01377	5.54688
147.982	1.01375	5.55044
148.13	1.01374	5.55401
148.278	1.01372	5.55758
148.426	1.01371	5.56116
148.574	1.01369	5.56474
148.723	1.01368	5.56832
148.871	1.01366	5.57191
149.019	1.01364	5.5755
149.167	1.01363	5.57909
149.315	1.01361	5.58269
149.463	1.0136	5.5863
149.611	1.01358	5.58991
149.759	1.01357	5.59352
149.908	1.01355	5.59713
150.056	1.01354	5.60076
150.204	1.01352	5.60438
150.352	1.01351	5.60801
150.5	1.01349	5.61164
150.648	1.01348	5.61528
150.796	1.01346	5.61892
150.945	1.01344	5.62257
151.093	1.01343	5.62622
151.241	1.01341	5.62987
151.389	1.0134	5.63353
151.537	1.01338	5.63719
151.685	1.01337	5.64086
151.833	1.01335	5.64453
151.981	1.01334	5.6482
152.13	1.01332	5.65188
152.278	1.01331	5.65557
152.426	1.01329	5.65925
152.574	1.01327	5.66294
152.722	1.01326	5.66664
152.87	1.01324	5.67034
153.018	1.01323	5.67404
153.166	1.01321	5.67775
153.315	1.0132	5.68146
153.463	1.01318	5.68518
153.611	1.01317	5.6889
153.759	1.01315	5.69262
153.907	1.01313	5.69635
154.055	1.01312	5.70009
154.203	1.0131	5.70382
154.351	1.01309	5.70757
154.5	1.01307	5.71131
154.648	1.01306	5.71506
154.796	1.01304	5.71881
154.944	1.01302	5.72257
155.092	1.01301	5.72633
155.24	1.01299	5.7301
155.388	1.01298	5.73387
155.537	1.01296	5.73765
155.685	1.01295	5.74142
155.833	1.01293	5.74521
155.981	1.01291	5.74899
156.129	1.0129	5.75278
156.277	1.01288	5.75658
156.425	1.01287	5.76038
156.573	1.01285	5.76418
156.722	1.01284	5.76799
156.87	1.01282	5.7718
157.018	1.0128	5.77562
157.166	1.01279	5.77944
157.314	1.01277	5.78326
157.462	1.01276	5.78709
157.61	1.01274	5.79092
157.758	1.01273	5.79476
157.907	1.01271	5.7986
158.055	1.01269	5.80244
158.203	1.01268	5.80629
158.351	1.01266	5.81015
158.499	1.01265	5.814
158.647	1.01263	5.81786
158.795	1.01261	5.82173
158.943	1.0126	5.8256
159.092	1.01258	5.82947
159.24	1.01257	5.83335
159.388	1.01255	5.83723
159.536	1.01254	5.84112
159.684	1.01252	5.84501
159.832	1.0125	5.8489
159.98	1.01249	5.8528
160.129	1.01247	5.8567
160.277	1.01246	5.86061
160.425	1.01244	5.86452
160.573	1.01242	5.86843
160.721	1.01241	5.87235
160.869	1.01239	5.87627
161.017	1.01238	5.8802
161.165	1.01236	5.88413
161.314	1.01235	5.88807
161.462	1.01233	5.89201
161.61	1.01231	5.89595
161.758	1.0123	5.8999
161.906	1.01228	5.90385
162.054	1.01227	5.9078
162.202	1.01225	5.91176
162.35	1.01223	5.91573
162.499	1.01222	5.91969
162.647	1.0122	5.92367
162.795	1.01219	5.92764
162.943	1.01217	5.93162
163.091	1.01215	5.9356
163.239	1.01214	5.93959
163.387	1.01212	5.94358
163.535	1.01211	5.94758
163.684	1.01209	5.95158
163.832	1.01208	5.95558
163.98	1.01206	5.95959
164.128	1.01204	5.9636
164.276	1.01203	5.96762
164.424	1.01201	5.97164
164.572	1.012	5.97566
164.72	1.01198	5.97969
164.869	1.01196	5.98372
165.017	1.01195	5.98776
165.165	1.01193	5.9918
165.313	1.01192	5.99584
165.461	1.0119	5.99989
165.609	1.01188	6.00395
165.757	1.01187	6.008
165.906	1.01185	6.01206
166.054	1.01184	6.01613
166.202	1.01182	6.02019
166.35	1.01181	6.02427
166.498	1.01179	6.02834
166.646	1.01177	6.03242
166.794	1.01176	6.03651
166.942	1.01174	6.0406
167.091	1.01173	6.04469
167.239	1.01171	6.04878
167.387	1.01169	6.05288
167.535	1.01168	6.05699
167.683	1.01166	6.0611
167.831	1.01165	6.06521
167.979	1.01163	6.06932
168.127	1.01162	6.07344
168.276	1.0116	6.07757
168.424	1.01158	6.08169
168.572	1.01157	6.08583
168.72	1.01155	6.08996
168.868	1.01154	6.0941
169.016	1.01152	6.09824
169.164	1.0115	6.10239
169.312	1.01149	6.10654
169.461	1.01147	6.1107
169.609	1.01146	6.11486
169.757	1.01144	6.11902
169.905	1.01143	6.12319
170.053	1.01141	6.12736
170.201	1.01139	6.13153
170.349	1.01138	6.13571
170.498	1.01136	6.13989
170.646	1.01135	6.14408
170.794	1.01133	6.14827
170.942	1.01132	6.15247
171.09	1.0113	6.15666
171.238	1.01128	6.16087
171.386	1.01127	6.16507
171.534	1.01125	6.16928
171.683	1.01124	6.17349
171.831	1.01122	6.17771
171.979	1.01121	6.18193
172.127	1.01119	6.18616
172.275	1.01117	6.19039
172.423	1.01116	6.19462
172.571	1.01114	6.19886
172.719	1.01113	6.2031
172.868	1.01111	6.20734
173.016	1.0111	6.21159
173.164	1.01108	6.21584
173.312	1.01107	6.2201
173.46	1.01105	6.22436
173.608	1.01103	6.22862
173.756	1.01102	6.23289
173.904	1.011	6.23716
174.053	1.01099	6.24143
174.201	1.01097	6.24571
174.349	1.01096	6.24999
174.497	1.01094	6.25428
174.645	1.01093	6.25857
174.793	1.01091	6.26286
174.941	1.01089	6.26716
175.089	1.01088	6.27146
175.238	1.01086	6.27577
175.386	1.01085	6.28008
175.534	1.01083	6.28439
175.682	1.01082	6.2887
175.83	1.0108	6.29302
175.978	1.01079	6.29735
176.126	1.01077	6.30167
176.275	1.01076	6.30601
176.423	1.01074	6.31034
176.571	1.01072	6.31468
176.719	1.01071	6.31902
176.867	1.01069	6.32337
177.015	1.01068	6.32772
177.163	1.01066	6.33207
177.311	1.01065	6.33643
177.46	1.01063	6.34079
177.608	1.01062	6.34515
177.756	1.0106	6.34952
177.904	1.01059	6.35389
178.052	1.01057	6.35827
178.2	1.01056	6.36265
178.348	1.01054	6.36703
178.496	1.01053	6.37141
178.645	1.01051	6.3758
178.793	1.0105	6.3802
178.941	1.01048	6.3846
179.089	1.01046	6.389
179.237	1.01045	6.3934
179.385	1.01043	6.39781
179.533	1.01042	6.40222
179.681	1.0104	6.40664
179.83	1.01039	6.41106
179.978	1.01037	6.41548
180.126	1.01036	6.4199
180.274	1.01034	6.42433
180.422	1.01033	6.42877
180.57	1.01031	6.4332
180.718	1.0103	6.43764
180.867	1.01028	6.44209
181.015	1.01027	6.44654
181.163	1.01025	6.45099
181.311	1.01024	6.45544
181.459	1.01022	6.4599
181.607	1.01021	6.46436
181.755	1.01019	6.46883
181.903	1.01018	6.4733
182.052	1.01016	6.47777
182.2	1.01015	6.48224
182.348	1.01013	6.48672
182.496	1.01012	6.49121
182.644	1.0101	6.49569
182.792	1.01009	6.50018
182.94	1.01007	6.50467
183.088	1.01006	6.50917
183.237	1.01004	6.51367
183.385	1.01003	6.51818
183.533	1.01001	6.52268
183.681	1.01	6.52719
183.829	1.00999	6.53171
183.977	1.00997	6.53623
184.125	1.00996	6.54075
184.273	1.00994	6.54527
184.422	1.00993	6.5498
184.57	1.00991	6.55433
184.718	1.0099	6.55886
184.866	1.00988	6.5634
185.014	1.00987	6.56794
185.162	1.00985	6.57249
185.31	1.00984	6.57704
185.458	1.00982	6.58159
185.607	1.00981	6.58614
185.755	1.00979	6.5907
185.903	1.00978	6.59526
186.051	1.00977	6.59983
186.199	1.00975	6.6044
186.347	1.00974	6.60897
186.495	1.00972	6.61355
186.644	1.00971	6.61812
186.792	1.00969	6.62271
186.94	1.00968	6.62729
187.088	1.00966	6.63188
187.236	1.00965	6.63647
187.384	1.00964	6.64107
187.532	1.00962	6.64567
187.68	1.00961	6.65027
187.829	1.00959	6.65487
187.977	1.00958	6.65948
188.125	1.00956	6.66409
188.273	1.00955	6.66871
188.421	1.00954	6.67333
188.569	1.00952	6.67795
188.717	1.00951	6.68257
188.865	1.00949	6.6872
189.014	1.00948	6.69183
189.162	1.00946	6.69646
189.31	1.00945	6.7011
189.458	1.00944	6.70574
189.606	1.00942	6.71039
189.754	1.00941	6.71503
189.902	1.00939	6.71969
190.05	1.00938	6.72434
190.199	1.00937	6.729
190.347	1.00935	6.73366
190.495	1.00934	6.73832
190.643	1.00932	6.74299
190.791	1.00931	6.74766
190.939	1.0093	6.75233
191.087	1.00928	6.757
191.236	1.00927	6.76168
191.384	1.00925	6.76637
191.532	1.00924	6.77105
191.68	1.00923	6.77574
191.828	1.00921	6.78043
191.976	1.0092	6.78513
192.124	1.00919	6.78982
192.272	1.00917	6.79452
192.421	1.00916	6.79923
192.569	1.00914	6.80394
192.717	1.00913	6.80865
192.865	1.00912	6.81336
193.013	1.0091	6.81808
193.161	1.00909	6.8228
193.309	1.00908	6.82752
193.457	1.00906	6.83224
193.606	1.00905	6.83697
193.754	1.00903	6.8417
193.902	1.00902	6.84644
194.05	1.00901	6.85118
194.198	1.00899	6.85592
194.346	1.00898	6.86066
194.494	1.00897	6.86541
194.642	1.00895	6.87016
194.791	1.00894	6.87491
194.939	1.00893	6.87966
195.087	1.00891	6.88442
195.235	1.0089	6.88919
195.383	1.00889	6.89395
195.531	1.00887	6.89872
195.679	1.00886	6.90349
195.827	1.00885	6.90826
195.976	1.00883	6.91304
196.124	1.00882	6.91782
196.272	1.00881	6.9226
196.42	1.00879	6.92738
196.568	1.00878	6.93217
196.716	1.00877	6.93696
196.864	1.00875	6.94176
197.013	1.00874	6.94655
197.161	1.00873	6.95135
197.309	1.00871	6.95616
197.457	1.0087	6.96096
197.605	1.00869	6.96577
197.753	1.00868	6.97058
197.901	1.00866	6.9754
198.049	1.00865	6.98021
198.198	1.00864	6.98503
198.346	1.00862	6.98986
198.494	1.00861	6.99468
198.642	1.0086	6.99951
198.79	1.00858	7.00434
198.938	1.00857	7.00917
199.086	1.00856	7.01401
199.234	1.00855	7.01885
199.383	1.00853	7.02369
199.531	1.00852	7.02854
199.679	1.00851	7.03339
199.827	1.00849	7.03824
199.975	1.00848	7.04309
200.123	1.00847	7.04795
200.271	1.00846	7.0528
200.419	1.00844	7.05767
200.568	1.00843	7.06253
200.716	1.00842	7.0674
200.864	1.00841	7.07227
201.012	1.00839	7.07714
201.16	1.00838	7.08202
201.308	1.00837	7.08689
201.456	1.00836	7.09177
201.605	1.00834	7.09666
201.753	1.00833	7.10154
201.901	1.00832	7.10643
202.049	1.00831	7.11132
202.197	1.00829	7.11622
202.345	1.00828	7.12111
202.493	1.00827	7.12601
202.641	1.00826	7.13092
202.79	1.00824	7.13582
202.938	1.00823	7.14073
203.086	1.00822	7.14564
203.234	1.00821	7.15055
203.382	1.00819	7.15546
203.53	1.00818	7.16038
203.678	1.00817	7.1653
203.826	1.00816	7.17023
203.975	1.00815	7.17515
204.123	1.00813	7.18008
204.271	1.00812	7.18501
204.419	1.00811	7.18994
204.567	1.0081	7.19488
204.715	1.00809	7.19982
204.863	1.00807	7.20476
205.011	1.00806	7.2097
205.16	1.00805	7.21465
205.308	1.00804	7.2196
205.456	1.00803	7.22455
205.604	1.00801	7.2295
205.752	1.008	7.23446
205.9	1.00799	7.23941
206.048	1.00798	7.24438
206.196	1.00797	7.24934
206.345	1.00795	7.25431
206.493	1.00794	7.25927
206.641	1.00793	7.26424
206.789	1.00792	7.26922
206.937	1.00791	7.27419
207.085	1.00789	7.27917
207.233	1.00788	7.28415
207.382	1.00787	7.28914
207.53	1.00786	7.29412
207.678	1.00785	7.29911
207.826	1.00784	7.3041
207.974	1.00782	7.30909
208.122	1.00781	7.31409
208.27	1.0078	7.31909
208.418	1.00779	7.32409
208.567	1.00778	7.32909
208.715	1.00777	7.33409
208.863	1.00776	7.3391
209.011	1.00774	7.34411
209.159	1.00773	7.34912
209.307	1.00772	7.35414
209.455	1.00771	7.35915
209.603	1.0077	7.36417
209.752	1.00769	7.36919
209.9	1.00768	7.37422
210.048	1.00766	7.37924
210.196	1.00765	7.38427
210.344	1.00764	7.3893
210.492	1.00763	7.39433
210.64	1.00762	7.39937
210.788	1.00761	7.40441
210.937	1.0076	7.40945
211.085	1.00759	7.41449
211.233	1.00758	7.41953
211.381	1.00756	7.42458
211.529	1.00755	7.42963
211.677	1.00754	7.43468
211.825	1.00753	7.43973
211.974	1.00752	7.44479
212.122	1.00751	7.44985
212.27	1.0075	7.45491
212.418	1.00749	7.45997
212.566	1.00748	7.46503
212.714	1.00746	7.4701
212.862	1.00745	7.47517
213.01	1.00744	7.48024
213.159	1.00743	7.48531
213.307	1.00742	7.49039
213.455	1.00741	7.49547
213.603	1.0074	7.50055
213.751	1.00739	7.50563
213.899	1.00738	7.51071
214.047	1.00737	7.5158
214.195	1.00736	7.52089
214.344	1.00735	7.52598
214.492	1.00734	7.53107
214.64	1.00732	7.53616
214.788	1.00731	7.54126
214.936	1.0073	7.54636
215.084	1.00729	7.55146
215.232	1.00728	7.55656
215.38	1.00727	7.56167
215.529	1.00726	7.56678
215.677	1.00725	7.57189
215.825	1.00724	7.577
215.973	1.00723	7.58211
216.121	1.00722	7.58723
216.269	1.00721	7.59235
216.417	1.0072	7.59747
216.565	1.00719	7.60259
216.714	1.00718	7.60771
216.862	1.00717	7.61284
217.01	1.00716	7.61797
217.158	1.00715	7.6231
217.306	1.00714	7.62823
217.454	1.00713	7.63336
217.602	1.00712	7.6385
217.751	1.00711	7.64364
217.899	1.0071	7.64878
218.047	1.00709	7.65392
218.195	1.00708	7.65906
218.343	1.00707	7.66421
218.491	1.00706	7.66936
218.639	1.00705	7.67451
218.787	1.00704	7.67966
218.936	1.00703	7.68481
219.084	1.00702	7.68997
219.232	1.00701	7.69513
219.38	1.007	7.70029
219.528	1.00699	7.70545
219.676	1.00698	7.71061
219.824	1.00697	7.71578
219.972	1.00696	7.72095
220.121	1.00695	7.72612
220.269	1.00694	7.73129
220.417	1.00693	7.73646
220.565	1.00692	7.74163
220.713	1.00691	7.74681
220.861	1.0069	7.75199
221.009	1.00689	7.75717
221.157	1.00688	7.76235
221.306	1.00687	7.76754
221.454	1.00686	7.77273
221.602	1.00685	7.77791
221.75	1.00684	7.7831
221.898	1.00683	7.7883
222.046	1.00682	7.79349
222.194	1.00681	7.79868
222.343	1.0068	7.80388
222.491	1.00679	7.80908
222.639	1.00678	7.81428
222.787	1.00677	7.81949
222.935	1.00676	7.82469
223.083	1.00675	7.8299
223.231	1.00674	7.83511
223.379	1.00673	7.84032
223.528	1.00672	7.84553
223.676	1.00671	7.85074
223.824	1.0067	7.85596
223.972	1.0067	7.86117
224.12	1.00669	7.86639
224.268	1.00668	7.87161
224.416	1.00667	7.87684
224.564	1.00666	7.88206
224.713	1.00665	7.88729
224.861	1.00664	7.89251
225.009	1.00663	7.89774
225.157	1.00662	7.90297
225.305	1.00661	7.90821
225.453	1.0066	7.91344
225.601	1.00659	7.91868
225.749	1.00658	7.92392
225.898	1.00658	7.92916
226.046	1.00657	7.9344
226.194	1.00656	7.93964
226.342	1.00655	7.94489
226.49	1.00654	7.95013
226.638	1.00653	7.95538
226.786	1.00652	7.96063
226.935	1.00651	7.96588
227.083	1.0065	7.97113
227.231	1.00649	7.97639
227.379	1.00649	7.98165
227.527	1.00648	7.9869
227.675	1.00647	7.99216
227.823	1.00646	7.99743
227.971	1.00645	8.00269
228.12	1.00644	8.00795
228.268	1.00643	8.01322
228.416	1.00642	8.01849
228.564	1.00641	8.02376
228.712	1.00641	8.02903
228.86	1.0064	8.0343
229.008	1.00639	8.03957
229.156	1.00638	8.04485
229.305	1.00637	8.05013
229.453	1.00636	8.05541
229.601	1.00635	8.06069
229.749	1.00635	8.06597
229.897	1.00634	8.07125
230.045	1.00633	8.07654
230.193	1.00632	8.08183
230.341	1.00631	8.08711
230.49	1.0063	8.0924
230.638	1.00629	8.0977
230.786	1.00629	8.10299
230.934	1.00628	8.10828
231.082	1.00627	8.11358
231.23	1.00626	8.11888
231.378	1.00625	8.12418
231.526	1.00624	8.12948
231.675	1.00623	8.13478
231.823	1.00623	8.14008
231.971	1.00622	8.14539
232.119	1.00621	8.15069
232.267	1.0062	8.156
232.415	1.00619	8.16131
232.563	1.00618	8.16662
232.712	1.00618	8.17194
232.86	1.00617	8.17725
233.008	1.00616	8.18257
233.156	1.00615	8.18788
233.304	1.00614	8.1932
233.452	1.00614	8.19852
233.6	1.00613	8.20384
233.748	1.00612	8.20917
233.897	1.00611	8.21449
234.045	1.0061	8.21982
234.193	1.00609	8.22514
234.341	1.00609	8.23047
234.489	1.00608	8.2358
234.637	1.00607	8.24113
234.785	1.00606	8.24646
234.933	1.00605	8.2518
235.082	1.00605	8.25713
235.23	1.00604	8.26247
235.378	1.00603	8.26781
235.526	1.00602	8.27315
235.674	1.00601	8.27849
235.822	1.00601	8.28383
235.97	1.006	8.28918
236.118	1.00599	8.29452
236.267	1.00598	8.29987
236.415	1.00598	8.30522
236.563	1.00597	8.31057
236.711	1.00596	8.31592
236.859	1.00595	8.32127
237.007	1.00594	8.32662
237.155	1.00594	8.33198
237.304	1.00593	8.33733
237.452	1.00592	8.34269
237.6	1.00591	8.34805
237.748	1.00591	8.35341
237.896	1.0059	8.35877
238.044	1.00589	8.36413
238.192	1.00588	8.3695
238.34	1.00587	8.37486
238.489	1.00587	8.38023
238.637	1.00586	8.3856
238.785	1.00585	8.39097
238.933	1.00584	8.39634
239.081	1.00584	8.40171
239.229	1.00583	8.40708
239.377	1.00582	8.41246
239.525	1.00581	8.41783
239.674	1.00581	8.42321
239.822	1.0058	8.42859
239.97	1.00579	8.43397
240.118	1.00578	8.43935
240.266	1.00578	8.44473
240.414	1.00577	8.45012
240.562	1.00576	8.4555
240.71	1.00575	8.46089
240.859	1.00575	8.46627
241.007	1.00574	8.47166
241.155	1.00573	8.47705
241.303	1.00573	8.48244
241.451	1.00572	8.48783
241.599	1.00571	8.49323
241.747	1.0057	8.49862
241.895	1.0057	8.50402
242.044	1.00569	8.50941
242.192	1.00568	8.51481
242.34	1.00567	8.52021
242.488	1.00567	8.52561
242.636	1.00566	8.53101
242.784	1.00565	8.53642
242.932	1.00565	8.54182
243.081	1.00564	8.54723
243.229	1.00563	8.55263
243.377	1.00562	8.55804
243.525	1.00562	8.56345
243.673	1.00561	8.56886
243.821	1.0056	8.57427
243.969	1.0056	8.57968
244.117	1.00559	8.5851
244.266	1.00558	8.59051
244.414	1.00558	8.59593
244.562	1.00557	8.60134
244.71	1.00556	8.60676
244.858	1.00555	8.61218
245.006	1.00555	8.6176
245.154	1.00554	8.62302
245.302	1.00553	8.62844
245.451	1.00553	8.63387
245.599	1.00552	8.63929
245.747	1.00551	8.64472
245.895	1.00551	8.65015
246.043	1.0055	8.65557
246.191	1.00549	8.661
246.339	1.00549	8.66643
246.487	1.00548	8.67187
246.636	1.00547	8.6773
246.784	1.00547	8.68273
246.932	1.00546	8.68817
247.08	1.00545	8.6936
247.228	1.00545	8.69904
247.376	1.00544	8.70448
247.524	1.00543	8.70992
247.673	1.00543	8.71536
247.821	1.00542	8.7208
247.969	1.00541	8.72624
248.117	1.00541	8.73168
248.265	1.0054	8.73713
248.413	1.00539	8.74257
248.561	1.00539	8.74802
248.709	1.00538	8.75347
248.858	1.00537	8.75892
249.006	1.00537	8.76437
249.154	1.00536	8.76982
249.302	1.00535	8.77527
249.45	1.00535	8.78072
249.598	1.00534	8.78618
249.746	1.00533	8.79163
249.894	1.00533	8.79709
250.043	1.00532	8.80254
250.191	1.00531	8.808
250.339	1.00531	8.81346
250.487	1.0053	8.81892
250.635	1.00529	8.82438
250.783	1.00529	8.82985
250.931	1.00528	8.83531
251.079	1.00528	8.84077
251.228	1.00527	8.84624
251.376	1.00526	8.8517
251.524	1.00526	8.85717
251.672	1.00525	8.86264
251.82	1.00524	8.86811
251.968	1.00524	8.87358
252.116	1.00523	8.87905
252.264	1.00523	8.88452
252.413	1.00522	8.88999
252.561	1.00521	8.89547
252.709	1.00521	8.90094
252.857	1.0052	8.90642
253.005	1.00519	8.9119
253.153	1.00519	8.91737
253.301	1.00518	8.92285
253.45	1.00518	8.92833
253.598	1.00517	8.93381
253.746	1.00516	8.93929
253.894	1.00516	8.94478
254.042	1.00516	8.95026
254.19	1.00529	8.95572
254.338	1.00553	8.96115
254.486	1.00571	8.9666
254.635	1.00579	8.97205
254.783	1.0058	8.9775
254.931	1.00595	8.98293
255.079	1.00631	8.98832
255.227	1.00665	8.99371
255.375	1.00681	8.99911
255.523	1.00676	9.00454
255.671	1.00679	9.00996
255.82	1.00704	9.01533
255.968	1.00725	9.0207
256.116	1.00723	9.0261
256.264	1.00715	9.03151
256.412	1.00723	9.03688
256.56	1.00738	9.04224
256.708	1.00738	9.04762
256.856	1.00727	9.05301
257.005	1.00725	9.05839
257.153	1.00732	9.06375
257.301	1.00733	9.06912
257.449	1.00723	9.0745
257.597	1.00716	9.07988
257.745	1.00718	9.08525
257.893	1.00719	9.09062
258.042	1.00711	9.096
258.19	1.00703	9.10139
258.338	1.00701	9.10677
258.486	1.00703	9.11214
258.634	1.00699	9.11753
258.782	1.00692	9.12292
258.93	1.00689	9.12831
259.078	1.0069	9.13369
259.227	1.00689	9.13908
259.375	1.00685	9.14448
259.523	1.00682	9.14988
259.671	1.00684	9.15527
259.819	1.00684	9.16067
259.967	1.00682	9.16608
260.115	1.0068	9.17148
260.263	1.00681	9.17689
260.412	1.00682	9.18229
260.56	1.00682	9.1877
260.708	1.0068	9.19312
260.856	1.0068	9.19853
261.004	1.00682	9.20394
261.152	1.00682	9.20936
261.3	1.0068	9.21478
261.448	1.0068	9.2202
261.597	1.0068	9.22562
261.745	1.00681	9.23104
261.893	1.0068	9.23647
262.041	1.00678	9.2419
262.189	1.00678	9.24733
262.337	1.00678	9.25276
262.485	1.00677	9.25819
262.633	1.00676	9.26362
262.782	1.00675	9.26906
262.93	1.00675	9.2745
263.078	1.00674	9.27994
263.226	1.00672	9.28538
263.374	1.00671	9.29082
263.522	1.0067	9.29627
263.67	1.00669	9.30172
263.819	1.00668	9.30716
263.967	1.00666	9.31262
264.115	1.00665	9.31807
264.263	1.00664	9.32352
264.411	1.00663	9.32898
264.559	1.00661	9.33444
264.707	1.0066	9.3399
264.855	1.00659	9.34536
265.004	1.00658	9.35083
265.152	1.00656	9.3563
265.3	1.00655	9.36176
265.448	1.00654	9.36724
265.596	1.00653	9.37271
265.744	1.00651	9.37818
265.892	1.0065	9.38366
266.04	1.00649	9.38914
266.189	1.00647	9.39462
266.337	1.00646	9.4001
266.485	1.00645	9.40558
266.633	1.00644	9.41107
266.781	1.00642	9.41655
266.929	1.00641	9.42204
267.077	1.0064	9.42753
267.225	1.00639	9.43302
267.374	1.00637	9.43852
267.522	1.00636	9.44401
267.67	1.00635	9.44951
267.818	1.00633	9.45501
267.966	1.00632	9.46051
268.114	1.00631	9.46601
268.262	1.0063	9.47152
268.411	1.00628	9.47702
268.559	1.00627	9.48253
268.707	1.00626	9.48804
268.855	1.00624	9.49355
269.003	1.00623	9.49906
269.151	1.00622	9.50458
269.299	1.0062	9.51009
269.447	1.00619	9.51561
269.596	1.00617	9.52113
269.744	1.00616	9.52665
269.892	1.00615	9.53217
270.04	1.00613	9.5377
270.188	1.00612	9.54322
270.336	1.00611	9.54875
270.484	1.00609	9.55428
270.632	1.00608	9.55981
270.781	1.00606	9.56534
270.929	1.00605	9.57087
271.077	1.00604	9.57641
271.225	1.00602	9.58194
271.373	1.00601	9.58748
271.521	1.006	9.59302
271.669	1.00598	9.59856
271.817	1.00597	9.6041
271.966	1.00595	9.60965
272.114	1.00594	9.61519
272.262	1.00593	9.62074
272.41	1.00591	9.62629
272.558	1.0059	9.63184
272.706	1.00589	9.63739
272.854	1.00587	9.64294
273.002	1.00586	9.64849
273.151	1.00585	9.65405
273.299	1.00583	9.6596
273.447	1.00582	9.66516
273.595	1.00581	9.67072
273.743	1.00579	9.67628
273.891	1.00578	9.68184
274.039	1.00577	9.6874
274.188	1.00575	9.69297
274.336	1.00574	9.69853
274.484	1.00573	9.7041
274.632	1.00571	9.70967
274.78	1.0057	9.71524
274.928	1.00569	9.72081
275.076	1.00567	9.72638
275.224	1.00566	9.73195
275.373	1.00565	9.73753
275.521	1.00563	9.7431
275.669	1.00562	9.74868
275.817	1.00561	9.75426
275.965	1.00559	9.75984
276.113	1.00558	9.76542
276.261	1.00557	9.771
276.409	1.00556	9.77658
276.558	1.00554	9.78217
276.706	1.00553	9.78775
276.854	1.00552	9.79334
277.002	1.00551	9.79893
277.15	1.00549	9.80451
277.298	1.00548	9.8101
277.446	1.00547	9.81569
277.594	1.00546	9.82129
277.743	1.00544	9.82688
277.891	1.00543	9.83247
278.039	1.00542	9.83807
278.187	1.00541	9.84366
278.335	1.00539	9.84926
278.483	1.00538	9.85486
278.631	1.00537	9.86046
278.78	1.00536	9.86606
278.928	1.00535	9.87166
279.076	1.00533	9.87726
279.224	1.00532	9.88286
279.372	1.00531	9.88847
279.52	1.0053	9.89407
279.668	1.00529	9.89968
279.816	1.00528	9.90529
279.965	1.00526	9.9109
280.113	1.00525	9.9165
280.261	1.00524	9.92211
280.409	1.00523	9.92772
280.557	1.00522	9.93334
280.705	1.00521	9.93895
280.853	1.0052	9.94456
281.001	1.00519	9.95018
281.15	1.00517	9.95579
281.298	1.00516	9.96141
281.446	1.00515	9.96703
281.594	1.00514	9.97264
281.742	1.00513	9.97826
281.89	1.00512	9.98388
282.038	1.00511	9.9895
282.186	1.0051	9.99512
282.335	1.00509	10.0007
282.483	1.00508	10.0064
282.631	1.00507	10.012
282.779	1.00506	10.0176
282.927	1.00504	10.0232
283.075	1.00503	10.0289
283.223	1.00502	10.0345
283.371	1.00501	10.0401
283.52	1.005	10.0458
283.668	1.00499	10.0514
283.816	1.00498	10.057
283.964	1.00497	10.0626
284.112	1.00496	10.0683
284.26	1.00495	10.0739
284.408	1.00494	10.0795
284.557	1.00493	10.0852
284.705	1.00492	10.0908
284.853	1.00491	10.0964
285.001	1.0049	10.1021
285.149	1.00489	10.1077
285.297	1.00488	10.1134
285.445	1.00487	10.119
285.593	1.00486	10.1246
285.742	1.00486	10.1303
285.89	1.00485	10.1359
286.038	1.00484	10.1415
286.186	1.00483	10.1472
286.334	1.00482	10.1528
286.482	1.00481	10.1585
286.63	1.0048	10.1641
286.778	1.00479	10.1698
286.927	1.00478	10.1754
287.075	1.00477	10.1811
287.223	1.00476	10.1867
287.371	1.00475	10.1923
287.519	1.00474	10.198
287.667	1.00474	10.2036
287.815	1.00473	10.2093
287.963	1.00472	10.2149
288.112	1.00471	10.2206
288.26	1.0047	10.2262
288.408	1.00469	10.2319
288.556	1.00468	10.2375
288.704	1.00467	10.2432
288.852	1.00467	10.2488
289	1.00466	10.2545
289.149	1.00465	10.2601
289.297	1.00464	10.2658
289.445	1.00463	10.2715
289.593	1.00462	10.2771
289.741	1.00462	10.2828
289.889	1.00461	10.2884
290.037	1.0046	10.2941
290.185	1.00459	10.2997
290.334	1.00458	10.3054
290.482	1.00458	10.3111
290.63	1.00457	10.3167
290.778	1.00456	10.3224
290.926	1.00455	10.328
291.074	1.00454	10.3337
291.222	1.00454	10.3394
291.37	1.00453	10.345
291.519	1.00452	10.3507
291.667	1.00451	10.3563
291.815	1.0045	10.362
291.963	1.0045	10.3677
292.111	1.00449	10.3733
292.259	1.00448	10.379
292.407	1.00447	10.3847
292.555	1.00447	10.3903
292.704	1.00446	10.396
292.852	1.00445	10.4017
293	1.00444	10.4073
293.148	1.00444	10.413
293.296	1.00443	10.4187
293.444	1.00442	10.4243
293.592	1.00442	10.43
293.741	1.00441	10.4357
293.889	1.0044	10.4413
294.037	1.00439	10.447
294.185	1.00439	10.4527
294.333	1.00438	10.4584
294.481	1.00437	10.464
294.629	1.00437	10.4697
294.777	1.00436	10.4754
294.926	1.00435	10.481
295.074	1.00434	10.4867
295.222	1.00434	10.4924
295.37	1.00433	10.4981
295.518	1.00432	10.5037
295.666	1.00432	10.5094
295.814	1.00431	10.5151
295.962	1.0043	10.5208
296.111	1.0043	10.5264
296.259	1.00429	10.5321
296.407	1.00428	10.5378
296.555	1.00428	10.5435
296.703	1.00427	10.5492
296.851	1.00426	10.5548
296.999	1.00426	10.5605
297.147	1.00425	10.5662
297.296	1.00424	10.5719
297.444	1.00424	10.5776
297.592	1.00423	10.5832
297.74	1.00423	10.5889
297.888	1.00422	10.5946
298.036	1.00421	10.6003
298.184	1.00421	10.606
298.332	1.0042	10.6116
298.481	1.00419	10.6173
298.629	1.00419	10.623
298.777	1.00418	10.6287
298.925	1.00418	10.6344
299.073	1.00417	10.6401
299.221	1.00416	10.6457
299.369	1.00416	10.6514
299.518	1.00415	10.6571
299.666	1.00414	10.6628
299.814	1.00414	10.6685
299.962	1.00413	10.6742
300.11	1.00413	10.6799
300.258	1.00412	10.6856
300.406	1.00411	10.6912
300.554	1.00411	10.6969
300.703	1.0041	10.7026
300.851	1.0041	10.7083
300.999	1.00409	10.714
301.147	1.00409	10.7197
301.295	1.00408	10.7254
301.443	1.00407	10.7311
301.591	1.00407	10.7368
301.739	1.00406	10.7424
301.888	1.00406	10.7481
302.036	1.00405	10.7538
302.184	1.00405	10.7595
302.332	1.00404	10.7652
302.48	1.00403	10.7709
302.628	1.00403	10.7766
302.776	1.00402	10.7823
302.924	1.00402	10.788
303.073	1.00401	10.7937
303.221	1.00401	10.7994
303.369	1.004	10.8051
303.517	1.004	10.8108
303.665	1.00399	10.8165
303.813	1.00399	10.8222
303.961	1.00398	10.8279
304.11	1.00397	10.8336
304.258	1.00397	10.8392
304.406	1.00396	10.8449
304.554	1.00396	10.8506
304.702	1.00395	10.8563
304.85	1.00395	10.862
304.998	1.00394	10.8677
305.146	1.00394	10.8734
305.295	1.00393	10.8791
305.443	1.00393	10.8848
305.591	1.00392	10.8905
305.739	1.00392	10.8962
305.887	1.00391	10.9019
306.035	1.00391	10.9076
306.183	1.0039	10.9133
306.331	1.0039	10.919
306.48	1.00389	10.9247
306.628	1.00389	10.9304
306.776	1.00388	10.9361
306.924	1.00388	10.9418
307.072	1.00387	10.9476
307.22	1.00387	10.9533
307.368	1.00386	10.959
307.516	1.00386	10.9647
307.665	1.00385	10.9704
307.813	1.00385	10.9761
307.961	1.00384	10.9818
308.109	1.00384	10.9875
308.257	1.00383	10.9932
308.405	1.00383	10.9989
308.553	1.00382	11.0046
308.701	1.00382	11.0103
308.85	1.00381	11.016
308.998	1.00381	11.0217
309.146	1.0038	11.0274
309.294	1.0038	11.0331
309.442	1.0038	11.0388
309.59	1.00379	11.0446
309.738	1.00379	11.0503
309.887	1.00378	11.056
310.035	1.00378	11.0617
310.183	1.00377	11.0674
310.331	1.00377	11.0731
310.479	1.00376	11.0788
310.627	1.00376	11.0845
310.775	1.00375	11.0902
310.923	1.00375	11.0959
311.072	1.00374	11.1016
311.22	1.00374	11.1074
311.368	1.00374	11.1131
311.516	1.00373	11.1188
311.664	1.00373	11.1245
311.812	1.00372	11.1302
311.96	1.00372	11.1359
312.108	1.00371	11.1416
312.257	1.00371	11.1473
312.405	1.0037	11.1531
312.553	1.0037	11.1588
312.701	1.0037	11.1645
312.849	1.00369	11.1702
312.997	1.00369	11.1759
313.145	1.00368	11.1816
313.293	1.00368	11.1874
313.442	1.00367	11.1931
313.59	1.00367	11.1988
313.738	1.00367	11.2045
313.886	1.00366	11.2102
314.034	1.00366	11.2159
314.182	1.00365	11.2217
314.33	1.00365	11.2274
314.479	1.00364	11.2331
314.627	1.00364	11.2388
314.775	1.00364	11.2445
314.923	1.00363	11.2502
315.071	1.00363	11.256
315.219	1.00362	11.2617
315.367	1.00362	11.2674
315.515	1.00362	11.2731
315.664	1.00361	11.2788
315.812	1.00361	11.2846
315.96	1.0036	11.2903
316.108	1.0036	11.296
316.256	1.0036	11.3017
316.404	1.00359	11.3074
316.552	1.00359	11.3132
316.7	1.00358	11.3189
316.849	1.00358	11.3246
316.997	1.00358	11.3303
317.145	1.00357	11.3361
317.293	1.00357	11.3418
317.441	1.00356	11.3475
317.589	1.00356	11.3532
317.737	1.00356	11.3589
317.885	1.00355	11.3647
318.034	1.00355	11.3704
318.182	1.00354	11.3761
318.33	1.00354	11.3818
318.478	1.00354	11.3876
318.626	1.00353	11.3933
318.774	1.00353	11.399
318.922	1.00352	11.4047
319.07	1.00352	11.4105
319.219	1.00352	11.4162
319.367	1.00351	11.4219
319.515	1.00351	11.4276
319.663	1.00351	11.4334
319.811	1.0035	11.4391
319.959	1.0035	11.4448
320.107	1.00349	11.4506
320.256	1.00349	11.4563
320.404	1.00349	11.462
320.552	1.00348	11.4677
320.7	1.00348	11.4735
320.848	1.00348	11.4792
320.996	1.00347	11.4849
321.144	1.00347	11.4907
321.292	1.00346	11.4964
321.441	1.00346	11.5021
321.589	1.00346	11.5078
321.737	1.00345	11.5136
321.885	1.00345	11.5193
322.033	1.00345	11.525
322.181	1.00344	11.5308
322.329	1.00344	11.5365
322.477	1.00344	11.5422
322.626	1.00343	11.548
322.774	1.00343	11.5537
322.922	1.00342	11.5594
323.07	1.00342	11.5652
323.218	1.00342	11.5709
323.366	1.00341	11.5766
323.514	1.00341	11.5824
323.662	1.00341	11.5881
323.811	1.0034	11.5938
323.959	1.0034	11.5996
324.107	1.0034	11.6053
324.255	1.00339	11.611
324.403	1.00339	11.6168
324.551	1.00339	11.6225
324.699	1.00338	11.6282
324.848	1.00338	11.634
324.996	1.00338	11.6397
325.144	1.00337	11.6454
325.292	1.00337	11.6512
325.44	1.00336	11.6569
325.588	1.00336	11.6627
325.736	1.00336	11.6684
325.884	1.00335	11.6741
326.033	1.00335	11.6799
326.181	1.00335	11.6856
326.329	1.00334	11.6913
326.477	1.00334	11.6971
326.625	1.00334	11.7028
326.773	1.00333	11.7086
326.921	1.00333	11.7143
327.069	1.00333	11.72
327.218	1.00332	11.7258
327.366	1.00332	11.7315
327.514	1.00332	11.7373
327.662	1.00331	11.743
327.81	1.00331	11.7487
327.958	1.00331	11.7545
328.106	1.0033	11.7602
328.254	1.0033	11.766
328.403	1.0033	11.7717
328.551	1.00329	11.7774
328.699	1.00329	11.7832
328.847	1.00329	11.7889
328.995	1.00329	11.7947
329.143	1.00328	11.8004
329.291	1.00328	11.8061
329.439	1.00328	11.8119
329.588	1.00327	11.8176
329.736	1.00327	11.8234
329.884	1.00327	11.8291
330.032	1.00326	11.8349
330.18	1.00326	11.8406
330.328	1.00326	11.8464
330.476	1.00325	11.8521
330.625	1.00325	11.8578
330.773	1.00325	11.8636
330.921	1.00324	11.8693
331.069	1.00324	11.8751
331.217	1.00324	11.8808
331.365	1.00323	11.8866
331.513	1.00323	11.8923
331.661	1.00323	11.8981
331.81	1.00323	11.9038
331.958	1.00322	11.9096
332.106	1.00322	11.9153
332.254	1.00322	11.921
332.402	1.00321	11.9268
332.55	1.00321	11.9325
332.698	1.00321	11.9383
332.846	1.0032	11.944
332.995	1.0032	11.9498
333.143	1.0032	11.9555
333.291	1.00319	11.9613
333.439	1.00319	11.967
333.587	1.00319	11.9728
333.735	1.00319	11.9785
333.883	1.00318	11.9843
334.031	1.00318	11.99
334.18	1.00318	11.9958
334.328	1.00317	12.0015
334.476	1.00317	12.0073
334.624	1.00317	12.013
334.772	1.00316	12.0188
334.92	1.00316	12.0245
335.068	1.00316	12.0303
335.217	1.00316	12.036
335.365	1.00315	12.0418
335.513	1.00315	12.0475
335.661	1.00315	12.0533
335.809	1.00314	12.059
335.957	1.00314	12.0648
336.105	1.00314	12.0705
336.253	1.00314	12.0763
336.402	1.00313	12.082
336.55	1.00313	12.0878
336.698	1.00313	12.0935
336.846	1.00312	12.0993
336.994	1.00312	12.1051
337.142	1.00312	12.1108
337.29	1.00312	12.1166
337.438	1.00311	12.1223
337.587	1.00311	12.1281
337.735	1.00311	12.1338
337.883	1.0031	12.1396
338.031	1.0031	12.1453
338.179	1.0031	12.1511
338.327	1.0031	12.1568
338.475	1.00309	12.1626
338.623	1.00309	12.1684
338.772	1.00309	12.1741
338.92	1.00308	12.1799
339.068	1.00308	12.1856
339.216	1.00308	12.1914
339.364	1.00308	12.1971
339.512	1.00307	12.2029
339.66	1.00307	12.2087
339.808	1.00307	12.2144
339.957	1.00307	12.2202
340.105	1.00306	12.2259
340.253	1.00306	12.2317
340.401	1.00306	12.2374
340.549	1.00305	12.2432
340.697	1.00305	12.249
340.845	1.00305	12.2547
340.994	1.00305	12.2605
341.142	1.00304	12.2662
341.29	1.00304	12.272
341.438	1.00304	12.2778
341.586	1.00304	12.2835
341.734	1.00303	12.2893
341.882	1.00303	12.295
342.03	1.00303	12.3008
342.179	1.00302	12.3066
342.327	1.00302	12.3123
342.475	1.00302	12.3181
342.623	1.00302	12.3238
342.771	1.00301	12.3296
342.919	1.00301	12.3354
343.067	1.00301	12.3411
343.215	1.00301	12.3469
343.364	1.003	12.3526
343.512	1.003	12.3584
343.66	1.003	12.3642
343.808	1.003	12.3699
343.956	1.00299	12.3757
344.104	1.00299	12.3815
344.252	1.00299	12.3872
344.4	1.00299	12.393
344.549	1.00298	12.3988
344.697	1.00298	12.4045
344.845	1.00298	12.4103
344.993	1.00297	12.416
345.141	1.00297	12.4218
345.289	1.00297	12.4276
345.437	1.00297	12.4333
345.586	1.00296	12.4391
345.734	1.00296	12.4449
345.882	1.00296	12.4506
346.03	1.00296	12.4564
346.178	1.00295	12.4622
346.326	1.00295	12.4679
346.474	1.00295	12.4737
346.622	1.00295	12.4795
346.771	1.00294	12.4852
346.919	1.00294	12.491
347.067	1.00294	12.4968
347.215	1.00294	12.5025
347.363	1.00293	12.5083
347.511	1.00293	12.5141
347.659	1.00293	12.5198
347.807	1.00293	12.5256
347.956	1.00292	12.5314
348.104	1.00292	12.5371
348.252	1.00292	12.5429
348.4	1.00292	12.5487
348.548	1.00291	12.5544
348.696	1.00291	12.5602
348.844	1.00291	12.566
348.992	1.00291	12.5717
349.141	1.0029	12.5775
349.289	1.0029	12.5833
349.437	1.0029	12.589
349.585	1.0029	12.5948
349.733	1.0029	12.6006
349.881	1.00289	12.6064
350.029	1.00289	12.6121
350.177	1.00289	12.6179
350.326	1.00289	12.6237
350.474	1.00288	12.6294
350.622	1.00288	12.6352
350.77	1.00288	12.641
350.918	1.00288	12.6468
351.066	1.00287	12.6525
351.214	1.00287	12.6583
351.363	1.00287	12.6641
351.511	1.00287	12.6698
351.659	1.00286	12.6756
351.807	1.00286	12.6814
351.955	1.00286	12.6872
352.103	1.00286	12.6929
352.251	1.00285	12.6987
352.399	1.00285	12.7045
352.548	1.00285	12.7102
352.696	1.00285	12.716
352.844	1.00285	12.7218
352.992	1.00284	12.7276
353.14	1.00284	12.7333
353.288	1.00284	12.7391
353.436	1.00284	12.7449
353.584	1.00283	12.7507
353.733	1.00283	12.7564
353.881	1.00283	12.7622
354.029	1.00283	12.768
354.177	1.00282	12.7738
354.325	1.00282	12.7795
354.473	1.00282	12.7853
354.621	1.00282	12.7911
354.769	1.00282	12.7969
354.918	1.00281	12.8026
355.066	1.00281	12.8084
355.214	1.00281	12.8142
355.362	1.00281	12.82
355.51	1.0028	12.8257
355.658	1.0028	12.8315
355.806	1.0028	12.8373
355.955	1.0028	12.8431
356.103	1.0028	12.8489
356.251	1.00279	12.8546
356.399	1.00279	12.8604
356.547	1.00279	12.8662
356.695	1.00279	12.872
356.843	1.00278	12.8777
356.991	1.00278	12.8835
357.14	1.00278	12.8893
357.288	1.00278	12.8951
357.436	1.00278	12.9009
357.584	1.00277	12.9066
357.732	1.00277	12.9124
357.88	1.00277	12.9182
358.028	1.00277	12.924
358.176	1.00276	12.9297
358.325	1.00276	12.9355
358.473	1.00276	12.9413
358.621	1.00276	12.9471
358.769	1.00276	12.9529
358.917	1.00275	12.9586
359.065	1.00275	12.9644
359.213	1.00275	12.9702
359.361	1.00275	12.976
359.51	1.00274	12.9818
359.658	1.00274	12.9875
359.806	1.00274	12.9933
359.954	1.00274	12.9991
360.102	1.00274	13.0049
360.25	1.00273	13.0107
360.398	1.00273	13.0165
360.547	1.00273	13.0222
360.695	1.00273	13.028
360.843	1.00273	13.0338
360.991	1.00272	13.0396
361.139	1.00272	13.0454
361.287	1.00272	13.0511
361.435	1.00272	13.0569
361.583	1.00271	13.0627
361.732	1.00271	13.0685
361.88	1.00271	13.0743
362.028	1.00271	13.0801
362.176	1.00271	13.0858
362.324	1.0027	13.0916
362.472	1.0027	13.0974
362.62	1.0027	13.1032
362.768	1.0027	13.109
362.917	1.0027	13.1148
363.065	1.00269	13.1206
363.213	1.00269	13.1263
363.361	1.00269	13.1321
363.509	1.00269	13.1379
363.657	1.00269	13.1437
363.805	1.00268	13.1495
363.953	1.00268	13.1553
364.102	1.00268	13.161
364.25	1.00268	13.1668
364.398	1.00268	13.1726
364.546	1.00267	13.1784
364.694	1.00267	13.1842
364.842	1.00267	13.19
364.99	1.00267	13.1958
365.138	1.00267	13.2015
365.287	1.00266	13.2073
365.435	1.00266	13.2131
365.583	1.00266	13.2189
365.731	1.00266	13.2247
365.879	1.00266	13.2305
366.027	1.00265	13.2363
366.175	1.00265	13.2421
366.324	1.00265	13.2478
366.472	1.00265	13.2536
366.62	1.00265	13.2594
366.768	1.00264	13.2652
366.916	1.00264	13.271
367.064	1.00264	13.2768
367.212	1.00264	13.2826
367.36	1.00264	13.2884
367.509	1.00263	13.2941
367.657	1.00263	13.2999
367.805	1.00263	13.3057
367.953	1.00263	13.3115
368.101	1.00263	13.3173
368.249	1.00262	13.3231
368.397	1.00262	13.3289
368.545	1.00262	13.3347
368.694	1.00262	13.3405
368.842	1.00262	13.3463
368.99	1.00261	13.352
369.138	1.00261	13.3578
369.286	1.00261	13.3636
369.434	1.00261	13.3694
369.582	1.00261	13.3752
369.73	1.0026	13.381
369.879	1.0026	13.3868
370.027	1.0026	13.3926
370.175	1.0026	13.3984
370.323	1.0026	13.4042
370.471	1.00259	13.41
370.619	1.00259	13.4157
370.767	1.00259	13.4215
370.916	1.00259	13.4273
371.064	1.00259	13.4331
371.212	1.00258	13.4389
371.36	1.00258	13.4447
371.508	1.00258	13.4505
371.656	1.00258	13.4563
371.804	1.00258	13.4621
371.952	1.00258	13.4679
372.101	1.00257	13.4737
372.249	1.00257	13.4795
372.397	1.00257	13.4853
372.545	1.00257	13.491
372.693	1.00257	13.4968
372.841	1.00256	13.5026
372.989	1.00256	13.5084
373.137	1.00256	13.5142
373.286	1.00256	13.52
373.434	1.00256	13.5258
373.582	1.00255	13.5316
373.73	1.00255	13.5374
373.878	1.00255	13.5432
374.026	1.00255	13.549
374.174	1.00255	13.5548
374.322	1.00255	13.5606
374.471	1.00254	13.5664
374.619	1.00254	13.5722
374.767	1.00254	13.578
374.915	1.00254	13.5838
375.063	1.00254	13.5896
375.211	1.00253	13.5953
375.359	1.00253	13.6011
375.507	1.00253	13.6069
375.656	1.00253	13.6127
375.804	1.00253	13.6185
375.952	1.00253	13.6243
376.1	1.00252	13.6301
376.248	1.00252	13.6359
376.396	1.00252	13.6417
376.544	1.00252	13.6475
376.693	1.00252	13.6533
376.841	1.00251	13.6591
376.989	1.00251	13.6649
377.137	1.00251	13.6707
377.285	1.00251	13.6765
377.433	1.00251	13.6823
377.581	1.00251	13.6881
377.729	1.0025	13.6939
377.878	1.0025	13.6997
378.026	1.0025	13.7055
378.174	1.0025	13.7113
378.322	1.0025	13.7171
378.47	1.0025	13.7229
378.618	1.00249	13.7287
378.766	1.00249	13.7345
378.914	1.00249	13.7403
379.063	1.00249	13.7461
379.211	1.00249	13.7519
379.359	1.00248	13.7577
379.507	1.00248	13.7635
379.655	1.00248	13.7693
379.803	1.00248	13.7751
379.951	1.00248	13.7809
380.099	1.00248	13.7867
380.248	1.00247	13.7925
380.396	1.00247	13.7983
380.544	1.00247	13.8041
380.692	1.00247	13.8099
380.84	1.00247	13.8157
380.988	1.00247	13.8215
381.136	1.00246	13.8273
381.285	1.00246	13.8331
381.433	1.00246	13.8389
381.581	1.00246	13.8447
381.729	1.00246	13.8505
381.877	1.00246	13.8563
382.025	1.00245	13.8621
382.173	1.00245	13.8679
382.321	1.00245	13.8737
382.47	1.00245	13.8795
382.618	1.00245	13.8853
382.766	1.00244	13.8911
382.914	1.00244	13.8969
383.062	1.00244	13.9027
383.21	1.00244	13.9085
383.358	1.00244	13.9143
383.506	1.00244	13.9201
383.655	1.00243	13.9259
383.803	1.00243	13.9317
383.951	1.00243	13.9375
384.099	1.00243	13.9433
384.247	1.00243	13.9491
384.395	1.00243	13.9549
384.543	1.00242	13.9607
384.691	1.00242	13.9665
384.84	1.00242	13.9723
384.988	1.00242	13.9781
385.136	1.00242	13.9839
385.284	1.00242	13.9898
385.432	1.00241	13.9956
385.58	1.00241	14.0014
385.728	1.00241	14.0072
385.876	1.00241	14.013
386.025	1.00241	14.0188
386.173	1.00241	14.0246
386.321	1.0024	14.0304
386.469	1.0024	14.0362
386.617	1.0024	14.042
386.765	1.0024	14.0478
386.913	1.0024	14.0536
387.062	1.0024	14.0594
387.21	1.0024	14.0652
387.358	1.00239	14.071
387.506	1.00239	14.0768
387.654	1.00239	14.0826
387.802	1.00239	14.0884
387.95	1.00239	14.0942
388.098	1.00239	14.1
388.247	1.00238	14.1059
388.395	1.00238	14.1117
388.543	1.00238	14.1175
388.691	1.00238	14.1233
388.839	1.00238	14.1291
388.987	1.00238	14.1349
389.135	1.00237	14.1407
389.283	1.00237	14.1465
389.432	1.00237	14.1523
389.58	1.00237	14.1581
389.728	1.00237	14.1639
389.876	1.00237	14.1697
390.024	1.00236	14.1755
390.172	1.00236	14.1813
390.32	1.00236	14.1872
390.468	1.00236	14.193
390.617	1.00236	14.1988
390.765	1.00236	14.2046
390.913	1.00235	14.2104
391.061	1.00235	14.2162
391.209	1.00235	14.222
391.357	1.00235	14.2278
391.505	1.00235	14.2336
391.654	1.00235	14.2394
391.802	1.00235	14.2452
391.95	1.00234	14.251
392.098	1.00234	14.2569
392.246	1.00234	14.2627
392.394	1.00234	14.2685
392.542	1.00234	14.2743
392.69	1.00234	14.2801
392.839	1.00234	14.2859
392.987	1.00233	14.2917
393.135	1.00233	14.2975
393.283	1.00233	14.3033
393.431	1.00233	14.3091
393.579	1.00233	14.315
393.727	1.00233	14.3208
393.875	1.00232	14.3266
394.024	1.00232	14.3324
394.172	1.00232	14.3382
394.32	1.00232	14.344
394.468	1.00232	14.3498
394.616	1.00232	14.3556
394.764	1.00232	14.3614
394.912	1.00231	14.3673
395.06	1.00231	14.3731
395.209	1.00231	14.3789
395.357	1.00231	14.3847
395.505	1.00231	14.3905
395.653	1.00231	14.3963
395.801	1.00231	14.4021
395.949	1.0023	14.4079
396.097	1.0023	14.4137
396.245	1.0023	14.4196
396.394	1.0023	14.4254
396.542	1.0023	14.4312
396.69	1.0023	14.437
396.838	1.0023	14.4428
396.986	1.00229	14.4486
397.134	1.00229	14.4544
397.282	1.00229	14.4602
397.431	1.00229	14.4661
397.579	1.00229	14.4719
397.727	1.00229	14.4777
397.875	1.00229	14.4835
398.023	1.00228	14.4893
398.171	1.00228	14.4951
398.319	1.00228	14.5009
398.467	1.00228	14.5068
398.616	1.00228	14.5126
398.764	1.00228	14.5184
398.912	1.00228	14.5242
399.06	1.00227	14.53
399.208	1.00227	14.5358
399.356	1.00227	14.5416
399.504	1.00227	14.5474
399.652	1.00227	14.5533
399.801	1.00227	14.5591
399.949	1.00227	14.5649
400.097	1.00226	14.5707
400.245	1.00226	14.5765
400.393	1.00226	14.5823
400.541	1.00226	14.5882
400.689	1.00226	14.594
400.837	1.00226	14.5998
400.986	1.00226	14.6056
401.134	1.00225	14.6114
401.282	1.00225	14.6172
401.43	1.00225	14.623
401.578	1.00225	14.6289
401.726	1.00225	14.6347
401.874	1.00225	14.6405
402.023	1.00225	14.6463
402.171	1.00224	14.6521
402.319	1.00224	14.6579
402.467	1.00224	14.6638
402.615	1.00224	14.6696
402.763	1.00224	14.6754
402.911	1.00224	14.6812
403.059	1.00224	14.687
403.208	1.00223	14.6928
403.356	1.00223	14.6987
403.504	1.00223	14.7045
403.652	1.00223	14.7103
403.8	1.00223	14.7161
403.948	1.00223	14.7219
404.096	1.00223	14.7277
404.244	1.00222	14.7336
404.393	1.00222	14.7394
404.541	1.00222	14.7452
404.689	1.00222	14.751
404.837	1.00222	14.7568
404.985	1.00222	14.7626
405.133	1.00222	14.7685
405.281	1.00222	14.7743
405.429	1.00221	14.7801
405.578	1.00221	14.7859
405.726	1.00221	14.7917
405.874	1.00221	14.7976
406.022	1.00221	14.8034
406.17	1.00221	14.8092
406.318	1.00221	14.815
406.466	1.0022	14.8208
406.614	1.0022	14.8266
406.763	1.0022	14.8325
406.911	1.0022	14.8383
407.059	1.0022	14.8441
407.207	1.0022	14.8499
407.355	1.0022	14.8557
407.503	1.0022	14.8616
407.651	1.00219	14.8674
407.8	1.00219	14.8732
407.948	1.00219	14.879
408.096	1.00219	14.8848
408.244	1.00219	14.8907
408.392	1.00219	14.8965
408.54	1.00219	14.9023
408.688	1.00218	14.9081
408.836	1.00218	14.9139
408.985	1.00218	14.9198
409.133	1.00218	14.9256
409.281	1.00218	14.9314
409.429	1.00218	14.9372
409.577	1.00218	14.943
409.725	1.00218	14.9489
409.873	1.00217	14.9547
410.021	1.00217	14.9605
410.17	1.00217	14.9663
410.318	1.00217	14.9722
410.466	1.00217	14.978
410.614	1.00217	14.9838
410.762	1.00217	14.9896
410.91	1.00217	14.9954
411.058	1.00216	15.0013
411.206	1.00216	15.0071
411.355	1.00216	15.0129
411.503	1.00216	15.0187
411.651	1.00216	15.0245
411.799	1.00216	15.0304
411.947	1.00216	15.0362
412.095	1.00216	15.042
412.243	1.00215	15.0478
412.392	1.00215	15.0537
412.54	1.00215	15.0595
412.688	1.00215	15.0653
412.836	1.00215	15.0711
412.984	1.00215	15.0769
413.132	1.00215	15.0828
413.28	1.00215	15.0886
413.428	1.00214	15.0944
413.577	1.00214	15.1002
413.725	1.00214	15.1061
413.873	1.00214	15.1119
414.021	1.00214	15.1177
414.169	1.00214	15.1235
414.317	1.00214	15.1294
414.465	1.00214	15.1352
414.613	1.00213	15.141
414.762	1.00213	15.1468
414.91	1.00213	15.1526
415.058	1.00213	15.1585
415.206	1.00213	15.1643
415.354	1.00213	15.1701
415.502	1.00213	15.1759
415.65	1.00213	15.1818
415.798	1.00212	15.1876
415.947	1.00212	15.1934
416.095	1.00212	15.1992
416.243	1.00212	15.2051
416.391	1.00212	15.2109
416.539	1.00212	15.2167
416.687	1.00212	15.2225
416.835	1.00212	15.2284
416.983	1.00211	15.2342
417.132	1.00211	15.24
417.28	1.00211	15.2458
417.428	1.00211	15.2517
417.576	1.00211	15.2575
417.724	1.00211	15.2633
417.872	1.00211	15.2691
418.02	1.00211	15.275
418.169	1.0021	15.2808
418.317	1.0021	15.2866
418.465	1.0021	15.2924
418.613	1.0021	15.2983
418.761	1.0021	15.3041
418.909	1.0021	15.3099
419.057	1.0021	15.3157
419.205	1.0021	15.3216
419.354	1.00209	15.3274
419.502	1.00209	15.3332
419.65	1.00209	15.3391
419.798	1.00209	15.3449
419.946	1.00209	15.3507
420.094	1.00209	15.3565
420.242	1.00209	15.3624
420.39	1.00209	15.3682
420.539	1.00208	15.374
420.687	1.00208	15.3798
420.835	1.00208	15.3857
420.983	1.00208	15.3915
421.131	1.00208	15.3973
421.279	1.00208	15.4032
421.427	1.00208	15.409
421.575	1.00208	15.4148
421.724	1.00208	15.4206
421.872	1.00207	15.4265
422.02	1.00207	15.4323
422.168	1.00207	15.4381
422.316	1.00207	15.4439
422.464	1.00207	15.4498
422.612	1.00207	15.4556
422.761	1.00207	15.4614
422.909	1.00207	15.4673
423.057	1.00206	15.4731
423.205	1.00206	15.4789
423.353	1.00206	15.4847
423.501	1.00206	15.4906
423.649	1.00206	15.4964
423.797	1.00206	15.5022
423.946	1.00206	15.5081
424.094	1.00206	15.5139
424.242	1.00206	15.5197
424.39	1.00205	15.5255
424.538	1.00205	15.5314
424.686	1.00205	15.5372
424.834	1.00205	15.543
424.982	1.00205	15.5489
425.131	1.00205	15.5547
425.279	1.00205	15.5605
425.427	1.00205	15.5664
425.575	1.00204	15.5722
425.723	1.00204	15.578
425.871	1.00204	15.5838
426.019	1.00204	15.5897
426.167	1.00204	15.5955
426.316	1.00204	15.6013
426.464	1.00204	15.6072
426.612	1.00204	15.613
426.76	1.00204	15.6188
426.908	1.00203	15.6247
427.056	1.00203	15.6305
427.204	1.00203	15.6363
427.353	1.00203	15.6421
427.501	1.00203	15.648
427.649	1.00203	15.6538
427.797	1.00203	15.6596
427.945	1.00203	15.6655
428.093	1.00203	15.6713
428.241	1.00202	15.6771
428.389	1.00202	15.683
428.538	1.00202	15.6888
428.686	1.00202	15.6946
428.834	1.00202	15.7005
428.982	1.00202	15.7063
429.13	1.00202	15.7121
429.278	1.00202	15.718
429.426	1.00202	15.7238
429.574	1.00201	15.7296
429.723	1.00201	15.7354
429.871	1.00201	15.7413
430.019	1.00201	15.7471
430.167	1.00201	15.7529
430.315	1.00201	15.7588
430.463	1.00201	15.7646
430.611	1.00201	15.7704
430.759	1.002	15.7763
430.908	1.002	15.7821
431.056	1.002	15.7879
431.204	1.002	15.7938
431.352	1.002	15.7996
431.5	1.002	15.8054
431.648	1.002	15.8113
431.796	1.002	15.8171
431.944	1.002	15.8229
432.093	1.00199	15.8288
432.241	1.00199	15.8346
432.389	1.00199	15.8404
432.537	1.00199	15.8463
432.685	1.00199	15.8521
432.833	1.00199	15.8579
432.981	1.00199	15.8638
433.13	1.00199	15.8696
433.278	1.00199	15.8754
433.426	1.00198	15.8813
433.574	1.00198	15.8871
433.722	1.00198	15.8929
433.87	1.00198	15.8988
434.018	1.00198	15.9046
434.166	1.00198	15.9104
434.315	1.00198	15.9163
434.463	1.00198	15.9221
434.611	1.00198	15.9279
434.759	1.00198	15.9338
434.907	1.00197	15.9396
435.055	1.00197	15.9454
435.203	1.00197	15.9513
435.351	1.00197	15.9571
435.5	1.00197	15.963
435.648	1.00197	15.9688
435.796	1.00197	15.9746
435.944	1.00197	15.9805
436.092	1.00197	15.9863
436.24	1.00196	15.9921
436.388	1.00196	15.998
436.536	1.00196	16.0038
436.685	1.00196	16.0096
436.833	1.00196	16.0155
436.981	1.00196	16.0213
437.129	1.00196	16.0271
437.277	1.00196	16.033
437.425	1.00196	16.0388
437.573	1.00195	16.0446
437.722	1.00195	16.0505
437.87	1.00195	16.0563
438.018	1.00195	16.0622
438.166	1.00195	16.068
438.314	1.00195	16.0738
438.462	1.00195	16.0797
438.61	1.00195	16.0855
438.758	1.00195	16.0913
438.907	1.00194	16.0972
439.055	1.00194	16.103
439.203	1.00194	16.1088
439.351	1.00194	16.1147
439.499	1.00194	16.1205
439.647	1.00194	16.1264
439.795	1.00194	16.1322
439.943	1.00194	16.138
440.092	1.00194	16.1439
440.24	1.00194	16.1497
440.388	1.00193	16.1555
440.536	1.00193	16.1614
440.684	1.00193	16.1672
440.832	1.00193	16.1731
440.98	1.00193	16.1789
441.128	1.00193	16.1847
441.277	1.00193	16.1906
441.425	1.00193	16.1964
441.573	1.00193	16.2022
441.721	1.00192	16.2081
441.869	1.00192	16.2139
442.017	1.00192	16.2198
442.165	1.00192	16.2256
442.313	1.00192	16.2314
442.462	1.00192	16.2373
442.61	1.00192	16.2431
442.758	1.00192	16.2489
442.906	1.00192	16.2548
443.054	1.00192	16.2606
443.202	1.00191	16.2665
443.35	1.00191	16.2723
443.499	1.00191	16.2781
443.647	1.00191	16.284
443.795	1.00191	16.2898
443.943	1.00191	16.2957
444.091	1.00191	16.3015
444.239	1.00191	16.3073
444.387	1.00191	16.3132
444.535	1.00191	16.319
444.684	1.0019	16.3249
444.832	1.0019	16.3307
444.98	1.0019	16.3365
445.128	1.0019	16.3424
445.276	1.0019	16.3482
445.424	1.0019	16.354
445.572	1.0019	16.3599
445.72	1.0019	16.3657
445.869	1.0019	16.3716
446.017	1.0019	16.3774
446.165	1.00189	16.3832
446.313	1.00189	16.3891
446.461	1.00189	16.3949
446.609	1.00189	16.4008
446.757	1.00189	16.4066
446.905	1.00189	16.4124
447.054	1.00189	16.4183
447.202	1.00189	16.4241
447.35	1.00189	16.43
447.498	1.00189	16.4358
447.646	1.00188	16.4417
447.794	1.00188	16.4475
447.942	1.00188	16.4533
448.091	1.00188	16.4592
448.239	1.00188	16.465
448.387	1.00188	16.4709
448.535	1.00188	16.4767
448.683	1.00188	16.4825
448.831	1.00188	16.4884
448.979	1.00188	16.4942
449.127	1.00187	16.5001
449.276	1.00187	16.5059
449.424	1.00187	16.5117
449.572	1.00187	16.5176
449.72	1.00187	16.5234
449.868	1.00187	16.5293
450.016	1.00187	16.5351
450.164	1.00187	16.541
450.312	1.00187	16.5468
450.461	1.00187	16.5526
450.609	1.00186	16.5585
450.757	1.00186	16.5643
450.905	1.00186	16.5702
451.053	1.00186	16.576
451.201	1.00186	16.5818
451.349	1.00186	16.5877
451.497	1.00186	16.5935
451.646	1.00186	16.5994
451.794	1.00186	16.6052
451.942	1.00186	16.6111
452.09	1.00185	16.6169
452.238	1.00185	16.6227
452.386	1.00185	16.6286
452.534	1.00185	16.6344
452.682	1.00185	16.6403
452.831	1.00185	16.6461
452.979	1.00185	16.652
453.127	1.00185	16.6578
453.275	1.00185	16.6636
453.423	1.00185	16.6695
453.571	1.00184	16.6753
453.719	1.00184	16.6812
453.868	1.00184	16.687
454.016	1.00184	16.6929
454.164	1.00184	16.6987
454.312	1.00184	16.7045
454.46	1.00184	16.7104
454.608	1.00184	16.7162
454.756	1.00184	16.7221
454.904	1.00184	16.7279
455.053	1.00183	16.7338
455.201	1.00183	16.7396
455.349	1.00183	16.7455
455.497	1.00183	16.7513
455.645	1.00183	16.7571
455.793	1.00183	16.763
455.941	1.00183	16.7688
456.089	1.00183	16.7747
456.238	1.00183	16.7805
456.386	1.00183	16.7864
456.534	1.00183	16.7922
456.682	1.00182	16.798
456.83	1.00182	16.8039
456.978	1.00182	16.8097
457.126	1.00182	16.8156
457.274	1.00182	16.8214
457.423	1.00182	16.8273
457.571	1.00182	16.8331
457.719	1.00182	16.839
457.867	1.00182	16.8448
458.015	1.00182	16.8507
458.163	1.00181	16.8565
458.311	1.00181	16.8623
458.46	1.00181	16.8682
458.608	1.00181	16.874
458.756	1.00181	16.8799
458.904	1.00181	16.8857
459.052	1.00181	16.8916
459.2	1.00181	16.8974
459.348	1.00181	16.9033
459.496	1.00181	16.9091
459.645	1.00181	16.915
459.793	1.0018	16.9208
459.941	1.0018	16.9266
460.089	1.0018	16.9325
460.237	1.0018	16.9383
460.385	1.0018	16.9442
460.533	1.0018	16.95
460.681	1.0018	16.9559
460.83	1.0018	16.9617
460.978	1.0018	16.9676
461.126	1.0018	16.9734
461.274	1.0018	16.9793
461.422	1.00179	16.9851
461.57	1.00179	16.991
461.718	1.00179	16.9968
461.866	1.00179	17.0026
462.015	1.00179	17.0085
462.163	1.00179	17.0143
462.311	1.00179	17.0202
462.459	1.00179	17.026
462.607	1.00179	17.0319
462.755	1.00179	17.0377
462.903	1.00179	17.0436
463.051	1.00178	17.0494
463.2	1.00178	17.0553
463.348	1.00178	17.0611
463.496	1.00178	17.067
463.644	1.00178	17.0728
463.792	1.00178	17.0787
463.94	1.00178	17.0845
464.088	1.00178	17.0904
464.237	1.00178	17.0962
464.385	1.00178	17.102
464.533	1.00178	17.1079
464.681	1.00177	17.1137
464.829	1.00177	17.1196
464.977	1.00177	17.1254
465.125	1.00177	17.1313
465.273	1.00177	17.1371
465.422	1.00177	17.143
465.57	1.00177	17.1488
465.718	1.00177	17.1547
465.866	1.00177	17.1605
466.014	1.00177	17.1664
466.162	1.00177	17.1722
466.31	1.00176	17.1781
466.458	1.00176	17.1839
466.607	1.00176	17.1898
466.755	1.00176	17.1956
466.903	1.00176	17.2015
467.051	1.00176	17.2073
467.199	1.00176	17.2132
467.347	1.00176	17.219
467.495	1.00176	17.2249
467.643	1.00176	17.2307
467.792	1.00176	17.2366
467.94	1.00175	17.2424
468.088	1.00175	17.2483
468.236	1.00175	17.2541
468.384	1.00175	17.26
468.532	1.00175	17.2658
468.68	1.00175	17.2717
468.829	1.00175	17.2775
468.977	1.00175	17.2834
469.125	1.00175	17.2892
469.273	1.00175	17.2951
469.421	1.00175	17.3009
469.569	1.00174	17.3067
469.717	1.00174	17.3126
469.865	1.00174	17.3184
470.014	1.00174	17.3243
470.162	1.00174	17.3301
470.31	1.00174	17.336
470.458	1.00174	17.3418
470.606	1.00174	17.3477
470.754	1.00174	17.3535
470.902	1.00174	17.3594
471.05	1.00174	17.3652
471.199	1.00174	17.3711
471.347	1.00173	17.3769
471.495	1.00173	17.3828
471.643	1.00173	17.3887
471.791	1.00173	17.3945
471.939	1.00173	17.4004
472.087	1.00173	17.4062
472.235	1.00173	17.4121
472.384	1.00173	17.4179
472.532	1.00173	17.4238
472.68	1.00173	17.4296
472.828	1.00173	17.4355
472.976	1.00172	17.4413
473.124	1.00172	17.4472
473.272	1.00172	17.453
473.42	1.00172	17.4589
473.569	1.00172	17.4647
473.717	1.00172	17.4706
473.865	1.00172	17.4764
474.013	1.00172	17.4823
474.161	1.00172	17.4881
474.309	1.00172	17.494
474.457	1.00172	17.4998
474.606	1.00172	17.5057
474.754	1.00171	17.5115
474.902	1.00171	17.5174
475.05	1.00171	17.5232
475.198	1.00171	17.5291
475.346	1.00171	17.5349
475.494	1.00171	17.5408
475.642	1.00171	17.5466
475.791	1.00171	17.5525
475.939	1.00171	17.5583
476.087	1.00171	17.5642
476.235	1.00171	17.57
476.383	1.00171	17.5759
476.531	1.0017	17.5817
476.679	1.0017	17.5876
476.827	1.0017	17.5934
476.976	1.0017	17.5993
477.124	1.0017	17.6052
477.272	1.0017	17.611
477.42	1.0017	17.6169
477.568	1.0017	17.6227
477.716	1.0017	17.6286
477.864	1.0017	17.6344
478.012	1.0017	17.6403
478.161	1.0017	17.6461
478.309	1.00169	17.652
478.457	1.00169	17.6578
478.605	1.00169	17.6637
478.753	1.00169	17.6695
478.901	1.00169	17.6754
479.049	1.00169	17.6812
479.198	1.00169	17.6871
479.346	1.00169	17.6929
479.494	1.00169	17.6988
479.642	1.00169	17.7047
479.79	1.00169	17.7105
479.938	1.00169	17.7164
480.086	1.00168	17.7222
480.234	1.00168	17.7281
480.383	1.00168	17.7339
480.531	1.00168	17.7398
480.679	1.00168	17.7456
480.827	1.00168	17.7515
480.975	1.00168	17.7573
481.123	1.00168	17.7632
481.271	1.00168	17.769
481.419	1.00168	17.7749
481.568	1.00168	17.7808
481.716	1.00168	17.7866
481.864	1.00167	17.7925
482.012	1.00167	17.7983
482.16	1.00167	17.8042
482.308	1.00167	17.81
482.456	1.00167	17.8159
482.604	1.00167	17.8217
482.753	1.00167	17.8276
482.901	1.00167	17.8334
483.049	1.00167	17.8393
483.197	1.00167	17.8451
483.345	1.00167	17.851
483.493	1.00167	17.8569
483.641	1.00166	17.8627
483.789	1.00166	17.8686
483.938	1.00166	17.8744
484.086	1.00166	17.8803
484.234	1.00166	17.8861
484.382	1.00166	17.892
484.53	1.00166	17.8978
484.678	1.00166	17.9037
484.826	1.00166	17.9096
484.975	1.00166	17.9154
485.123	1.00166	17.9213
485.271	1.00166	17.9271
485.419	1.00165	17.933
485.567	1.00165	17.9388
485.715	1.00165	17.9447
485.863	1.00165	17.9505
486.011	1.00165	17.9564
486.16	1.00165	17.9623
486.308	1.00165	17.9681
486.456	1.00165	17.974
486.604	1.00165	17.9798
486.752	1.00165	17.9857
486.9	1.00165	17.9915
487.048	1.00165	17.9974
487.196	1.00165	18.0032
487.345	1.00164	18.0091
487.493	1.00164	18.015
487.641	1.00164	18.0208
487.789	1.00164	18.0267
487.937	1.00164	18.0325
488.085	1.00164	18.0384
488.233	1.00164	18.0442
488.381	1.00164	18.0501
488.53	1.00164	18.0559
488.678	1.00164	18.0618
488.826	1.00164	18.0677
488.974	1.00164	18.0735
489.122	1.00163	18.0794
489.27	1.00163	18.0852
489.418	1.00163	18.0911
489.567	1.00163	18.0969
489.715	1.00163	18.1028
489.863	1.00163	18.1087
490.011	1.00163	18.1145
490.159	1.00163	18.1204
490.307	1.00163	18.1262
490.455	1.00163	18.1321
490.603	1.00163	18.1379
490.752	1.00163	18.1438
490.9	1.00163	18.1497
491.048	1.00162	18.1555
491.196	1.00162	18.1614
491.344	1.00162	18.1672
491.492	1.00162	18.1731
491.64	1.00162	18.1789
491.788	1.00162	18.1848
491.937	1.00162	18.1907
492.085	1.00162	18.1965
492.233	1.00162	18.2024
492.381	1.00162	18.2082
492.529	1.00162	18.2141
492.677	1.00162	18.2199
492.825	1.00162	18.2258
492.973	1.00161	18.2317
493.122	1.00161	18.2375
493.27	1.00161	18.2434
493.418	1.00161	18.2492
493.566	1.00161	18.2551
493.714	1.00161	18.261
493.862	1.00161	18.2668
494.01	1.00161	18.2727
494.158	1.00161	18.2785
494.307	1.00161	18.2844
494.455	1.00161	18.2902
494.603	1.00161	18.2961
494.751	1.00161	18.302
494.899	1.0016	18.3078
495.047	1.0016	18.3137
495.195	1.0016	18.3195
495.344	1.0016	18.3254
495.492	1.0016	18.3313
495.64	1.0016	18.3371
495.788	1.0016	18.343
495.936	1.0016	18.3488
496.084	1.0016	18.3547
496.232	1.0016	18.3605
496.38	1.0016	18.3664
496.529	1.0016	18.3723
496.677	1.0016	18.3781
496.825	1.00159	18.384
496.973	1.00159	18.3898
497.121	1.00159	18.3957
497.269	1.00159	18.4016
497.417	1.00159	18.4074
497.565	1.00159	18.4133
497.714	1.00159	18.4191
497.862	1.00159	18.425
498.01	1.00159	18.4309
498.158	1.00159	18.4367
498.306	1.00159	18.4426
498.454	1.00159	18.4484
498.602	1.00159	18.4543
498.75	1.00159	18.4602
498.899	1.00158	18.466
499.047	1.00158	18.4719
499.195	1.00158	18.4777
499.343	1.00158	18.4836
499.491	1.00158	18.4895
499.639	1.00158	18.4953
499.787	1.00158	18.5012
499.936	1.00158	18.507
