0	1.00149	3.55791
0	1.00149	3.55791
0.165613	1.0017	3.55827
0.331226	1.00228	3.55927
0.498495	1.00313	3.56075
0.664107	1.00413	3.56251
0.82972	1.00516	3.56437
0.995333	1.00614	3.56614
1.15929	1.00697	3.56766
1.3249	1.00761	3.56886
1.49052	1.00803	3.56969
1.65613	1.00822	3.57012
1.82174	1.00819	3.57017
1.98735	1.00797	3.56991
2.15297	1.0076	3.5694
2.31858	1.00713	3.56875
2.48419	1.00663	3.56804
2.6498	1.00612	3.56735
2.81542	1.00564	3.56675
2.98103	1.00522	3.56626
3.14664	1.00488	3.56593
3.31226	1.00462	3.56575
3.47787	1.00444	3.56573
3.64348	1.00432	3.56584
3.80909	1.00426	3.56606
3.97471	1.00424	3.56636
4.14032	1.00424	3.56673
4.30593	1.00424	3.56712
4.47155	1.00423	3.56751
4.63716	1.00419	3.56785
4.80277	1.00411	3.56813
4.96838	1.00398	3.56834
5.134	1.0038	3.56847
5.29961	1.00358	3.56853
5.46522	1.00332	3.56854
5.63084	1.00303	3.56852
5.79645	1.00273	3.56847
5.96206	1.00241	3.56843
6.12767	1.00209	3.56839
6.29329	1.00177	3.56837
6.4589	1.00146	3.56836
6.62451	1.00116	3.56838
6.79013	1.00086	3.56842
6.95574	1.00057	3.56849
7.12135	1.00029	3.56859
7.28696	1.00002	3.56871
7.45258	0.999754	3.56884
7.61819	0.999487	3.56899
7.7838	0.999216	3.56915
7.94941	0.998939	3.5693
8.11503	0.998653	3.56945
8.28064	0.998355	3.56958
8.44625	0.998045	3.56969
8.61187	0.997724	3.5698
8.77748	0.997392	3.56989
8.94475	0.997049	3.56998
9.11036	0.996702	3.57006
9.27597	0.996349	3.57014
9.44159	0.995993	3.57022
9.6072	0.995633	3.57031
9.77281	0.995271	3.57039
9.93842	0.994908	3.57047
10.104	0.994544	3.57056
10.2697	0.994179	3.57066
10.4353	0.993815	3.57076
10.6009	0.993451	3.57086
10.7665	0.993087	3.57097
10.9321	0.992723	3.57108
11.0977	0.992358	3.5712
11.2633	0.991991	3.57131
11.4289	0.991621	3.57143
11.5946	0.99125	3.57154
11.7602	0.990875	3.57165
11.9258	0.990498	3.57176
12.0914	0.990119	3.57187
12.257	0.989737	3.57197
12.4226	0.989355	3.57207
12.5882	0.988971	3.57218
12.7538	0.988586	3.57228
12.9195	0.9882	3.57238
13.0851	0.987814	3.57248
13.2507	0.987427	3.57258
13.4163	0.987041	3.57268
13.5819	0.986656	3.57278
13.7475	0.98627	3.57288
13.9131	0.985886	3.57299
14.0787	0.985503	3.57309
14.2444	0.98512	3.5732
14.41	0.984738	3.5733
14.5756	0.984357	3.5734
14.7412	0.983977	3.57351
14.9068	0.983598	3.57361
15.0724	0.983219	3.57371
15.238	0.982841	3.57382
15.4036	0.982465	3.57392
15.5693	0.982089	3.57402
15.7349	0.981715	3.57412
15.9005	0.981341	3.57421
16.0661	0.98097	3.57431
16.2317	0.9806	3.57441
16.3973	0.980231	3.57451
16.5629	0.979864	3.5746
16.7286	0.979499	3.5747
16.8942	0.979137	3.57479
17.0598	0.978776	3.57489
17.2254	0.978417	3.57498
17.391	0.978061	3.57507
17.5566	0.977707	3.57517
17.7222	0.977355	3.57526
17.8878	0.977006	3.57535
18.0535	0.976659	3.57544
18.2191	0.976314	3.57553
18.3847	0.975972	3.57562
18.5503	0.975632	3.57571
18.7159	0.975295	3.5758
18.8815	0.974961	3.57589
19.0471	0.974629	3.57598
19.2127	0.9743	3.57606
19.3784	0.973974	3.57615
19.544	0.97365	3.57623
19.7096	0.973329	3.57632
19.8752	0.973012	3.5764
20.0408	0.972697	3.57648
20.2064	0.972385	3.57657
20.372	0.972075	3.57665
20.5376	0.971769	3.57673
20.7033	0.971466	3.57681
20.8689	0.971166	3.57689
21.0345	0.970869	3.57696
21.2001	0.970576	3.57704
21.3657	0.970285	3.57712
21.5313	0.969997	3.57719
21.6969	0.969713	3.57727
21.8625	0.969431	3.57734
22.0282	0.969153	3.57742
22.1938	0.968878	3.57749
22.3594	0.968605	3.57756
22.525	0.968337	3.57763
22.6906	0.968071	3.5777
22.8562	0.967808	3.57777
23.0218	0.967549	3.57784
23.1874	0.967292	3.57791
23.3531	0.967039	3.57798
23.5187	0.966789	3.57805
23.6843	0.966542	3.57811
23.8499	0.966298	3.57818
24.0155	0.966058	3.57824
24.1811	0.96582	3.57831
24.3467	0.965586	3.57837
24.5124	0.965354	3.57843
24.678	0.965126	3.57849
24.8436	0.964901	3.57856
25.0092	0.964679	3.57862
25.1748	0.964459	3.57868
25.3404	0.964243	3.57874
25.506	0.96403	3.57879
25.6716	0.96382	3.57885
25.8373	0.963613	3.57891
26.0029	0.963409	3.57897
26.1685	0.963207	3.57902
26.3341	0.963009	3.57908
26.4997	0.962814	3.57913
26.6653	0.962621	3.57919
26.8309	0.962431	3.57924
26.9965	0.962244	3.57929
27.1622	0.96206	3.57934
27.3278	0.961879	3.5794
27.4934	0.9617	3.57945
27.659	0.961524	3.5795
27.8246	0.961351	3.57955
27.9902	0.961181	3.5796
28.1558	0.961013	3.57964
28.3214	0.960848	3.57969
28.4871	0.960685	3.57974
28.6527	0.960525	3.57979
28.8183	0.960367	3.57983
28.9839	0.960212	3.57988
29.1495	0.96006	3.57992
29.3151	0.95991	3.57997
29.4807	0.959762	3.58001
29.6463	0.959617	3.58006
29.812	0.959474	3.5801
29.9776	0.959334	3.58014
30.1432	0.959196	3.58018
30.3088	0.95906	3.58022
30.4744	0.958927	3.58027
30.64	0.958795	3.58031
30.8056	0.958666	3.58035
30.9713	0.958539	3.58039
31.1369	0.958415	3.58043
31.3025	0.958292	3.58046
31.4681	0.958172	3.5805
31.6337	0.958053	3.58054
31.7993	0.957937	3.58058
31.9649	0.957823	3.58061
32.1305	0.95771	3.58065
32.2962	0.9576	3.58069
32.4618	0.957491	3.58072
32.6274	0.957385	3.58076
32.793	0.95728	3.58079
32.9586	0.957178	3.58083
33.1242	0.957077	3.58086
33.2898	0.956978	3.5809
33.4554	0.95688	3.58093
33.6211	0.956785	3.58096
33.7867	0.956691	3.581
33.9523	0.956599	3.58103
34.1179	0.956508	3.58106
34.2835	0.95642	3.58109
34.4491	0.956332	3.58112
34.6147	0.956247	3.58115
34.7803	0.956163	3.58118
34.946	0.956081	3.58121
35.1116	0.956	3.58124
35.2772	0.95592	3.58127
35.4428	0.955842	3.5813
35.6084	0.955766	3.58133
35.774	0.955691	3.58136
35.9396	0.955617	3.58139
36.1052	0.955545	3.58142
36.2709	0.955475	3.58145
36.4365	0.955405	3.58147
36.6021	0.955337	3.5815
36.7677	0.95527	3.58153
36.9333	0.955205	3.58155
37.0989	0.95514	3.58158
37.2645	0.955077	3.58161
37.4302	0.955015	3.58163
37.5958	0.954955	3.58166
37.7614	0.954895	3.58168
37.927	0.954837	3.58171
38.0926	0.95478	3.58173
38.2582	0.954724	3.58176
38.4238	0.954669	3.58178
38.5894	0.954615	3.58181
38.7534	0.954563	3.58183
38.919	0.954511	3.58185
39.0846	0.954461	3.58188
39.2502	0.954411	3.5819
39.4158	0.954362	3.58193
39.5815	0.954315	3.58195
39.7471	0.954268	3.58197
39.9127	0.954222	3.58199
40.0783	0.954177	3.58202
40.2439	0.954134	3.58204
40.4095	0.95409	3.58206
40.5751	0.954048	3.58208
40.7408	0.954007	3.5821
40.9064	0.953967	3.58213
41.072	0.953927	3.58215
41.2376	0.953888	3.58217
41.4032	0.95385	3.58219
41.5688	0.953813	3.58221
41.7344	0.953776	3.58223
41.9	0.953741	3.58225
42.0657	0.953706	3.58227
42.2313	0.953672	3.58229
42.3969	0.953638	3.58231
42.5625	0.953605	3.58233
42.7281	0.953573	3.58235
42.8937	0.953542	3.58237
43.0593	0.953511	3.58239
43.2249	0.953481	3.58241
43.3906	0.953452	3.58243
43.5562	0.953423	3.58245
43.7218	0.953395	3.58247
43.8874	0.953367	3.58249
44.053	0.95334	3.58251
44.2186	0.953314	3.58252
44.3842	0.953288	3.58254
44.5498	0.953263	3.58256
44.7155	0.953238	3.58258
44.8811	0.953214	3.5826
45.0467	0.953191	3.58262
45.2123	0.953168	3.58263
45.3779	0.953145	3.58265
45.5435	0.953123	3.58267
45.7091	0.953102	3.58269
45.8747	0.953081	3.5827
46.0404	0.95306	3.58272
46.206	0.95304	3.58274
46.3716	0.95302	3.58276
46.5372	0.953001	3.58277
46.7028	0.952982	3.58279
46.8684	0.952964	3.58281
47.034	0.952946	3.58283
47.1997	0.952929	3.58284
47.3653	0.952912	3.58286
47.5309	0.952895	3.58288
47.6965	0.952879	3.58289
47.8621	0.952863	3.58291
48.0277	0.952847	3.58292
48.1933	0.952832	3.58294
48.3589	0.952818	3.58296
48.5246	0.952803	3.58297
48.6902	0.952789	3.58299
48.8558	0.952775	3.58301
49.0214	0.952762	3.58302
49.187	0.952749	3.58304
49.3526	0.952736	3.58305
49.5182	0.952724	3.58307
49.6838	0.952712	3.58308
49.8495	0.9527	3.5831
50.0151	0.952689	3.58312
50.1807	0.952678	3.58313
50.3463	0.952667	3.58315
50.5119	0.952656	3.58316
50.6775	0.952646	3.58318
50.8431	0.952636	3.58319
51.0087	0.952626	3.58321
51.1744	0.952616	3.58322
51.34	0.952607	3.58324
51.5056	0.952598	3.58325
51.6712	0.952589	3.58327
51.8368	0.952581	3.58328
52.0024	0.952573	3.5833
52.168	0.952565	3.58331
52.3336	0.952557	3.58333
52.4993	0.952549	3.58334
52.6649	0.952542	3.58336
52.8305	0.952535	3.58337
52.9961	0.952528	3.58339
53.1617	0.952521	3.5834
53.3273	0.952515	3.58342
53.4929	0.952508	3.58343
53.6586	0.952502	3.58345
53.8242	0.952496	3.58346
53.9898	0.95249	3.58347
54.1554	0.952485	3.58349
54.321	0.952479	3.5835
54.4866	0.952474	3.58352
54.6522	0.952469	3.58353
54.8178	0.952464	3.58355
54.9835	0.95246	3.58356
55.1491	0.952455	3.58357
55.3147	0.952451	3.58359
55.4803	0.952446	3.5836
55.6459	0.952442	3.58362
55.8115	0.952438	3.58363
55.9771	0.952435	3.58364
56.1427	0.952431	3.58366
56.3084	0.952428	3.58367
56.474	0.952424	3.58369
56.6396	0.952421	3.5837
56.8052	0.952418	3.58371
56.9708	0.952415	3.58373
57.1364	0.952412	3.58374
57.302	0.952409	3.58376
57.4676	0.952407	3.58377
57.6333	0.952404	3.58378
57.7989	0.952402	3.5838
57.9645	0.9524	3.58381
58.1301	0.952398	3.58382
58.2957	0.952396	3.58384
58.4613	0.952394	3.58385
58.6269	0.952392	3.58387
58.7925	0.95239	3.58388
58.9582	0.952389	3.58389
59.1238	0.952387	3.58391
59.2894	0.952386	3.58392
59.455	0.952385	3.58393
59.6206	0.952384	3.58395
59.7862	0.952383	3.58396
59.9518	0.952382	3.58397
60.1175	0.952381	3.58399
60.2831	0.95238	3.584
60.4487	0.952379	3.58401
60.6143	0.952378	3.58403
60.7799	0.952378	3.58404
60.9455	0.952377	3.58405
61.1111	0.952377	3.58407
61.2767	0.952377	3.58408
61.4424	0.952376	3.58409
61.608	0.952376	3.58411
61.7736	0.952376	3.58412
61.9392	0.952376	3.58413
62.1048	0.952376	3.58415
62.2704	0.952376	3.58416
62.436	0.952376	3.58417
62.6016	0.952377	3.58419
62.7673	0.952377	3.5842
62.9329	0.952377	3.58421
63.0985	0.952378	3.58423
63.2641	0.952378	3.58424
63.4297	0.952379	3.58425
63.5953	0.952379	3.58426
63.7609	0.95238	3.58428
63.9265	0.952381	3.58429
64.0922	0.952382	3.5843
64.2578	0.952382	3.58432
64.4234	0.952383	3.58433
64.589	0.952384	3.58434
64.7546	0.952385	3.58436
64.9202	0.952386	3.58437
65.0858	0.952387	3.58438
65.2514	0.952388	3.58439
65.4171	0.95239	3.58441
65.5827	0.952391	3.58442
65.7483	0.952392	3.58443
65.9139	0.952393	3.58445
66.0795	0.952395	3.58446
66.2451	0.952396	3.58447
66.4107	0.952398	3.58449
66.5764	0.952399	3.5845
66.742	0.952401	3.58451
66.9076	0.952402	3.58452
67.0732	0.952404	3.58454
67.2388	0.952405	3.58455
67.4044	0.952407	3.58456
67.57	0.952409	3.58458
67.7356	0.95241	3.58459
67.9013	0.952412	3.5846
68.0669	0.952414	3.58461
68.2325	0.952416	3.58463
68.3981	0.952418	3.58464
68.5637	0.95242	3.58465
68.7293	0.952421	3.58467
68.8949	0.952423	3.58468
69.0605	0.952425	3.58469
69.2262	0.952427	3.5847
69.3918	0.952429	3.58472
69.5574	0.952432	3.58473
69.723	0.952434	3.58474
69.8886	0.952436	3.58475
70.0542	0.952438	3.58477
70.2198	0.95244	3.58478
70.3854	0.952442	3.58479
70.5511	0.952444	3.58481
70.7167	0.952447	3.58482
70.8823	0.952449	3.58483
71.0479	0.952451	3.58484
71.2135	0.952454	3.58486
71.3791	0.952456	3.58487
71.5447	0.952458	3.58488
71.7103	0.952461	3.58489
71.876	0.952463	3.58491
72.0416	0.952465	3.58492
72.2072	0.952468	3.58493
72.3728	0.95247	3.58495
72.5384	0.952473	3.58496
72.704	0.952475	3.58497
72.8696	0.952478	3.58498
73.0353	0.95248	3.585
73.2009	0.952483	3.58501
73.3665	0.952485	3.58502
73.5321	0.952488	3.58503
73.6977	0.952491	3.58505
73.8633	0.952493	3.58506
74.0289	0.952496	3.58507
74.1945	0.952499	3.58509
74.3602	0.952501	3.5851
74.5258	0.952504	3.58511
74.6914	0.952507	3.58512
74.857	0.952509	3.58514
75.0226	0.952512	3.58515
75.1882	0.952515	3.58516
75.3538	0.952517	3.58517
75.5194	0.95252	3.58519
75.6851	0.952523	3.5852
75.8507	0.952526	3.58521
76.0163	0.952528	3.58522
76.1819	0.952531	3.58524
76.3475	0.952534	3.58525
76.5131	0.952537	3.58526
76.6787	0.95254	3.58527
76.8443	0.952543	3.58529
77.01	0.952545	3.5853
77.1756	0.952548	3.58531
77.3412	0.952551	3.58532
77.5068	0.952554	3.58534
77.6724	0.952557	3.58535
77.838	0.95256	3.58536
78.0036	0.952563	3.58538
78.1692	0.952566	3.58539
78.3349	0.952569	3.5854
78.5005	0.952572	3.58541
78.6661	0.952575	3.58543
78.8317	0.952577	3.58544
78.9973	0.95258	3.58545
79.1629	0.952583	3.58546
79.3285	0.952586	3.58548
79.4941	0.952589	3.58549
79.6598	0.952592	3.5855
79.8254	0.952595	3.58551
79.991	0.952598	3.58553
80.1583	0.952601	3.58554
80.3239	0.952604	3.58555
80.4895	0.952607	3.58556
80.6551	0.95261	3.58558
80.8207	0.952614	3.58559
80.9863	0.952617	3.5856
81.1519	0.95262	3.58561
81.3175	0.952623	3.58563
81.4832	0.952626	3.58564
81.6488	0.952629	3.58565
81.8144	0.952632	3.58566
81.98	0.952635	3.58568
82.1456	0.952638	3.58569
82.3112	0.952641	3.5857
82.4768	0.952644	3.58571
82.6424	0.952647	3.58573
82.8081	0.95265	3.58574
82.9737	0.952653	3.58575
83.1393	0.952657	3.58576
83.3049	0.95266	3.58578
83.4705	0.952663	3.58579
83.6361	0.952666	3.5858
83.8017	0.952669	3.58581
83.9674	0.952672	3.58583
84.133	0.952675	3.58584
84.2986	0.952678	3.58585
84.4642	0.952682	3.58586
84.6298	0.952685	3.58588
84.7954	0.952688	3.58589
84.961	0.952691	3.5859
85.1266	0.952694	3.58591
85.2923	0.952697	3.58593
85.4579	0.952701	3.58594
85.6235	0.952704	3.58595
85.7891	0.952707	3.58596
85.9547	0.95271	3.58598
86.1203	0.952713	3.58599
86.2859	0.952716	3.586
86.4515	0.95272	3.58601
86.6172	0.952723	3.58603
86.7828	0.952726	3.58604
86.9484	0.952729	3.58605
87.114	0.952732	3.58606
87.2796	0.952735	3.58608
87.4452	0.952739	3.58609
87.6108	0.952742	3.5861
87.7764	0.952745	3.58611
87.9421	0.952748	3.58613
88.1077	0.952751	3.58614
88.2733	0.952755	3.58615
88.4389	0.952758	3.58616
88.6045	0.952761	3.58618
88.7701	0.952764	3.58619
88.9357	0.952767	3.5862
89.1013	0.952771	3.58621
89.267	0.952774	3.58623
89.4326	0.952777	3.58624
89.5982	0.95278	3.58625
89.7638	0.952784	3.58626
89.9294	0.952787	3.58628
90.095	0.95279	3.58629
90.2606	0.952793	3.5863
90.4263	0.952796	3.58631
90.5919	0.9528	3.58633
90.7575	0.952803	3.58634
90.9231	0.952806	3.58635
91.0887	0.952809	3.58636
91.2543	0.952813	3.58638
91.4199	0.952816	3.58639
91.5855	0.952819	3.5864
91.7512	0.952822	3.58641
91.9168	0.952825	3.58643
92.0824	0.952829	3.58644
92.248	0.952832	3.58645
92.4136	0.952835	3.58646
92.5792	0.952838	3.58648
92.7448	0.952842	3.58649
92.9104	0.952845	3.5865
93.0761	0.952848	3.58651
93.2417	0.952851	3.58653
93.4073	0.952855	3.58654
93.5729	0.952858	3.58655
93.7385	0.952861	3.58656
93.9041	0.952864	3.58658
94.0697	0.952868	3.58659
94.2353	0.952871	3.5866
94.401	0.952874	3.58661
94.5666	0.952877	3.58663
94.7322	0.95288	3.58664
94.8978	0.952884	3.58665
95.0634	0.952887	3.58666
95.229	0.95289	3.58668
95.3946	0.952893	3.58669
95.5602	0.952897	3.5867
95.7259	0.9529	3.58671
95.8915	0.952903	3.58673
96.0571	0.952906	3.58674
96.2227	0.95291	3.58675
96.3883	0.952913	3.58676
96.5539	0.952916	3.58678
96.7195	0.952919	3.58679
96.8852	0.952923	3.5868
97.0508	0.952926	3.58681
97.2164	0.952929	3.58683
97.382	0.952932	3.58684
97.5476	0.952936	3.58685
97.7132	0.952939	3.58686
97.8788	0.952942	3.58688
98.0444	0.952945	3.58689
98.2101	0.952949	3.5869
98.3757	0.952952	3.58691
98.5413	0.952955	3.58693
98.7069	0.952958	3.58694
98.8725	0.952962	3.58695
99.0381	0.952965	3.58696
99.2037	0.952968	3.58698
99.3693	0.952971	3.58699
99.535	0.952975	3.587
99.7006	0.952978	3.58701
99.8662	0.952981	3.58703
100.032	0.952984	3.58704
100.197	0.952987	3.58705
100.363	0.952991	3.58706
100.529	0.952994	3.58708
100.694	0.952997	3.58709
100.86	0.953	3.5871
101.025	0.953004	3.58711
101.191	0.953007	3.58713
101.357	0.95301	3.58714
101.522	0.953013	3.58715
101.688	0.953017	3.58716
101.854	0.95302	3.58717
102.019	0.953023	3.58719
102.185	0.953026	3.5872
102.35	0.95303	3.58721
102.516	0.953033	3.58722
102.682	0.953036	3.58724
102.847	0.953039	3.58725
103.013	0.953043	3.58726
103.178	0.953046	3.58727
103.344	0.953049	3.58729
103.51	0.953052	3.5873
103.675	0.953055	3.58731
103.841	0.953059	3.58732
104.007	0.953062	3.58734
104.172	0.953065	3.58735
104.338	0.953068	3.58736
104.503	0.953072	3.58737
104.669	0.953075	3.58739
104.835	0.953078	3.5874
105	0.953081	3.58741
105.166	0.953085	3.58742
105.331	0.953088	3.58744
105.497	0.953091	3.58745
105.663	0.953094	3.58746
105.828	0.953097	3.58747
105.994	0.953101	3.58749
106.159	0.953104	3.5875
106.325	0.953107	3.58751
106.491	0.95311	3.58752
106.656	0.953114	3.58754
106.822	0.953117	3.58755
106.988	0.95312	3.58756
107.153	0.953123	3.58757
107.319	0.953127	3.58759
107.484	0.95313	3.5876
107.65	0.953133	3.58761
107.816	0.953136	3.58762
107.981	0.953139	3.58764
108.147	0.953143	3.58765
108.312	0.953146	3.58766
108.478	0.953149	3.58767
108.644	0.953152	3.58769
108.809	0.953156	3.5877
108.975	0.953159	3.58771
109.14	0.953162	3.58772
109.306	0.953165	3.58774
109.472	0.953168	3.58775
109.637	0.953172	3.58776
109.803	0.953175	3.58777
109.969	0.953178	3.58778
110.134	0.953181	3.5878
110.3	0.953184	3.58781
110.465	0.953188	3.58782
110.631	0.953191	3.58783
110.797	0.953194	3.58785
110.962	0.953197	3.58786
111.128	0.953201	3.58787
111.293	0.953204	3.58788
111.459	0.953207	3.5879
111.625	0.95321	3.58791
111.79	0.953213	3.58792
111.956	0.953217	3.58793
112.122	0.95322	3.58795
112.287	0.953223	3.58796
112.453	0.953226	3.58797
112.618	0.953229	3.58798
112.784	0.953233	3.588
112.95	0.953236	3.58801
113.115	0.953239	3.58802
113.281	0.953242	3.58803
113.446	0.953245	3.58805
113.612	0.953249	3.58806
113.778	0.953252	3.58807
113.943	0.953255	3.58808
114.109	0.953258	3.5881
114.274	0.953261	3.58811
114.44	0.953265	3.58812
114.606	0.953268	3.58813
114.771	0.953271	3.58815
114.937	0.953274	3.58816
115.103	0.953277	3.58817
115.268	0.953281	3.58818
115.434	0.953284	3.5882
115.599	0.953287	3.58821
115.765	0.95329	3.58822
115.931	0.953293	3.58823
116.096	0.953297	3.58824
116.262	0.9533	3.58826
116.427	0.953303	3.58827
116.593	0.953306	3.58828
116.759	0.953309	3.58829
116.924	0.953313	3.58831
117.09	0.953316	3.58832
117.256	0.953319	3.58833
117.421	0.953322	3.58834
117.587	0.953325	3.58836
117.752	0.953329	3.58837
117.918	0.953332	3.58838
118.084	0.953335	3.58839
118.249	0.953338	3.58841
118.415	0.953341	3.58842
118.58	0.953344	3.58843
118.746	0.953348	3.58844
118.912	0.953351	3.58846
119.077	0.953354	3.58847
119.243	0.953357	3.58848
119.408	0.95336	3.58849
119.574	0.953364	3.58851
119.74	0.953367	3.58852
119.905	0.95337	3.58853
120.071	0.953373	3.58854
120.237	0.953376	3.58856
120.402	0.953379	3.58857
120.568	0.953383	3.58858
120.733	0.953386	3.58859
120.899	0.953389	3.58861
121.065	0.953392	3.58862
121.23	0.953395	3.58863
121.396	0.953398	3.58864
121.561	0.953402	3.58866
121.727	0.953405	3.58867
121.893	0.953408	3.58868
122.058	0.953411	3.58869
122.224	0.953414	3.5887
122.39	0.953418	3.58872
122.555	0.953421	3.58873
122.721	0.953424	3.58874
122.886	0.953427	3.58875
123.052	0.95343	3.58877
123.218	0.953433	3.58878
123.383	0.953437	3.58879
123.549	0.95344	3.5888
123.714	0.953443	3.58882
123.88	0.953446	3.58883
124.046	0.953449	3.58884
124.211	0.953452	3.58885
124.377	0.953456	3.58887
124.542	0.953459	3.58888
124.708	0.953462	3.58889
124.874	0.953465	3.5889
125.039	0.953468	3.58892
125.205	0.953471	3.58893
125.371	0.953475	3.58894
125.536	0.953478	3.58895
125.702	0.953481	3.58897
125.867	0.953484	3.58898
126.033	0.953487	3.58899
126.199	0.95349	3.589
126.364	0.953493	3.58902
126.53	0.953497	3.58903
126.695	0.9535	3.58904
126.861	0.953503	3.58905
127.027	0.953506	3.58907
127.192	0.953509	3.58908
127.358	0.953512	3.58909
127.524	0.953516	3.5891
127.689	0.953519	3.58911
127.855	0.953522	3.58913
128.02	0.953525	3.58914
128.186	0.953528	3.58915
128.352	0.953531	3.58916
128.517	0.953534	3.58918
128.683	0.953538	3.58919
128.848	0.953541	3.5892
129.014	0.953544	3.58921
129.18	0.953547	3.58923
129.345	0.95355	3.58924
129.511	0.953553	3.58925
129.676	0.953556	3.58926
129.842	0.95356	3.58928
130.008	0.953563	3.58929
130.173	0.953566	3.5893
130.339	0.953569	3.58931
130.505	0.953572	3.58933
130.67	0.953575	3.58934
130.836	0.953578	3.58935
131.001	0.953582	3.58936
131.167	0.953585	3.58938
131.333	0.953588	3.58939
131.498	0.953591	3.5894
131.664	0.953594	3.58941
131.829	0.953597	3.58943
131.995	0.9536	3.58944
132.161	0.953604	3.58945
132.326	0.953607	3.58946
132.492	0.95361	3.58947
132.658	0.953613	3.58949
132.823	0.953616	3.5895
132.989	0.953619	3.58951
133.154	0.953622	3.58952
133.32	0.953626	3.58954
133.486	0.953629	3.58955
133.651	0.953632	3.58956
133.817	0.953635	3.58957
133.982	0.953638	3.58959
134.148	0.953641	3.5896
134.314	0.953644	3.58961
134.479	0.953647	3.58962
134.645	0.953651	3.58964
134.81	0.953654	3.58965
134.976	0.953657	3.58966
135.142	0.95366	3.58967
135.307	0.953663	3.58969
135.473	0.953666	3.5897
135.639	0.953669	3.58971
135.804	0.953672	3.58972
135.97	0.953676	3.58974
136.135	0.953679	3.58975
136.301	0.953682	3.58976
136.467	0.953685	3.58977
136.632	0.953688	3.58979
136.798	0.953691	3.5898
136.963	0.953694	3.58981
137.129	0.953697	3.58982
137.295	0.953701	3.58983
137.46	0.953704	3.58985
137.626	0.953707	3.58986
137.792	0.95371	3.58987
137.957	0.953713	3.58988
138.123	0.953716	3.5899
138.288	0.953719	3.58991
138.454	0.953722	3.58992
138.62	0.953726	3.58993
138.785	0.953729	3.58995
138.951	0.953732	3.58996
139.116	0.953735	3.58997
139.282	0.953738	3.58998
139.448	0.953741	3.59
139.613	0.953744	3.59001
139.779	0.953747	3.59002
139.944	0.95375	3.59003
140.11	0.953754	3.59005
140.276	0.953757	3.59006
140.441	0.95376	3.59007
140.607	0.953763	3.59008
140.773	0.953766	3.5901
140.938	0.953769	3.59011
141.104	0.953772	3.59012
141.269	0.953775	3.59013
141.435	0.953778	3.59014
141.601	0.953782	3.59016
141.766	0.953785	3.59017
141.932	0.953788	3.59018
142.097	0.953791	3.59019
142.263	0.953794	3.59021
142.429	0.953797	3.59022
142.594	0.9538	3.59023
142.76	0.953803	3.59024
142.926	0.953806	3.59026
143.091	0.95381	3.59027
143.257	0.953813	3.59028
143.422	0.953816	3.59029
143.588	0.953819	3.59031
143.754	0.953822	3.59032
143.919	0.953825	3.59033
144.085	0.953828	3.59034
144.25	0.953831	3.59036
144.416	0.953834	3.59037
144.582	0.953837	3.59038
144.747	0.953841	3.59039
144.913	0.953844	3.59041
145.078	0.953847	3.59042
145.244	0.95385	3.59043
145.41	0.953853	3.59044
145.575	0.953856	3.59045
145.741	0.953859	3.59047
145.907	0.953862	3.59048
146.072	0.953865	3.59049
146.238	0.953868	3.5905
146.403	0.953872	3.59052
146.569	0.953875	3.59053
146.735	0.953878	3.59054
146.9	0.953881	3.59055
147.066	0.953884	3.59057
147.231	0.953887	3.59058
147.397	0.95389	3.59059
147.563	0.953893	3.5906
147.728	0.953896	3.59062
147.894	0.953899	3.59063
148.06	0.953902	3.59064
148.225	0.953906	3.59065
148.391	0.953909	3.59067
148.556	0.953912	3.59068
148.722	0.953915	3.59069
148.888	0.953918	3.5907
149.053	0.953921	3.59072
149.217	0.953924	3.59073
149.383	0.953927	3.59074
149.548	0.95393	3.59075
149.714	0.953933	3.59076
149.88	0.953936	3.59078
150.045	0.953939	3.59079
150.211	0.953943	3.5908
150.376	0.953946	3.59081
150.542	0.953949	3.59083
150.708	0.953952	3.59084
150.873	0.953955	3.59085
151.039	0.953958	3.59086
151.204	0.953961	3.59088
151.37	0.953964	3.59089
151.536	0.953967	3.5909
151.701	0.95397	3.59091
151.867	0.953973	3.59093
152.033	0.953976	3.59094
152.198	0.953979	3.59095
152.364	0.953983	3.59096
152.529	0.953986	3.59098
152.695	0.953989	3.59099
152.861	0.953992	3.591
153.026	0.953995	3.59101
153.192	0.953998	3.59102
153.357	0.954001	3.59104
153.523	0.954004	3.59105
153.689	0.954007	3.59106
153.854	0.95401	3.59107
154.02	0.954013	3.59109
154.186	0.954016	3.5911
154.351	0.954019	3.59111
154.517	0.954023	3.59112
154.682	0.954026	3.59114
154.848	0.954029	3.59115
155.014	0.954032	3.59116
155.179	0.954035	3.59117
155.345	0.954038	3.59119
155.51	0.954041	3.5912
155.676	0.954044	3.59121
155.842	0.954047	3.59122
156.007	0.95405	3.59124
156.173	0.954053	3.59125
156.338	0.954056	3.59126
156.504	0.954059	3.59127
156.67	0.954062	3.59128
156.835	0.954066	3.5913
157.001	0.954069	3.59131
157.167	0.954072	3.59132
157.332	0.954075	3.59133
157.498	0.954078	3.59135
157.663	0.954081	3.59136
157.829	0.954084	3.59137
157.995	0.954087	3.59138
158.16	0.95409	3.5914
158.326	0.954093	3.59141
158.491	0.954096	3.59142
158.657	0.954099	3.59143
158.823	0.954102	3.59145
158.988	0.954105	3.59146
159.154	0.954108	3.59147
159.32	0.954111	3.59148
159.485	0.954115	3.5915
159.651	0.954118	3.59151
159.816	0.954121	3.59152
159.982	0.954124	3.59153
160.148	0.954127	3.59154
160.313	0.95413	3.59156
160.479	0.954133	3.59157
160.644	0.954136	3.59158
160.81	0.954139	3.59159
160.976	0.954142	3.59161
161.141	0.954145	3.59162
161.307	0.954148	3.59163
161.472	0.954151	3.59164
161.638	0.954154	3.59166
161.804	0.954157	3.59167
161.969	0.95416	3.59168
162.135	0.954163	3.59169
162.301	0.954167	3.59171
162.466	0.95417	3.59172
162.632	0.954173	3.59173
162.797	0.954176	3.59174
162.963	0.954179	3.59176
163.129	0.954182	3.59177
163.294	0.954185	3.59178
163.46	0.954188	3.59179
163.625	0.954191	3.5918
163.791	0.954194	3.59182
163.957	0.954197	3.59183
164.122	0.9542	3.59184
164.288	0.954203	3.59185
164.454	0.954206	3.59187
164.619	0.954209	3.59188
164.785	0.954212	3.59189
164.95	0.954215	3.5919
165.116	0.954218	3.59192
165.282	0.954221	3.59193
165.447	0.954224	3.59194
165.613	0.954227	3.59195
165.778	0.954231	3.59197
165.944	0.954234	3.59198
166.11	0.954237	3.59199
166.275	0.95424	3.592
166.441	0.954243	3.59202
166.606	0.954246	3.59203
166.772	0.954249	3.59204
166.938	0.954252	3.59205
167.103	0.954255	3.59206
167.269	0.954258	3.59208
167.435	0.954261	3.59209
167.6	0.954264	3.5921
167.766	0.954267	3.59211
167.931	0.95427	3.59213
168.097	0.954273	3.59214
168.263	0.954276	3.59215
168.428	0.954279	3.59216
168.594	0.954282	3.59218
168.759	0.954285	3.59219
168.925	0.954288	3.5922
169.091	0.954291	3.59221
169.256	0.954294	3.59223
169.422	0.954297	3.59224
169.588	0.9543	3.59225
169.753	0.954304	3.59226
169.919	0.954307	3.59227
170.084	0.95431	3.59229
170.25	0.954313	3.5923
170.416	0.954316	3.59231
170.581	0.954319	3.59232
170.747	0.954322	3.59234
170.912	0.954325	3.59235
171.078	0.954328	3.59236
171.244	0.954331	3.59237
171.409	0.954334	3.59239
171.575	0.954337	3.5924
171.74	0.95434	3.59241
171.906	0.954343	3.59242
172.072	0.954346	3.59244
172.237	0.954349	3.59245
172.403	0.954352	3.59246
172.569	0.954355	3.59247
172.734	0.954358	3.59249
172.9	0.954361	3.5925
173.065	0.954364	3.59251
173.231	0.954367	3.59252
173.397	0.95437	3.59253
173.562	0.954373	3.59255
173.728	0.954376	3.59256
173.893	0.954379	3.59257
174.059	0.954382	3.59258
174.225	0.954385	3.5926
174.39	0.954388	3.59261
174.556	0.954391	3.59262
174.722	0.954394	3.59263
174.887	0.954397	3.59265
175.053	0.954401	3.59266
175.218	0.954404	3.59267
175.384	0.954407	3.59268
175.55	0.95441	3.5927
175.715	0.954413	3.59271
175.881	0.954416	3.59272
176.046	0.954419	3.59273
176.212	0.954422	3.59274
176.378	0.954425	3.59276
176.543	0.954428	3.59277
176.709	0.954431	3.59278
176.874	0.954434	3.59279
177.04	0.954437	3.59281
177.206	0.95444	3.59282
177.371	0.954443	3.59283
177.537	0.954446	3.59284
177.703	0.954449	3.59286
177.868	0.954452	3.59287
178.034	0.954455	3.59288
178.199	0.954458	3.59289
178.365	0.954461	3.59291
178.531	0.954464	3.59292
178.696	0.954467	3.59293
178.862	0.95447	3.59294
179.027	0.954473	3.59295
179.193	0.954476	3.59297
179.359	0.954479	3.59298
179.524	0.954482	3.59299
179.69	0.954485	3.593
179.856	0.954488	3.59302
180.021	0.954491	3.59303
180.187	0.954494	3.59304
180.352	0.954497	3.59305
180.518	0.9545	3.59307
180.684	0.954503	3.59308
180.849	0.954506	3.59309
181.015	0.954509	3.5931
181.18	0.954512	3.59312
181.346	0.954515	3.59313
181.512	0.954518	3.59314
181.677	0.954521	3.59315
181.843	0.954524	3.59316
182.008	0.954527	3.59318
182.174	0.95453	3.59319
182.34	0.954533	3.5932
182.505	0.954536	3.59321
182.671	0.954539	3.59323
182.837	0.954542	3.59324
183.002	0.954545	3.59325
183.168	0.954548	3.59326
183.333	0.954551	3.59328
183.499	0.954554	3.59329
183.665	0.954557	3.5933
183.83	0.95456	3.59331
183.996	0.954563	3.59333
184.161	0.954566	3.59334
184.327	0.954569	3.59335
184.493	0.954572	3.59336
184.658	0.954575	3.59337
184.824	0.954578	3.59339
184.99	0.954581	3.5934
185.155	0.954584	3.59341
185.321	0.954587	3.59342
185.486	0.95459	3.59344
185.652	0.954593	3.59345
185.818	0.954596	3.59346
185.983	0.954599	3.59347
186.149	0.954602	3.59349
186.314	0.954605	3.5935
186.48	0.954608	3.59351
186.646	0.954612	3.59352
186.811	0.954615	3.59354
186.977	0.954618	3.59355
187.142	0.954621	3.59356
187.308	0.954624	3.59357
187.474	0.954627	3.59358
187.639	0.95463	3.5936
187.805	0.954633	3.59361
187.971	0.954636	3.59362
188.136	0.954639	3.59363
188.302	0.954642	3.59365
188.467	0.954645	3.59366
188.633	0.954648	3.59367
188.799	0.954651	3.59368
188.964	0.954654	3.5937
189.13	0.954657	3.59371
189.295	0.95466	3.59372
189.461	0.954663	3.59373
189.627	0.954666	3.59375
189.792	0.954668	3.59376
189.958	0.954671	3.59377
190.124	0.954674	3.59378
190.289	0.954677	3.59379
190.455	0.95468	3.59381
190.62	0.954683	3.59382
190.786	0.954686	3.59383
190.952	0.954689	3.59384
191.117	0.954692	3.59386
191.283	0.954695	3.59387
191.448	0.954698	3.59388
191.614	0.954701	3.59389
191.78	0.954704	3.59391
191.945	0.954707	3.59392
192.111	0.95471	3.59393
192.276	0.954713	3.59394
192.442	0.954716	3.59395
192.608	0.954719	3.59397
192.773	0.954722	3.59398
192.939	0.954725	3.59399
193.105	0.954728	3.594
193.27	0.954731	3.59402
193.436	0.954734	3.59403
193.601	0.954737	3.59404
193.767	0.95474	3.59405
193.933	0.954743	3.59407
194.098	0.954746	3.59408
194.264	0.954749	3.59409
194.429	0.954752	3.5941
194.595	0.954755	3.59412
194.761	0.954758	3.59413
194.926	0.954761	3.59414
195.092	0.954764	3.59415
195.258	0.954767	3.59416
195.423	0.95477	3.59418
195.589	0.954773	3.59419
195.754	0.954776	3.5942
195.92	0.954779	3.59421
196.086	0.954782	3.59423
196.251	0.954785	3.59424
196.417	0.954788	3.59425
196.582	0.954791	3.59426
196.748	0.954794	3.59428
196.914	0.954797	3.59429
197.079	0.9548	3.5943
197.245	0.954803	3.59431
197.41	0.954806	3.59433
197.576	0.954809	3.59434
197.742	0.954812	3.59435
197.907	0.954815	3.59436
198.073	0.954818	3.59437
198.239	0.954821	3.59439
198.404	0.954824	3.5944
198.57	0.954827	3.59441
198.735	0.95483	3.59442
198.901	0.954833	3.59444
199.067	0.954836	3.59445
199.232	0.954839	3.59446
199.398	0.954842	3.59447
199.563	0.954845	3.59449
199.729	0.954848	3.5945
199.895	0.954851	3.59451
200.06	0.954854	3.59452
200.226	0.954857	3.59453
200.392	0.95486	3.59455
200.557	0.954863	3.59456
200.723	0.954866	3.59457
200.888	0.954869	3.59458
201.054	0.954872	3.5946
201.22	0.954875	3.59461
201.385	0.954878	3.59462
201.551	0.954881	3.59463
201.716	0.954884	3.59465
201.882	0.954886	3.59466
202.048	0.954889	3.59467
202.213	0.954892	3.59468
202.379	0.954895	3.5947
202.544	0.954898	3.59471
202.71	0.954901	3.59472
202.876	0.954904	3.59473
203.041	0.954907	3.59474
203.207	0.95491	3.59476
203.373	0.954913	3.59477
203.538	0.954916	3.59478
203.704	0.954919	3.59479
203.869	0.954922	3.59481
204.035	0.954925	3.59482
204.201	0.954928	3.59483
204.366	0.954931	3.59484
204.532	0.954934	3.59486
204.697	0.954937	3.59487
204.863	0.95494	3.59488
205.029	0.954943	3.59489
205.194	0.954946	3.5949
205.36	0.954949	3.59492
205.526	0.954952	3.59493
205.691	0.954955	3.59494
205.857	0.954958	3.59495
206.022	0.954961	3.59497
206.188	0.954964	3.59498
206.354	0.954967	3.59499
206.519	0.95497	3.595
206.685	0.954973	3.59502
206.85	0.954976	3.59503
207.016	0.954979	3.59504
207.182	0.954982	3.59505
207.347	0.954985	3.59506
207.513	0.954988	3.59508
207.678	0.95499	3.59509
207.844	0.954993	3.5951
208.01	0.954996	3.59511
208.175	0.954999	3.59513
208.341	0.955002	3.59514
208.507	0.955005	3.59515
208.672	0.955008	3.59516
208.838	0.955011	3.59518
209.003	0.955014	3.59519
209.169	0.955017	3.5952
209.335	0.95502	3.59521
209.5	0.955023	3.59522
209.666	0.955026	3.59524
209.831	0.955029	3.59525
209.997	0.955032	3.59526
210.163	0.955035	3.59527
210.328	0.955038	3.59529
210.494	0.955041	3.5953
210.659	0.955044	3.59531
210.825	0.955047	3.59532
210.991	0.95505	3.59534
211.156	0.955053	3.59535
211.322	0.955056	3.59536
211.488	0.955059	3.59537
211.653	0.955062	3.59539
211.819	0.955065	3.5954
211.984	0.955068	3.59541
212.15	0.95507	3.59542
212.316	0.955073	3.59543
212.481	0.955076	3.59545
212.647	0.955079	3.59546
212.812	0.955082	3.59547
212.978	0.955085	3.59548
213.144	0.955088	3.5955
213.309	0.955091	3.59551
213.475	0.955094	3.59552
213.641	0.955097	3.59553
213.806	0.9551	3.59555
213.972	0.955103	3.59556
214.137	0.955106	3.59557
214.303	0.955109	3.59558
214.469	0.955112	3.59559
214.634	0.955115	3.59561
214.8	0.955118	3.59562
214.965	0.955121	3.59563
215.131	0.955124	3.59564
215.297	0.955127	3.59566
215.462	0.95513	3.59567
215.628	0.955133	3.59568
215.793	0.955135	3.59569
215.959	0.955138	3.59571
216.125	0.955141	3.59572
216.29	0.955144	3.59573
216.456	0.955147	3.59574
216.622	0.95515	3.59575
216.787	0.955153	3.59577
216.953	0.955156	3.59578
217.118	0.955159	3.59579
217.284	0.955162	3.5958
217.45	0.955165	3.59582
217.615	0.955168	3.59583
217.781	0.955171	3.59584
217.946	0.955174	3.59585
218.112	0.955177	3.59587
218.278	0.95518	3.59588
218.443	0.955183	3.59589
218.609	0.955186	3.5959
218.775	0.955189	3.59591
218.94	0.955192	3.59593
219.106	0.955195	3.59594
219.271	0.955197	3.59595
219.437	0.9552	3.59596
219.603	0.955203	3.59598
219.768	0.955206	3.59599
219.934	0.955209	3.596
220.099	0.955212	3.59601
220.265	0.955215	3.59603
220.431	0.955218	3.59604
220.596	0.955221	3.59605
220.762	0.955224	3.59606
220.927	0.955227	3.59607
221.093	0.95523	3.59609
221.259	0.955233	3.5961
221.424	0.955236	3.59611
221.59	0.955239	3.59612
221.756	0.955242	3.59614
221.921	0.955245	3.59615
222.087	0.955248	3.59616
222.252	0.95525	3.59617
222.418	0.955253	3.59619
222.584	0.955256	3.5962
222.749	0.955259	3.59621
222.915	0.955262	3.59622
223.08	0.955265	3.59623
223.246	0.955268	3.59625
223.412	0.955271	3.59626
223.577	0.955274	3.59627
223.743	0.955277	3.59628
223.909	0.95528	3.5963
224.074	0.955283	3.59631
224.24	0.955286	3.59632
224.405	0.955289	3.59633
224.571	0.955292	3.59635
224.737	0.955295	3.59636
224.902	0.955298	3.59637
225.068	0.9553	3.59638
225.233	0.955303	3.59639
225.399	0.955306	3.59641
225.565	0.955309	3.59642
225.73	0.955312	3.59643
225.896	0.955315	3.59644
226.061	0.955318	3.59646
226.227	0.955321	3.59647
226.393	0.955324	3.59648
226.558	0.955327	3.59649
226.724	0.95533	3.59651
226.89	0.955333	3.59652
227.055	0.955336	3.59653
227.221	0.955339	3.59654
227.386	0.955342	3.59655
227.552	0.955345	3.59657
227.718	0.955347	3.59658
227.883	0.95535	3.59659
228.049	0.955353	3.5966
228.214	0.955356	3.59662
228.38	0.955359	3.59663
228.546	0.955362	3.59664
228.711	0.955365	3.59665
228.877	0.955368	3.59667
229.043	0.955371	3.59668
229.208	0.955374	3.59669
229.374	0.955377	3.5967
229.539	0.95538	3.59671
229.705	0.955383	3.59673
229.871	0.955386	3.59674
230.036	0.955389	3.59675
230.202	0.955391	3.59676
230.367	0.955394	3.59678
230.533	0.955397	3.59679
230.699	0.9554	3.5968
230.864	0.955403	3.59681
231.03	0.955406	3.59682
231.195	0.955409	3.59684
231.361	0.955412	3.59685
231.527	0.955415	3.59686
231.692	0.955418	3.59687
231.858	0.955421	3.59689
232.024	0.955424	3.5969
232.189	0.955427	3.59691
232.355	0.95543	3.59692
232.52	0.955433	3.59694
232.686	0.955435	3.59695
232.852	0.955438	3.59696
233.017	0.955441	3.59697
233.183	0.955444	3.59698
233.348	0.955447	3.597
233.514	0.95545	3.59701
233.68	0.955453	3.59702
233.845	0.955456	3.59703
234.011	0.955459	3.59705
234.177	0.955462	3.59706
234.342	0.955465	3.59707
234.508	0.955468	3.59708
234.673	0.955471	3.5971
234.839	0.955473	3.59711
235.005	0.955476	3.59712
235.17	0.955479	3.59713
235.336	0.955482	3.59714
235.501	0.955485	3.59716
235.667	0.955488	3.59717
235.833	0.955491	3.59718
235.998	0.955494	3.59719
236.164	0.955497	3.59721
236.329	0.9555	3.59722
236.495	0.955503	3.59723
236.661	0.955506	3.59724
236.826	0.955509	3.59726
236.992	0.955511	3.59727
237.158	0.955514	3.59728
237.323	0.955517	3.59729
237.489	0.95552	3.5973
237.654	0.955523	3.59732
237.82	0.955526	3.59733
237.986	0.955529	3.59734
238.151	0.955532	3.59735
238.317	0.955535	3.59737
238.482	0.955538	3.59738
238.648	0.955541	3.59739
238.814	0.955544	3.5974
238.979	0.955547	3.59741
239.145	0.955549	3.59743
239.311	0.955552	3.59744
239.476	0.955555	3.59745
239.642	0.955558	3.59746
239.807	0.955561	3.59748
239.973	0.955564	3.59749
240.139	0.955567	3.5975
240.304	0.95557	3.59751
240.47	0.955573	3.59753
240.635	0.955576	3.59754
240.801	0.955579	3.59755
240.967	0.955582	3.59756
241.132	0.955584	3.59757
241.298	0.955587	3.59759
241.463	0.95559	3.5976
241.629	0.955593	3.59761
241.795	0.955596	3.59762
241.96	0.955599	3.59764
242.126	0.955602	3.59765
242.292	0.955605	3.59766
242.457	0.955608	3.59767
242.623	0.955611	3.59769
242.788	0.955614	3.5977
242.954	0.955617	3.59771
243.12	0.955619	3.59772
243.285	0.955622	3.59773
243.451	0.955625	3.59775
243.616	0.955628	3.59776
243.782	0.955631	3.59777
243.948	0.955634	3.59778
244.113	0.955637	3.5978
244.279	0.95564	3.59781
244.445	0.955643	3.59782
244.61	0.955646	3.59783
244.776	0.955649	3.59784
244.941	0.955651	3.59786
245.107	0.955654	3.59787
245.273	0.955657	3.59788
245.438	0.95566	3.59789
245.604	0.955663	3.59791
245.769	0.955666	3.59792
245.935	0.955669	3.59793
246.101	0.955672	3.59794
246.266	0.955675	3.59796
246.432	0.955678	3.59797
246.597	0.955681	3.59798
246.763	0.955684	3.59799
246.929	0.955686	3.598
247.094	0.955689	3.59802
247.26	0.955692	3.59803
247.426	0.955695	3.59804
247.591	0.955698	3.59805
247.757	0.955701	3.59807
247.922	0.955704	3.59808
248.088	0.955707	3.59809
248.254	0.95571	3.5981
248.419	0.955713	3.59811
248.585	0.955715	3.59813
248.75	0.955718	3.59814
248.916	0.955721	3.59815
249.082	0.955724	3.59816
249.247	0.955727	3.59818
249.413	0.95573	3.59819
249.579	0.955733	3.5982
249.744	0.955736	3.59821
249.91	0.955739	3.59823
250.075	0.955742	3.59824
250.241	0.955745	3.59825
250.407	0.955747	3.59826
250.572	0.95575	3.59827
250.738	0.955753	3.59829
250.903	0.955756	3.5983
251.069	0.955759	3.59831
251.235	0.955762	3.59832
251.4	0.955765	3.59834
251.566	0.955768	3.59835
251.731	0.955771	3.59836
251.897	0.955774	3.59837
252.063	0.955776	3.59838
252.228	0.955779	3.5984
252.394	0.955782	3.59841
252.56	0.955785	3.59842
252.725	0.955788	3.59843
252.891	0.955791	3.59845
253.056	0.955794	3.59846
253.222	0.955797	3.59847
253.388	0.9558	3.59848
253.553	0.955803	3.5985
253.719	0.955805	3.59851
253.884	0.955808	3.59852
254.05	0.955811	3.59853
254.216	0.955814	3.59854
254.381	0.955817	3.59856
254.547	0.95582	3.59857
254.713	0.955823	3.59858
254.878	0.955826	3.59859
255.044	0.955829	3.59861
255.209	0.955832	3.59862
255.375	0.955834	3.59863
255.541	0.955837	3.59864
255.706	0.95584	3.59865
255.872	0.955843	3.59867
256.037	0.955846	3.59868
256.203	0.955849	3.59869
256.369	0.955852	3.5987
256.534	0.955855	3.59872
256.7	0.955858	3.59873
256.865	0.955861	3.59874
257.031	0.955863	3.59875
257.197	0.955866	3.59877
257.362	0.955869	3.59878
257.528	0.955872	3.59879
257.694	0.955875	3.5988
257.859	0.955878	3.59881
258.025	0.955881	3.59883
258.19	0.955884	3.59884
258.356	0.955887	3.59885
258.522	0.955889	3.59886
258.687	0.955892	3.59888
258.853	0.955895	3.59889
259.018	0.955898	3.5989
259.184	0.955901	3.59891
259.35	0.955904	3.59892
259.515	0.955907	3.59894
259.681	0.95591	3.59895
259.847	0.955913	3.59896
260.012	0.955915	3.59897
260.178	0.955918	3.59899
260.343	0.955921	3.599
260.509	0.955924	3.59901
260.675	0.955927	3.59902
260.84	0.95593	3.59904
261.006	0.955933	3.59905
261.171	0.955936	3.59906
261.337	0.955939	3.59907
261.503	0.955942	3.59908
261.668	0.955944	3.5991
261.834	0.955947	3.59911
261.999	0.95595	3.59912
262.165	0.955953	3.59913
262.331	0.955956	3.59915
262.496	0.955959	3.59916
262.662	0.955962	3.59917
262.828	0.955965	3.59918
262.993	0.955967	3.59919
263.159	0.95597	3.59921
263.324	0.955973	3.59922
263.49	0.955976	3.59923
263.656	0.955979	3.59924
263.821	0.955982	3.59926
263.987	0.955985	3.59927
264.152	0.955988	3.59928
264.318	0.955991	3.59929
264.484	0.955993	3.5993
264.649	0.955996	3.59932
264.815	0.955999	3.59933
264.98	0.956002	3.59934
265.146	0.956005	3.59935
265.312	0.956008	3.59937
265.477	0.956011	3.59938
265.643	0.956014	3.59939
265.809	0.956017	3.5994
265.974	0.956019	3.59942
266.14	0.956022	3.59943
266.305	0.956025	3.59944
266.471	0.956028	3.59945
266.637	0.956031	3.59946
266.802	0.956034	3.59948
266.968	0.956037	3.59949
267.133	0.95604	3.5995
267.299	0.956042	3.59951
267.465	0.956045	3.59953
267.63	0.956048	3.59954
267.796	0.956051	3.59955
267.962	0.956054	3.59956
268.127	0.956057	3.59957
268.293	0.95606	3.59959
268.458	0.956063	3.5996
268.624	0.956066	3.59961
268.79	0.956068	3.59962
268.955	0.956071	3.59964
269.121	0.956074	3.59965
269.286	0.956077	3.59966
269.452	0.95608	3.59967
269.618	0.956083	3.59968
269.783	0.956086	3.5997
269.949	0.956089	3.59971
270.114	0.956091	3.59972
270.28	0.956094	3.59973
270.446	0.956097	3.59975
270.611	0.9561	3.59976
270.777	0.956103	3.59977
270.943	0.956106	3.59978
271.108	0.956109	3.59979
271.274	0.956112	3.59981
271.439	0.956114	3.59982
271.605	0.956117	3.59983
271.771	0.95612	3.59984
271.936	0.956123	3.59986
272.102	0.956126	3.59987
272.267	0.956129	3.59988
272.433	0.956132	3.59989
272.599	0.956135	3.59991
272.764	0.956137	3.59992
272.93	0.95614	3.59993
273.096	0.956143	3.59994
273.261	0.956146	3.59995
273.427	0.956149	3.59997
273.592	0.956152	3.59998
273.758	0.956155	3.59999
273.924	0.956158	3.6
274.089	0.95616	3.60002
274.255	0.956163	3.60003
274.42	0.956166	3.60004
274.586	0.956169	3.60005
274.752	0.956172	3.60006
274.917	0.956175	3.60008
275.083	0.956178	3.60009
275.248	0.956181	3.6001
275.414	0.956183	3.60011
275.58	0.956186	3.60013
275.745	0.956189	3.60014
275.911	0.956192	3.60015
276.077	0.956195	3.60016
276.242	0.956198	3.60017
276.408	0.956201	3.60019
276.573	0.956204	3.6002
276.739	0.956206	3.60021
276.905	0.956209	3.60022
277.07	0.956212	3.60024
277.236	0.956215	3.60025
277.401	0.956218	3.60026
277.567	0.956221	3.60027
277.733	0.956224	3.60028
277.898	0.956226	3.6003
278.064	0.956229	3.60031
278.23	0.956232	3.60032
278.395	0.956235	3.60033
278.561	0.956238	3.60035
278.726	0.956241	3.60036
278.892	0.956244	3.60037
279.058	0.956247	3.60038
279.223	0.956249	3.60039
279.389	0.956252	3.60041
279.554	0.956255	3.60042
279.72	0.956258	3.60043
279.886	0.956261	3.60044
280.051	0.956264	3.60046
280.217	0.956267	3.60047
280.382	0.956269	3.60048
280.548	0.956272	3.60049
280.714	0.956275	3.6005
280.879	0.956278	3.60052
281.045	0.956281	3.60053
281.211	0.956284	3.60054
281.376	0.956287	3.60055
281.542	0.95629	3.60057
281.707	0.956292	3.60058
281.873	0.956295	3.60059
282.039	0.956298	3.6006
282.204	0.956301	3.60062
282.37	0.956304	3.60063
282.535	0.956307	3.60064
282.701	0.95631	3.60065
282.867	0.956312	3.60066
283.032	0.956315	3.60068
283.198	0.956318	3.60069
283.364	0.956321	3.6007
283.529	0.956324	3.60071
283.695	0.956327	3.60073
283.86	0.95633	3.60074
284.026	0.956332	3.60075
284.192	0.956335	3.60076
284.357	0.956338	3.60077
284.523	0.956341	3.60079
284.688	0.956344	3.6008
284.854	0.956347	3.60081
285.02	0.95635	3.60082
285.185	0.956352	3.60084
285.351	0.956355	3.60085
285.516	0.956358	3.60086
285.682	0.956361	3.60087
285.848	0.956364	3.60088
286.013	0.956367	3.6009
286.179	0.95637	3.60091
286.345	0.956373	3.60092
286.51	0.956375	3.60093
286.676	0.956378	3.60095
286.841	0.956381	3.60096
287.007	0.956384	3.60097
287.173	0.956387	3.60098
287.338	0.95639	3.60099
287.504	0.956393	3.60101
287.669	0.956395	3.60102
287.835	0.956398	3.60103
288.001	0.956401	3.60104
288.166	0.956404	3.60106
288.332	0.956407	3.60107
288.498	0.95641	3.60108
288.663	0.956412	3.60109
288.829	0.956415	3.6011
288.994	0.956418	3.60112
289.16	0.956421	3.60113
289.326	0.956424	3.60114
289.491	0.956427	3.60115
289.657	0.95643	3.60117
289.822	0.956432	3.60118
289.988	0.956435	3.60119
290.154	0.956438	3.6012
290.319	0.956441	3.60121
290.485	0.956444	3.60123
290.65	0.956447	3.60124
290.816	0.95645	3.60125
290.982	0.956452	3.60126
291.147	0.956455	3.60128
291.313	0.956458	3.60129
291.479	0.956461	3.6013
291.644	0.956464	3.60131
291.81	0.956467	3.60132
291.975	0.95647	3.60134
292.141	0.956472	3.60135
292.307	0.956475	3.60136
292.472	0.956478	3.60137
292.638	0.956481	3.60139
292.803	0.956484	3.6014
292.969	0.956487	3.60141
293.135	0.95649	3.60142
293.3	0.956492	3.60143
293.466	0.956495	3.60145
293.632	0.956498	3.60146
293.797	0.956501	3.60147
293.963	0.956504	3.60148
294.128	0.956507	3.6015
294.294	0.956509	3.60151
294.46	0.956512	3.60152
294.625	0.956515	3.60153
294.791	0.956518	3.60154
294.956	0.956521	3.60156
295.122	0.956524	3.60157
295.288	0.956527	3.60158
295.453	0.956529	3.60159
295.619	0.956532	3.60161
295.784	0.956535	3.60162
295.95	0.956538	3.60163
296.116	0.956541	3.60164
296.281	0.956544	3.60165
296.447	0.956546	3.60167
296.613	0.956549	3.60168
296.778	0.956552	3.60169
296.944	0.956555	3.6017
297.109	0.956558	3.60172
297.275	0.956561	3.60173
297.441	0.956564	3.60174
297.606	0.956566	3.60175
297.772	0.956569	3.60176
297.937	0.956572	3.60178
298.103	0.956575	3.60179
298.269	0.956578	3.6018
298.434	0.956581	3.60181
298.6	0.956583	3.60183
298.766	0.956586	3.60184
298.931	0.956589	3.60185
299.097	0.956592	3.60186
299.262	0.956595	3.60187
299.428	0.956598	3.60189
299.594	0.9566	3.6019
299.759	0.956603	3.60191
299.925	0.956606	3.60192
300.09	0.956609	3.60194
300.256	0.956612	3.60195
300.422	0.956615	3.60196
300.587	0.956618	3.60197
300.753	0.95662	3.60198
300.918	0.956623	3.602
301.084	0.956626	3.60201
301.25	0.956629	3.60202
301.415	0.956632	3.60203
301.581	0.956635	3.60205
301.747	0.956637	3.60206
301.912	0.95664	3.60207
302.078	0.956643	3.60208
302.243	0.956646	3.60209
302.409	0.956649	3.60211
302.575	0.956652	3.60212
302.74	0.956654	3.60213
302.906	0.956657	3.60214
303.071	0.95666	3.60216
303.237	0.956663	3.60217
303.403	0.956666	3.60218
303.568	0.956669	3.60219
303.734	0.956671	3.6022
303.9	0.956674	3.60222
304.065	0.956677	3.60223
304.231	0.95668	3.60224
304.396	0.956683	3.60225
304.562	0.956686	3.60227
304.728	0.956688	3.60228
304.893	0.956691	3.60229
305.059	0.956694	3.6023
305.224	0.956697	3.60231
305.39	0.9567	3.60233
305.556	0.956703	3.60234
305.721	0.956705	3.60235
305.887	0.956708	3.60236
306.052	0.956711	3.60238
306.218	0.956714	3.60239
306.384	0.956717	3.6024
306.549	0.95672	3.60241
306.715	0.956723	3.60242
306.881	0.956725	3.60244
307.046	0.956728	3.60245
307.212	0.956731	3.60246
307.377	0.956734	3.60247
307.543	0.956737	3.60249
307.709	0.956739	3.6025
307.874	0.956742	3.60251
308.04	0.956745	3.60252
308.205	0.956748	3.60253
308.371	0.956751	3.60255
308.537	0.956754	3.60256
308.702	0.956756	3.60257
308.868	0.956759	3.60258
309.034	0.956762	3.60259
309.199	0.956765	3.60261
309.365	0.956768	3.60262
309.53	0.956771	3.60263
309.696	0.956773	3.60264
309.862	0.956776	3.60266
310.027	0.956779	3.60267
310.193	0.956782	3.60268
310.358	0.956785	3.60269
310.524	0.956788	3.6027
310.69	0.95679	3.60272
310.855	0.956793	3.60273
311.021	0.956796	3.60274
311.186	0.956799	3.60275
311.352	0.956802	3.60277
311.518	0.956805	3.60278
311.683	0.956807	3.60279
311.849	0.95681	3.6028
312.015	0.956813	3.60281
312.18	0.956816	3.60283
312.346	0.956819	3.60284
312.511	0.956822	3.60285
312.677	0.956824	3.60286
312.844	0.956827	3.60288
313.01	0.95683	3.60289
313.175	0.956833	3.6029
313.341	0.956836	3.60291
313.507	0.956839	3.60292
313.672	0.956841	3.60294
313.838	0.956844	3.60295
314.004	0.956847	3.60296
314.169	0.95685	3.60297
314.335	0.956853	3.60299
314.5	0.956855	3.603
314.666	0.956858	3.60301
314.832	0.956861	3.60302
314.997	0.956864	3.60303
315.163	0.956867	3.60305
315.328	0.95687	3.60306
315.494	0.956872	3.60307
315.66	0.956875	3.60308
315.825	0.956878	3.6031
315.991	0.956881	3.60311
316.157	0.956884	3.60312
316.322	0.956887	3.60313
316.488	0.956889	3.60314
316.653	0.956892	3.60316
316.819	0.956895	3.60317
316.985	0.956898	3.60318
317.15	0.956901	3.60319
317.316	0.956903	3.60321
317.481	0.956906	3.60322
317.647	0.956909	3.60323
317.813	0.956912	3.60324
317.978	0.956915	3.60325
318.144	0.956918	3.60327
318.309	0.95692	3.60328
318.475	0.956923	3.60329
318.641	0.956926	3.6033
318.806	0.956929	3.60331
318.972	0.956932	3.60333
319.138	0.956934	3.60334
319.303	0.956937	3.60335
319.469	0.95694	3.60336
319.634	0.956943	3.60338
319.8	0.956946	3.60339
319.966	0.956949	3.6034
320.131	0.956951	3.60341
320.297	0.956954	3.60342
320.462	0.956957	3.60344
320.628	0.95696	3.60345
320.794	0.956963	3.60346
320.959	0.956965	3.60347
321.125	0.956968	3.60349
321.291	0.956971	3.6035
321.456	0.956974	3.60351
321.622	0.956977	3.60352
321.787	0.95698	3.60353
321.953	0.956982	3.60355
322.119	0.956985	3.60356
322.284	0.956988	3.60357
322.45	0.956991	3.60358
322.615	0.956994	3.6036
322.781	0.956996	3.60361
322.947	0.956999	3.60362
323.112	0.957002	3.60363
323.278	0.957005	3.60364
323.443	0.957008	3.60366
323.609	0.957011	3.60367
323.775	0.957013	3.60368
323.94	0.957016	3.60369
324.106	0.957019	3.6037
324.272	0.957022	3.60372
324.437	0.957025	3.60373
324.603	0.957027	3.60374
324.768	0.95703	3.60375
324.934	0.957033	3.60377
325.1	0.957036	3.60378
325.265	0.957039	3.60379
325.431	0.957041	3.6038
325.596	0.957044	3.60381
325.762	0.957047	3.60383
325.928	0.95705	3.60384
326.093	0.957053	3.60385
326.259	0.957055	3.60386
326.425	0.957058	3.60388
326.59	0.957061	3.60389
326.756	0.957064	3.6039
326.921	0.957067	3.60391
327.087	0.95707	3.60392
327.253	0.957072	3.60394
327.418	0.957075	3.60395
327.584	0.957078	3.60396
327.749	0.957081	3.60397
327.915	0.957084	3.60399
328.081	0.957086	3.604
328.246	0.957089	3.60401
328.412	0.957092	3.60402
328.577	0.957095	3.60403
328.743	0.957098	3.60405
328.909	0.9571	3.60406
329.074	0.957103	3.60407
329.24	0.957106	3.60408
329.406	0.957109	3.60409
329.571	0.957112	3.60411
329.737	0.957114	3.60412
329.902	0.957117	3.60413
330.068	0.95712	3.60414
330.234	0.957123	3.60416
330.399	0.957126	3.60417
330.565	0.957129	3.60418
330.73	0.957131	3.60419
330.896	0.957134	3.6042
331.062	0.957137	3.60422
331.227	0.95714	3.60423
331.393	0.957143	3.60424
331.559	0.957145	3.60425
331.724	0.957148	3.60427
331.89	0.957151	3.60428
332.055	0.957154	3.60429
332.221	0.957157	3.6043
332.387	0.957159	3.60431
332.552	0.957162	3.60433
332.718	0.957165	3.60434
332.883	0.957168	3.60435
333.049	0.957171	3.60436
333.215	0.957173	3.60438
333.38	0.957176	3.60439
333.546	0.957179	3.6044
333.711	0.957182	3.60441
333.877	0.957185	3.60442
334.043	0.957187	3.60444
334.208	0.95719	3.60445
334.374	0.957193	3.60446
334.54	0.957196	3.60447
334.705	0.957199	3.60448
334.871	0.957201	3.6045
335.036	0.957204	3.60451
335.202	0.957207	3.60452
335.368	0.95721	3.60453
335.533	0.957213	3.60455
335.699	0.957215	3.60456
335.864	0.957218	3.60457
336.03	0.957221	3.60458
336.196	0.957224	3.60459
336.361	0.957227	3.60461
336.527	0.957229	3.60462
336.693	0.957232	3.60463
336.858	0.957235	3.60464
337.024	0.957238	3.60466
337.189	0.957241	3.60467
337.355	0.957243	3.60468
337.521	0.957246	3.60469
337.686	0.957249	3.6047
337.852	0.957252	3.60472
338.017	0.957255	3.60473
338.183	0.957257	3.60474
338.349	0.95726	3.60475
338.514	0.957263	3.60476
338.68	0.957266	3.60478
338.845	0.957269	3.60479
339.011	0.957271	3.6048
339.177	0.957274	3.60481
339.342	0.957277	3.60483
339.508	0.95728	3.60484
339.674	0.957283	3.60485
339.839	0.957285	3.60486
340.005	0.957288	3.60487
340.17	0.957291	3.60489
340.336	0.957294	3.6049
340.502	0.957296	3.60491
340.667	0.957299	3.60492
340.833	0.957302	3.60494
340.998	0.957305	3.60495
341.164	0.957308	3.60496
341.33	0.95731	3.60497
341.495	0.957313	3.60498
341.661	0.957316	3.605
341.827	0.957319	3.60501
341.992	0.957322	3.60502
342.158	0.957324	3.60503
342.323	0.957327	3.60504
342.489	0.95733	3.60506
342.655	0.957333	3.60507
342.82	0.957336	3.60508
342.986	0.957338	3.60509
343.151	0.957341	3.60511
343.317	0.957344	3.60512
343.483	0.957347	3.60513
343.648	0.95735	3.60514
343.814	0.957352	3.60515
343.979	0.957355	3.60517
344.145	0.957358	3.60518
344.311	0.957361	3.60519
344.476	0.957363	3.6052
344.642	0.957366	3.60521
344.808	0.957369	3.60523
344.973	0.957372	3.60524
345.139	0.957375	3.60525
345.304	0.957377	3.60526
345.47	0.95738	3.60528
345.636	0.957383	3.60529
345.801	0.957386	3.6053
345.967	0.957389	3.60531
346.132	0.957391	3.60532
346.298	0.957394	3.60534
346.464	0.957397	3.60535
346.629	0.9574	3.60536
346.795	0.957403	3.60537
346.96	0.957405	3.60539
347.126	0.957408	3.6054
347.292	0.957411	3.60541
347.457	0.957414	3.60542
347.623	0.957416	3.60543
347.789	0.957419	3.60545
347.954	0.957422	3.60546
348.12	0.957425	3.60547
348.285	0.957428	3.60548
348.451	0.95743	3.60549
348.617	0.957433	3.60551
348.782	0.957436	3.60552
348.948	0.957439	3.60553
349.113	0.957442	3.60554
349.279	0.957444	3.60556
349.445	0.957447	3.60557
349.61	0.95745	3.60558
349.776	0.957453	3.60559
349.942	0.957455	3.6056
350.107	0.957458	3.60562
350.273	0.957461	3.60563
350.438	0.957464	3.60564
350.604	0.957467	3.60565
350.77	0.957469	3.60566
350.935	0.957472	3.60568
351.101	0.957475	3.60569
351.266	0.957478	3.6057
351.432	0.95748	3.60571
351.598	0.957483	3.60573
351.763	0.957486	3.60574
351.929	0.957489	3.60575
352.094	0.957492	3.60576
352.26	0.957494	3.60577
352.426	0.957497	3.60579
352.591	0.9575	3.6058
352.757	0.957503	3.60581
352.923	0.957505	3.60582
353.088	0.957508	3.60584
353.254	0.957511	3.60585
353.419	0.957514	3.60586
353.585	0.957517	3.60587
353.751	0.957519	3.60588
353.916	0.957522	3.6059
354.082	0.957525	3.60591
354.247	0.957528	3.60592
354.413	0.957531	3.60593
354.579	0.957533	3.60594
354.744	0.957536	3.60596
354.91	0.957539	3.60597
355.076	0.957542	3.60598
355.241	0.957544	3.60599
355.407	0.957547	3.60601
355.572	0.95755	3.60602
355.738	0.957553	3.60603
355.904	0.957556	3.60604
356.069	0.957558	3.60605
356.235	0.957561	3.60607
356.4	0.957564	3.60608
356.566	0.957567	3.60609
356.732	0.957569	3.6061
356.897	0.957572	3.60611
357.063	0.957575	3.60613
357.228	0.957578	3.60614
357.394	0.95758	3.60615
357.56	0.957583	3.60616
357.725	0.957586	3.60618
357.891	0.957589	3.60619
358.057	0.957592	3.6062
358.222	0.957594	3.60621
358.388	0.957597	3.60622
358.553	0.9576	3.60624
358.719	0.957603	3.60625
358.885	0.957605	3.60626
359.05	0.957608	3.60627
359.216	0.957611	3.60628
359.381	0.957614	3.6063
359.547	0.957617	3.60631
359.713	0.957619	3.60632
359.878	0.957622	3.60633
360.044	0.957625	3.60635
360.21	0.957628	3.60636
360.375	0.95763	3.60637
360.541	0.957633	3.60638
360.706	0.957636	3.60639
360.872	0.957639	3.60641
361.038	0.957641	3.60642
361.203	0.957644	3.60643
361.369	0.957647	3.60644
361.534	0.95765	3.60645
361.7	0.957653	3.60647
361.866	0.957655	3.60648
362.031	0.957658	3.60649
362.197	0.957661	3.6065
362.362	0.957664	3.60652
362.528	0.957666	3.60653
362.694	0.957669	3.60654
362.859	0.957672	3.60655
363.025	0.957675	3.60656
363.191	0.957677	3.60658
363.356	0.95768	3.60659
363.522	0.957683	3.6066
363.687	0.957686	3.60661
363.853	0.957689	3.60663
364.019	0.957691	3.60664
364.184	0.957694	3.60665
364.35	0.957697	3.60666
364.515	0.9577	3.60667
364.681	0.957702	3.60669
364.847	0.957705	3.6067
365.012	0.957708	3.60671
365.178	0.957711	3.60672
365.344	0.957713	3.60673
365.509	0.957716	3.60675
365.675	0.957719	3.60676
365.84	0.957722	3.60677
366.006	0.957725	3.60678
366.172	0.957727	3.6068
366.337	0.95773	3.60681
366.503	0.957733	3.60682
366.668	0.957736	3.60683
366.834	0.957738	3.60684
367	0.957741	3.60686
367.165	0.957744	3.60687
367.331	0.957747	3.60688
367.496	0.957749	3.60689
367.662	0.957752	3.6069
367.828	0.957755	3.60692
367.993	0.957758	3.60693
368.159	0.95776	3.60694
368.325	0.957763	3.60695
368.49	0.957766	3.60697
368.656	0.957769	3.60698
368.821	0.957771	3.60699
368.987	0.957774	3.607
369.153	0.957777	3.60701
369.318	0.95778	3.60703
369.484	0.957783	3.60704
369.649	0.957785	3.60705
369.815	0.957788	3.60706
369.981	0.957791	3.60707
370.146	0.957794	3.60709
370.312	0.957796	3.6071
370.478	0.957799	3.60711
370.643	0.957802	3.60712
370.809	0.957805	3.60713
370.974	0.957807	3.60715
371.14	0.95781	3.60716
371.306	0.957813	3.60717
371.471	0.957816	3.60718
371.637	0.957818	3.6072
371.802	0.957821	3.60721
371.968	0.957824	3.60722
372.134	0.957827	3.60723
372.299	0.957829	3.60724
372.465	0.957832	3.60726
372.63	0.957835	3.60727
372.796	0.957838	3.60728
372.962	0.95784	3.60729
373.127	0.957843	3.6073
373.293	0.957846	3.60732
373.459	0.957849	3.60733
373.624	0.957852	3.60734
373.79	0.957854	3.60735
373.955	0.957857	3.60737
374.121	0.95786	3.60738
374.287	0.957863	3.60739
374.452	0.957865	3.6074
374.618	0.957868	3.60741
374.783	0.957871	3.60743
374.949	0.957874	3.60744
375.115	0.957876	3.60745
375.28	0.957879	3.60746
375.446	0.957882	3.60747
375.612	0.957885	3.60749
375.777	0.957887	3.6075
375.943	0.95789	3.60751
376.108	0.957893	3.60752
376.274	0.957896	3.60754
376.44	0.957898	3.60755
376.605	0.957901	3.60756
376.771	0.957904	3.60757
376.936	0.957907	3.60758
377.102	0.957909	3.6076
377.268	0.957912	3.60761
377.433	0.957915	3.60762
377.599	0.957918	3.60763
377.764	0.95792	3.60764
377.93	0.957923	3.60766
378.096	0.957926	3.60767
378.261	0.957929	3.60768
378.427	0.957931	3.60769
378.593	0.957934	3.60771
378.758	0.957937	3.60772
378.924	0.95794	3.60773
379.089	0.957942	3.60774
379.255	0.957945	3.60775
379.421	0.957948	3.60777
379.586	0.957951	3.60778
379.752	0.957953	3.60779
379.917	0.957956	3.6078
380.083	0.957959	3.60781
380.249	0.957962	3.60783
380.414	0.957964	3.60784
380.58	0.957967	3.60785
380.746	0.95797	3.60786
380.911	0.957973	3.60787
381.077	0.957975	3.60789
381.242	0.957978	3.6079
381.408	0.957981	3.60791
381.574	0.957984	3.60792
381.739	0.957986	3.60794
381.905	0.957989	3.60795
382.07	0.957992	3.60796
382.236	0.957995	3.60797
382.402	0.957997	3.60798
382.567	0.958	3.608
382.733	0.958003	3.60801
382.898	0.958006	3.60802
383.064	0.958008	3.60803
383.23	0.958011	3.60804
383.395	0.958014	3.60806
383.561	0.958017	3.60807
383.727	0.958019	3.60808
383.892	0.958022	3.60809
384.058	0.958025	3.60811
384.223	0.958028	3.60812
384.389	0.95803	3.60813
384.555	0.958033	3.60814
384.72	0.958036	3.60815
384.886	0.958039	3.60817
385.051	0.958041	3.60818
385.217	0.958044	3.60819
385.383	0.958047	3.6082
385.548	0.95805	3.60821
385.714	0.958052	3.60823
385.88	0.958055	3.60824
386.045	0.958058	3.60825
386.211	0.95806	3.60826
386.376	0.958063	3.60828
386.542	0.958066	3.60829
386.708	0.958069	3.6083
386.873	0.958071	3.60831
387.039	0.958074	3.60832
387.204	0.958077	3.60834
387.37	0.95808	3.60835
387.536	0.958082	3.60836
387.701	0.958085	3.60837
387.867	0.958088	3.60838
388.032	0.958091	3.6084
388.198	0.958093	3.60841
388.364	0.958096	3.60842
388.529	0.958099	3.60843
388.695	0.958102	3.60844
388.861	0.958104	3.60846
389.026	0.958107	3.60847
389.192	0.95811	3.60848
389.357	0.958113	3.60849
389.523	0.958115	3.60851
389.689	0.958118	3.60852
389.854	0.958121	3.60853
390.02	0.958124	3.60854
390.185	0.958126	3.60855
390.351	0.958129	3.60857
390.517	0.958132	3.60858
390.682	0.958134	3.60859
390.848	0.958137	3.6086
391.014	0.95814	3.60861
391.179	0.958143	3.60863
391.345	0.958145	3.60864
391.51	0.958148	3.60865
391.676	0.958151	3.60866
391.842	0.958154	3.60867
392.007	0.958156	3.60869
392.173	0.958159	3.6087
392.338	0.958162	3.60871
392.504	0.958165	3.60872
392.67	0.958167	3.60874
392.835	0.95817	3.60875
393.001	0.958173	3.60876
393.166	0.958176	3.60877
393.332	0.958178	3.60878
393.498	0.958181	3.6088
393.663	0.958184	3.60881
393.829	0.958186	3.60882
393.995	0.958189	3.60883
394.16	0.958192	3.60884
394.326	0.958195	3.60886
394.491	0.958197	3.60887
394.657	0.9582	3.60888
394.823	0.958203	3.60889
394.988	0.958206	3.60891
395.154	0.958208	3.60892
395.319	0.958211	3.60893
395.485	0.958214	3.60894
395.651	0.958217	3.60895
395.816	0.958219	3.60897
395.982	0.958222	3.60898
396.148	0.958225	3.60899
396.313	0.958227	3.609
396.479	0.95823	3.60901
396.644	0.958233	3.60903
396.81	0.958236	3.60904
396.976	0.958238	3.60905
397.141	0.958241	3.60906
397.307	0.958244	3.60907
397.472	0.958247	3.60909
397.638	0.958249	3.6091
397.804	0.958252	3.60911
397.969	0.958255	3.60912
398.135	0.958257	3.60914
398.3	0.95826	3.60915
398.466	0.958263	3.60916
398.632	0.958266	3.60917
398.797	0.958268	3.60918
398.963	0.958271	3.6092
399.129	0.958274	3.60921
399.294	0.958277	3.60922
399.46	0.958279	3.60923
399.625	0.958282	3.60924
399.791	0.958285	3.60926
399.957	0.958287	3.60927
400.122	0.95829	3.60928
400.288	0.958293	3.60929
400.453	0.958296	3.6093
400.619	0.958298	3.60932
400.785	0.958301	3.60933
400.95	0.958304	3.60934
401.116	0.958307	3.60935
401.282	0.958309	3.60937
401.447	0.958312	3.60938
401.613	0.958315	3.60939
401.778	0.958317	3.6094
401.944	0.95832	3.60941
402.11	0.958323	3.60943
402.275	0.958326	3.60944
402.441	0.958328	3.60945
402.606	0.958331	3.60946
402.772	0.958334	3.60947
402.938	0.958337	3.60949
403.103	0.958339	3.6095
403.269	0.958342	3.60951
403.434	0.958345	3.60952
403.6	0.958347	3.60953
403.766	0.95835	3.60955
403.931	0.958353	3.60956
404.097	0.958356	3.60957
404.263	0.958358	3.60958
404.428	0.958361	3.6096
404.594	0.958364	3.60961
404.759	0.958367	3.60962
404.925	0.958369	3.60963
405.091	0.958372	3.60964
405.256	0.958375	3.60966
405.422	0.958377	3.60967
405.587	0.95838	3.60968
405.753	0.958383	3.60969
405.919	0.958386	3.6097
406.084	0.958388	3.60972
406.25	0.958391	3.60973
406.415	0.958394	3.60974
406.581	0.958396	3.60975
406.747	0.958399	3.60976
406.912	0.958402	3.60978
407.078	0.958405	3.60979
407.244	0.958407	3.6098
407.409	0.95841	3.60981
407.575	0.958413	3.60982
407.74	0.958415	3.60984
407.906	0.958418	3.60985
408.072	0.958421	3.60986
408.237	0.958424	3.60987
408.403	0.958426	3.60989
408.568	0.958429	3.6099
408.734	0.958432	3.60991
408.9	0.958435	3.60992
409.065	0.958437	3.60993
409.231	0.95844	3.60995
409.397	0.958443	3.60996
409.562	0.958445	3.60997
409.728	0.958448	3.60998
409.893	0.958451	3.60999
410.059	0.958454	3.61001
410.225	0.958456	3.61002
410.39	0.958459	3.61003
410.556	0.958462	3.61004
410.721	0.958464	3.61005
410.887	0.958467	3.61007
411.053	0.95847	3.61008
411.218	0.958473	3.61009
411.384	0.958475	3.6101
411.549	0.958478	3.61012
411.715	0.958481	3.61013
411.881	0.958483	3.61014
412.046	0.958486	3.61015
412.212	0.958489	3.61016
412.378	0.958492	3.61018
412.543	0.958494	3.61019
412.709	0.958497	3.6102
412.874	0.9585	3.61021
413.04	0.958502	3.61022
413.206	0.958505	3.61024
413.371	0.958508	3.61025
413.537	0.958511	3.61026
413.702	0.958513	3.61027
413.868	0.958516	3.61028
414.034	0.958519	3.6103
414.199	0.958521	3.61031
414.365	0.958524	3.61032
414.531	0.958527	3.61033
414.696	0.95853	3.61035
414.862	0.958532	3.61036
415.027	0.958535	3.61037
415.193	0.958538	3.61038
415.359	0.95854	3.61039
415.524	0.958543	3.61041
415.69	0.958546	3.61042
415.855	0.958548	3.61043
416.021	0.958551	3.61044
416.187	0.958554	3.61045
416.352	0.958557	3.61047
416.518	0.958559	3.61048
416.683	0.958562	3.61049
416.849	0.958565	3.6105
417.015	0.958567	3.61051
417.18	0.95857	3.61053
417.346	0.958573	3.61054
417.512	0.958576	3.61055
417.677	0.958578	3.61056
417.843	0.958581	3.61057
418.008	0.958584	3.61059
418.174	0.958586	3.6106
418.34	0.958589	3.61061
418.505	0.958592	3.61062
418.671	0.958595	3.61064
418.836	0.958597	3.61065
419.002	0.9586	3.61066
419.168	0.958603	3.61067
419.333	0.958605	3.61068
419.499	0.958608	3.6107
419.665	0.958611	3.61071
419.83	0.958613	3.61072
419.996	0.958616	3.61073
420.161	0.958619	3.61074
420.327	0.958622	3.61076
420.493	0.958624	3.61077
420.658	0.958627	3.61078
420.824	0.95863	3.61079
420.989	0.958632	3.6108
421.155	0.958635	3.61082
421.321	0.958638	3.61083
421.486	0.958641	3.61084
421.652	0.958643	3.61085
421.817	0.958646	3.61086
421.983	0.958649	3.61088
422.149	0.958651	3.61089
422.314	0.958654	3.6109
422.48	0.958657	3.61091
422.646	0.958659	3.61093
422.811	0.958662	3.61094
422.977	0.958665	3.61095
423.142	0.958668	3.61096
423.308	0.95867	3.61097
423.474	0.958673	3.61099
423.639	0.958676	3.611
423.805	0.958678	3.61101
423.97	0.958681	3.61102
424.136	0.958684	3.61103
424.302	0.958686	3.61105
424.467	0.958689	3.61106
424.633	0.958692	3.61107
424.799	0.958695	3.61108
424.964	0.958697	3.61109
425.13	0.9587	3.61111
425.295	0.958703	3.61112
425.461	0.958705	3.61113
425.627	0.958708	3.61114
425.792	0.958711	3.61115
425.958	0.958713	3.61117
426.123	0.958716	3.61118
426.289	0.958719	3.61119
426.455	0.958722	3.6112
426.62	0.958724	3.61122
426.786	0.958727	3.61123
426.951	0.95873	3.61124
427.117	0.958732	3.61125
427.283	0.958735	3.61126
427.448	0.958738	3.61128
427.614	0.95874	3.61129
427.78	0.958743	3.6113
427.945	0.958746	3.61131
428.111	0.958749	3.61132
428.276	0.958751	3.61134
428.442	0.958754	3.61135
428.608	0.958757	3.61136
428.773	0.958759	3.61137
428.939	0.958762	3.61138
429.104	0.958765	3.6114
429.27	0.958767	3.61141
429.436	0.95877	3.61142
429.601	0.958773	3.61143
429.767	0.958776	3.61144
429.933	0.958778	3.61146
430.098	0.958781	3.61147
430.264	0.958784	3.61148
430.429	0.958786	3.61149
430.595	0.958789	3.6115
430.761	0.958792	3.61152
430.926	0.958794	3.61153
431.092	0.958797	3.61154
431.257	0.9588	3.61155
431.423	0.958802	3.61157
431.589	0.958805	3.61158
431.754	0.958808	3.61159
431.92	0.958811	3.6116
432.085	0.958813	3.61161
432.251	0.958816	3.61163
432.417	0.958819	3.61164
432.582	0.958821	3.61165
432.748	0.958824	3.61166
432.914	0.958827	3.61167
433.079	0.958829	3.61169
433.245	0.958832	3.6117
433.41	0.958835	3.61171
433.576	0.958837	3.61172
433.742	0.95884	3.61173
433.907	0.958843	3.61175
434.073	0.958846	3.61176
434.238	0.958848	3.61177
434.404	0.958851	3.61178
434.57	0.958854	3.61179
434.735	0.958856	3.61181
434.901	0.958859	3.61182
435.067	0.958862	3.61183
435.232	0.958864	3.61184
435.398	0.958867	3.61185
435.563	0.95887	3.61187
435.729	0.958872	3.61188
435.895	0.958875	3.61189
436.06	0.958878	3.6119
436.226	0.95888	3.61192
436.391	0.958883	3.61193
436.557	0.958886	3.61194
436.723	0.958889	3.61195
436.888	0.958891	3.61196
437.054	0.958894	3.61198
437.219	0.958897	3.61199
437.385	0.958899	3.612
437.551	0.958902	3.61201
437.716	0.958905	3.61202
437.882	0.958907	3.61204
438.048	0.95891	3.61205
438.213	0.958913	3.61206
438.379	0.958915	3.61207
438.544	0.958918	3.61208
438.71	0.958921	3.6121
438.876	0.958923	3.61211
439.041	0.958926	3.61212
439.207	0.958929	3.61213
439.372	0.958932	3.61214
439.538	0.958934	3.61216
439.704	0.958937	3.61217
439.869	0.95894	3.61218
440.035	0.958942	3.61219
440.201	0.958945	3.6122
440.366	0.958948	3.61222
440.532	0.95895	3.61223
440.697	0.958953	3.61224
440.863	0.958956	3.61225
441.029	0.958958	3.61227
441.194	0.958961	3.61228
441.36	0.958964	3.61229
441.525	0.958966	3.6123
441.691	0.958969	3.61231
441.857	0.958972	3.61233
442.022	0.958974	3.61234
442.188	0.958977	3.61235
442.353	0.95898	3.61236
442.519	0.958983	3.61237
442.685	0.958985	3.61239
442.85	0.958988	3.6124
443.016	0.958991	3.61241
443.182	0.958993	3.61242
443.347	0.958996	3.61243
443.513	0.958999	3.61245
443.678	0.959001	3.61246
443.844	0.959004	3.61247
444.01	0.959007	3.61248
444.175	0.959009	3.61249
444.341	0.959012	3.61251
444.506	0.959015	3.61252
444.672	0.959017	3.61253
444.838	0.95902	3.61254
445.003	0.959023	3.61255
445.169	0.959025	3.61257
445.335	0.959028	3.61258
445.5	0.959031	3.61259
445.666	0.959033	3.6126
445.831	0.959036	3.61261
445.997	0.959039	3.61263
446.163	0.959041	3.61264
446.328	0.959044	3.61265
446.494	0.959047	3.61266
446.659	0.959049	3.61268
446.825	0.959052	3.61269
446.991	0.959055	3.6127
447.156	0.959058	3.61271
447.322	0.95906	3.61272
447.487	0.959063	3.61274
447.653	0.959066	3.61275
447.819	0.959068	3.61276
447.984	0.959071	3.61277
448.15	0.959074	3.61278
448.316	0.959076	3.6128
448.481	0.959079	3.61281
448.647	0.959082	3.61282
448.812	0.959084	3.61283
448.978	0.959087	3.61284
449.144	0.95909	3.61286
449.309	0.959092	3.61287
449.475	0.959095	3.61288
449.64	0.959098	3.61289
449.806	0.9591	3.6129
449.972	0.959103	3.61292
450.137	0.959106	3.61293
450.303	0.959108	3.61294
450.469	0.959111	3.61295
450.634	0.959114	3.61296
450.8	0.959116	3.61298
450.965	0.959119	3.61299
451.131	0.959122	3.613
451.297	0.959124	3.61301
451.462	0.959127	3.61302
451.628	0.95913	3.61304
451.793	0.959132	3.61305
451.959	0.959135	3.61306
452.125	0.959138	3.61307
452.29	0.95914	3.61308
452.456	0.959143	3.6131
452.621	0.959146	3.61311
452.787	0.959148	3.61312
452.953	0.959151	3.61313
453.118	0.959154	3.61315
453.284	0.959156	3.61316
453.45	0.959159	3.61317
453.615	0.959162	3.61318
453.781	0.959164	3.61319
453.946	0.959167	3.61321
454.112	0.95917	3.61322
454.278	0.959172	3.61323
454.443	0.959175	3.61324
454.609	0.959178	3.61325
454.774	0.95918	3.61327
454.94	0.959183	3.61328
455.106	0.959186	3.61329
455.271	0.959188	3.6133
455.437	0.959191	3.61331
455.603	0.959194	3.61333
455.768	0.959196	3.61334
455.934	0.959199	3.61335
456.099	0.959202	3.61336
456.265	0.959204	3.61337
456.431	0.959207	3.61339
456.596	0.95921	3.6134
456.762	0.959212	3.61341
456.927	0.959215	3.61342
457.093	0.959218	3.61343
457.259	0.95922	3.61345
457.424	0.959223	3.61346
457.59	0.959226	3.61347
457.755	0.959228	3.61348
457.921	0.959231	3.61349
458.087	0.959234	3.61351
458.252	0.959236	3.61352
458.418	0.959239	3.61353
458.584	0.959242	3.61354
458.749	0.959244	3.61355
458.915	0.959247	3.61357
459.08	0.95925	3.61358
459.246	0.959252	3.61359
459.412	0.959255	3.6136
459.577	0.959258	3.61361
459.743	0.95926	3.61363
459.908	0.959263	3.61364
460.074	0.959266	3.61365
460.24	0.959268	3.61366
460.405	0.959271	3.61368
460.571	0.959274	3.61369
460.737	0.959276	3.6137
460.902	0.959279	3.61371
461.068	0.959282	3.61372
461.233	0.959284	3.61374
461.399	0.959287	3.61375
461.565	0.95929	3.61376
461.73	0.959292	3.61377
461.896	0.959295	3.61378
462.061	0.959298	3.6138
462.227	0.9593	3.61381
462.393	0.959303	3.61382
462.558	0.959306	3.61383
462.724	0.959308	3.61384
462.889	0.959311	3.61386
463.055	0.959314	3.61387
463.221	0.959316	3.61388
463.386	0.959319	3.61389
463.552	0.959322	3.6139
463.718	0.959324	3.61392
463.883	0.959327	3.61393
464.049	0.95933	3.61394
464.214	0.959332	3.61395
464.38	0.959335	3.61396
464.546	0.959338	3.61398
464.711	0.95934	3.61399
464.877	0.959343	3.614
465.042	0.959346	3.61401
465.208	0.959348	3.61402
465.374	0.959351	3.61404
465.539	0.959354	3.61405
465.705	0.959356	3.61406
465.87	0.959359	3.61407
466.036	0.959362	3.61408
466.202	0.959364	3.6141
466.367	0.959367	3.61411
466.533	0.959369	3.61412
466.699	0.959372	3.61413
466.864	0.959375	3.61414
467.03	0.959377	3.61416
467.195	0.95938	3.61417
467.361	0.959383	3.61418
467.527	0.959385	3.61419
467.692	0.959388	3.6142
467.858	0.959391	3.61422
468.023	0.959393	3.61423
468.189	0.959396	3.61424
468.355	0.959399	3.61425
468.52	0.959401	3.61426
468.686	0.959404	3.61428
468.852	0.959407	3.61429
469.017	0.959409	3.6143
469.183	0.959412	3.61431
469.348	0.959415	3.61433
469.514	0.959417	3.61434
469.68	0.95942	3.61435
469.845	0.959423	3.61436
470.011	0.959425	3.61437
470.176	0.959428	3.61439
470.342	0.959431	3.6144
470.508	0.959433	3.61441
470.673	0.959436	3.61442
470.839	0.959438	3.61443
471.004	0.959441	3.61445
471.17	0.959444	3.61446
471.336	0.959446	3.61447
471.501	0.959449	3.61448
471.667	0.959452	3.61449
471.833	0.959454	3.61451
471.998	0.959457	3.61452
472.164	0.95946	3.61453
472.329	0.959462	3.61454
472.495	0.959465	3.61455
472.661	0.959468	3.61457
472.826	0.95947	3.61458
472.992	0.959473	3.61459
473.157	0.959476	3.6146
473.323	0.959478	3.61461
473.489	0.959481	3.61463
473.654	0.959484	3.61464
473.82	0.959486	3.61465
473.986	0.959489	3.61466
474.151	0.959491	3.61467
474.317	0.959494	3.61469
474.482	0.959497	3.6147
474.648	0.959499	3.61471
474.814	0.959502	3.61472
474.979	0.959505	3.61473
475.145	0.959507	3.61475
475.31	0.95951	3.61476
475.476	0.959513	3.61477
475.642	0.959515	3.61478
475.807	0.959518	3.61479
475.973	0.959521	3.61481
476.138	0.959523	3.61482
476.304	0.959526	3.61483
476.47	0.959529	3.61484
476.635	0.959531	3.61485
476.801	0.959534	3.61487
476.967	0.959536	3.61488
477.132	0.959539	3.61489
477.298	0.959542	3.6149
477.463	0.959544	3.61491
477.629	0.959547	3.61493
477.795	0.95955	3.61494
477.96	0.959552	3.61495
478.126	0.959555	3.61496
478.291	0.959558	3.61497
478.457	0.95956	3.61499
478.623	0.959563	3.615
478.788	0.959566	3.61501
478.954	0.959568	3.61502
479.12	0.959571	3.61503
479.285	0.959573	3.61505
479.451	0.959576	3.61506
479.616	0.959579	3.61507
479.782	0.959581	3.61508
479.948	0.959584	3.61509
480.113	0.959587	3.61511
480.279	0.959589	3.61512
480.444	0.959592	3.61513
480.61	0.959595	3.61514
480.776	0.959597	3.61515
480.941	0.9596	3.61517
481.107	0.959603	3.61518
481.272	0.959605	3.61519
481.438	0.959608	3.6152
481.604	0.95961	3.61521
481.769	0.959613	3.61523
481.935	0.959616	3.61524
482.101	0.959618	3.61525
482.266	0.959621	3.61526
482.432	0.959624	3.61528
482.597	0.959626	3.61529
482.763	0.959629	3.6153
482.929	0.959632	3.61531
483.094	0.959634	3.61532
483.26	0.959637	3.61534
483.425	0.959639	3.61535
483.591	0.959642	3.61536
483.757	0.959645	3.61537
483.922	0.959647	3.61538
484.088	0.95965	3.6154
484.254	0.959653	3.61541
484.419	0.959655	3.61542
484.585	0.959658	3.61543
484.75	0.959661	3.61544
484.916	0.959663	3.61546
485.082	0.959666	3.61547
485.247	0.959668	3.61548
485.413	0.959671	3.61549
485.578	0.959674	3.6155
485.744	0.959676	3.61552
485.91	0.959679	3.61553
486.075	0.959682	3.61554
486.241	0.959684	3.61555
486.406	0.959687	3.61556
486.572	0.95969	3.61558
486.738	0.959692	3.61559
486.903	0.959695	3.6156
487.069	0.959697	3.61561
487.235	0.9597	3.61562
487.4	0.959703	3.61564
487.566	0.959705	3.61565
487.731	0.959708	3.61566
487.897	0.959711	3.61567
488.063	0.959713	3.61568
488.228	0.959716	3.6157
488.394	0.959719	3.61571
488.559	0.959721	3.61572
488.725	0.959724	3.61573
488.891	0.959726	3.61574
489.056	0.959729	3.61576
489.222	0.959732	3.61577
489.388	0.959734	3.61578
489.553	0.959737	3.61579
489.719	0.95974	3.6158
489.884	0.959742	3.61582
490.05	0.959745	3.61583
490.216	0.959747	3.61584
490.381	0.95975	3.61585
490.547	0.959753	3.61586
490.712	0.959755	3.61588
490.878	0.959758	3.61589
491.044	0.959761	3.6159
491.209	0.959763	3.61591
491.375	0.959766	3.61592
491.54	0.959769	3.61594
491.706	0.959771	3.61595
491.872	0.959774	3.61596
492.037	0.959776	3.61597
492.203	0.959779	3.61598
492.369	0.959782	3.616
492.534	0.959784	3.61601
492.7	0.959787	3.61602
492.865	0.95979	3.61603
493.031	0.959792	3.61604
493.197	0.959795	3.61606
493.362	0.959797	3.61607
493.528	0.9598	3.61608
493.693	0.959803	3.61609
493.859	0.959805	3.6161
494.025	0.959808	3.61612
494.19	0.959811	3.61613
494.356	0.959813	3.61614
494.522	0.959816	3.61615
494.687	0.959818	3.61616
494.853	0.959821	3.61618
495.018	0.959824	3.61619
495.184	0.959826	3.6162
495.35	0.959829	3.61621
495.515	0.959832	3.61622
495.681	0.959834	3.61624
495.846	0.959837	3.61625
496.012	0.959839	3.61626
496.178	0.959842	3.61627
496.343	0.959845	3.61628
496.509	0.959847	3.6163
496.674	0.95985	3.61631
496.84	0.959853	3.61632
497.006	0.959855	3.61633
497.171	0.959858	3.61634
497.337	0.95986	3.61636
497.503	0.959863	3.61637
497.668	0.959866	3.61638
497.834	0.959868	3.61639
497.999	0.959871	3.6164
498.165	0.959874	3.61642
498.331	0.959876	3.61643
498.496	0.959879	3.61644
498.662	0.959881	3.61645
498.827	0.959884	3.61646
498.993	0.959887	3.61648
499.159	0.959889	3.61649
499.324	0.959892	3.6165
499.49	0.959895	3.61651
499.656	0.959897	3.61652
499.821	0.9599	3.61654
499.987	0.959902	3.61655
