0	1.00149	3.55791
0	1.00149	3.55791
0.148129	1.00166	3.5582
0.296257	1.00213	3.55901
0.444386	1.00282	3.56021
0.592514	1.00366	3.56168
0.593996	1.00367	3.5617
0.742124	1.00458	3.56331
0.890253	1.00547	3.56492
1.03838	1.00629	3.56642
1.18651	1.00698	3.56768
1.33316	1.0075	3.56866
1.48129	1.00784	3.56934
1.62941	1.008	3.56972
1.77754	1.00799	3.56979
1.92567	1.00782	3.5696
2.0738	1.00752	3.5692
2.22193	1.00714	3.56866
2.37006	1.00671	3.56805
2.51819	1.00626	3.56743
2.66631	1.00582	3.56686
2.81444	1.00542	3.56636
2.96257	1.00508	3.56597
3.1107	1.00479	3.56571
3.25883	1.00457	3.56558
3.40696	1.00442	3.56557
3.55509	1.00432	3.56567
3.70322	1.00427	3.56587
3.85134	1.00425	3.56613
3.99947	1.00425	3.56645
4.1476	1.00427	3.56681
4.29573	1.00428	3.56718
4.44386	1.00428	3.56753
4.59199	1.00425	3.56785
4.74012	1.00419	3.56812
4.88824	1.00408	3.56832
5.03637	1.00394	3.56846
5.1845	1.00376	3.56855
5.33263	1.00355	3.56859
5.48076	1.00331	3.56859
5.62889	1.00305	3.56857
5.77702	1.00279	3.56854
5.92514	1.00251	3.56852
6.07327	1.00224	3.5685
6.2214	1.00197	3.56851
6.36953	1.00171	3.56853
6.51766	1.00145	3.56857
6.66579	1.0012	3.56863
6.81392	1.00096	3.56871
6.96204	1.00072	3.56882
7.11017	1.0005	3.56894
7.2583	1.00027	3.56908
7.40643	1.00005	3.56923
7.55456	0.999825	3.56939
7.70269	0.999599	3.56955
7.85082	0.999367	3.56972
7.99894	0.999128	3.56987
8.14707	0.998879	3.57002
8.2952	0.998621	3.57015
8.44333	0.998352	3.57027
8.59294	0.998072	3.57038
8.74107	0.997787	3.57049
8.8892	0.997496	3.57059
9.03733	0.9972	3.57068
9.18545	0.9969	3.57078
9.33358	0.996597	3.57088
9.48171	0.996293	3.57098
9.62984	0.995987	3.57108
9.77797	0.995681	3.57119
9.9261	0.995374	3.57129
10.0742	0.995067	3.5714
10.2224	0.99476	3.57152
10.3705	0.994453	3.57164
10.5186	0.994147	3.57176
10.6667	0.99384	3.57189
10.8149	0.993534	3.57202
10.963	0.993226	3.57216
11.1111	0.992918	3.57229
11.2593	0.992607	3.57242
11.4074	0.992295	3.57255
11.5555	0.991981	3.57268
11.7036	0.991664	3.57281
11.8518	0.991346	3.57294
11.9999	0.991026	3.57306
12.148	0.990705	3.57318
12.2962	0.990382	3.5733
12.4443	0.990059	3.57342
12.5924	0.989736	3.57354
12.7405	0.989412	3.57367
12.8887	0.989088	3.57379
13.0368	0.988764	3.57391
13.1849	0.98844	3.57403
13.3331	0.988117	3.57415
13.4812	0.987794	3.57427
13.6293	0.987472	3.57439
13.7774	0.987152	3.57452
13.9256	0.986831	3.57464
14.0737	0.986512	3.57477
14.2218	0.986194	3.57489
14.37	0.985877	3.57501
14.5181	0.98556	3.57514
14.6662	0.985244	3.57526
14.8143	0.984929	3.57538
14.9625	0.984615	3.57551
15.1106	0.984302	3.57563
15.2587	0.98399	3.57575
15.4069	0.983678	3.57587
15.555	0.983369	3.57599
15.7031	0.98306	3.57611
15.8512	0.982753	3.57623
15.9994	0.982447	3.57634
16.1475	0.982143	3.57646
16.2956	0.98184	3.57658
16.4438	0.981539	3.57669
16.5919	0.98124	3.57681
16.74	0.980942	3.57693
16.8881	0.980647	3.57704
17.0363	0.980353	3.57715
17.1844	0.980062	3.57727
17.3325	0.979772	3.57738
17.4807	0.979485	3.5775
17.6288	0.9792	3.57761
17.7769	0.978917	3.57772
17.925	0.978635	3.57783
18.0732	0.978357	3.57794
18.2213	0.97808	3.57805
18.3694	0.977805	3.57816
18.5176	0.977533	3.57827
18.6657	0.977263	3.57838
18.8138	0.976996	3.57849
18.9619	0.97673	3.5786
19.1101	0.976467	3.5787
19.2582	0.976207	3.57881
19.4063	0.975949	3.57891
19.5545	0.975693	3.57902
19.7026	0.97544	3.57912
19.8507	0.975189	3.57922
19.9988	0.974941	3.57932
20.147	0.974695	3.57943
20.2951	0.974452	3.57953
20.4432	0.974212	3.57963
20.5914	0.973974	3.57973
20.7395	0.973738	3.57982
20.8876	0.973505	3.57992
21.0357	0.973275	3.58002
21.1839	0.973047	3.58012
21.332	0.972822	3.58021
21.4801	0.9726	3.58031
21.6283	0.97238	3.5804
21.7764	0.972163	3.5805
21.9245	0.971948	3.58059
22.0726	0.971736	3.58068
22.2208	0.971527	3.58077
22.3689	0.97132	3.58087
22.5155	0.971118	3.58096
22.6637	0.970916	3.58105
22.8118	0.970717	3.58113
22.9599	0.97052	3.58122
23.1081	0.970326	3.58131
23.2562	0.970135	3.5814
23.4043	0.969946	3.58148
23.5524	0.96976	3.58157
23.7006	0.969576	3.58165
23.8487	0.969395	3.58174
23.9968	0.969216	3.58182
24.145	0.969039	3.58191
24.2931	0.968866	3.58199
24.4412	0.968694	3.58207
24.5893	0.968525	3.58215
24.7375	0.968359	3.58223
24.8856	0.968195	3.58231
25.0337	0.968033	3.58239
25.1819	0.967874	3.58247
25.33	0.967717	3.58255
25.4781	0.967563	3.58263
25.6262	0.967411	3.5827
25.7744	0.967261	3.58278
25.9225	0.967113	3.58286
26.0706	0.966968	3.58293
26.2188	0.966825	3.58301
26.3669	0.966684	3.58308
26.515	0.966545	3.58315
26.6631	0.966409	3.58323
26.8113	0.966275	3.5833
26.9594	0.966143	3.58337
27.1075	0.966013	3.58344
27.2557	0.965885	3.58351
27.4038	0.965759	3.58358
27.5519	0.965636	3.58365
27.7	0.965514	3.58372
27.8482	0.965395	3.58379
27.9963	0.965277	3.58386
28.1444	0.965161	3.58393
28.2926	0.965048	3.58399
28.4407	0.964936	3.58406
28.5888	0.964826	3.58413
28.7369	0.964719	3.58419
28.8851	0.964613	3.58426
29.0332	0.964508	3.58432
29.1813	0.964406	3.58439
29.3295	0.964305	3.58445
29.4776	0.964207	3.58451
29.6257	0.96411	3.58458
29.7738	0.964015	3.58464
29.922	0.963921	3.5847
30.0701	0.963829	3.58476
30.2182	0.963739	3.58482
30.3664	0.96365	3.58488
30.5145	0.963564	3.58494
30.6626	0.963478	3.585
30.8107	0.963394	3.58506
30.9589	0.963312	3.58512
31.107	0.963232	3.58518
31.2551	0.963153	3.58524
31.4033	0.963075	3.5853
31.5514	0.962999	3.58536
31.6995	0.962924	3.58541
31.8476	0.962851	3.58547
31.9958	0.962779	3.58553
32.1439	0.962709	3.58558
32.292	0.96264	3.58564
32.4402	0.962572	3.58569
32.5883	0.962506	3.58575
32.7364	0.96244	3.5858
32.8845	0.962377	3.58586
33.0327	0.962314	3.58591
33.1808	0.962253	3.58597
33.3289	0.962193	3.58602
33.4771	0.962134	3.58607
33.6252	0.962076	3.58613
33.7733	0.96202	3.58618
33.9215	0.961965	3.58623
34.0696	0.961911	3.58628
34.2177	0.961858	3.58634
34.3658	0.961806	3.58639
34.514	0.961755	3.58644
34.6621	0.961705	3.58649
34.8102	0.961656	3.58654
34.9584	0.961609	3.58659
35.1065	0.961562	3.58664
35.2546	0.961517	3.58669
35.4027	0.961472	3.58674
35.5523	0.961428	3.58679
35.7005	0.961385	3.58684
35.8486	0.961343	3.58689
35.9967	0.961302	3.58694
36.1449	0.961262	3.58699
36.293	0.961223	3.58704
36.4411	0.961185	3.58709
36.5892	0.961148	3.58713
36.7374	0.961111	3.58718
36.8855	0.961076	3.58723
37.0336	0.961041	3.58728
37.1818	0.961007	3.58732
37.3299	0.960974	3.58737
37.478	0.960941	3.58742
37.6261	0.96091	3.58746
37.7743	0.960879	3.58751
37.9224	0.960849	3.58756
38.0705	0.960819	3.5876
38.2187	0.96079	3.58765
38.3668	0.960762	3.58769
38.5149	0.960735	3.58774
38.663	0.960708	3.58778
38.8112	0.960682	3.58783
38.9593	0.960657	3.58788
39.1074	0.960632	3.58792
39.2556	0.960608	3.58796
39.4037	0.960585	3.58801
39.5518	0.960562	3.58805
39.6999	0.960539	3.5881
39.8481	0.960518	3.58814
39.9962	0.960497	3.58819
40.1443	0.960476	3.58823
40.2925	0.960456	3.58827
40.4406	0.960437	3.58832
40.5887	0.960418	3.58836
40.7368	0.960399	3.5884
40.885	0.960382	3.58845
41.0331	0.960364	3.58849
41.1812	0.960347	3.58853
41.3294	0.960331	3.58858
41.4775	0.960315	3.58862
41.6256	0.9603	3.58866
41.7737	0.960285	3.5887
41.9219	0.96027	3.58875
42.07	0.960256	3.58879
42.2181	0.960242	3.58883
42.3663	0.960229	3.58887
42.5144	0.960217	3.58891
42.6625	0.960204	3.58896
42.8106	0.960192	3.589
42.9588	0.960181	3.58904
43.1069	0.960169	3.58908
43.255	0.960159	3.58912
43.4032	0.960148	3.58916
43.5513	0.960138	3.5892
43.6994	0.960129	3.58925
43.8475	0.960119	3.58929
43.9957	0.96011	3.58933
44.1438	0.960102	3.58937
44.2919	0.960093	3.58941
44.4401	0.960085	3.58945
44.5882	0.960078	3.58949
44.7363	0.96007	3.58953
44.8844	0.960063	3.58957
45.0326	0.960057	3.58961
45.1807	0.96005	3.58965
45.3288	0.960044	3.58969
45.477	0.960038	3.58973
45.6251	0.960033	3.58977
45.7732	0.960028	3.58981
45.9213	0.960023	3.58985
46.0695	0.960018	3.58989
46.2176	0.960013	3.58993
46.3657	0.960009	3.58997
46.5139	0.960005	3.59001
46.662	0.960001	3.59005
46.8101	0.959998	3.59009
46.9582	0.959995	3.59013
47.1064	0.959992	3.59017
47.2545	0.959989	3.59021
47.4026	0.959986	3.59025
47.5508	0.959984	3.59029
47.6989	0.959982	3.59033
47.847	0.95998	3.59036
47.9951	0.959978	3.5904
48.1433	0.959977	3.59044
48.2914	0.959976	3.59048
48.4395	0.959975	3.59052
48.5877	0.959974	3.59056
48.7358	0.959973	3.5906
48.8839	0.959972	3.59064
49.032	0.959972	3.59068
49.1802	0.959972	3.59071
49.3283	0.959972	3.59075
49.4764	0.959972	3.59079
49.6246	0.959972	3.59083
49.7727	0.959973	3.59087
49.9208	0.959974	3.59091
50.0689	0.959974	3.59095
50.2171	0.959975	3.59098
50.3652	0.959977	3.59102
50.5133	0.959978	3.59106
50.6615	0.959979	3.5911
50.8096	0.959981	3.59114
50.9577	0.959983	3.59118
51.1058	0.959984	3.59121
51.254	0.959986	3.59125
51.4021	0.959988	3.59129
51.5502	0.959991	3.59133
51.6984	0.959993	3.59137
51.8465	0.959996	3.5914
51.9946	0.959998	3.59144
52.1427	0.960001	3.59148
52.2909	0.960004	3.59152
52.439	0.960007	3.59156
52.5871	0.96001	3.59159
52.7353	0.960013	3.59163
52.8834	0.960016	3.59167
53.0315	0.96002	3.59171
53.1796	0.960023	3.59174
53.3278	0.960027	3.59178
53.4759	0.96003	3.59182
53.624	0.960034	3.59186
53.7722	0.960038	3.59189
53.9203	0.960042	3.59193
54.0684	0.960046	3.59197
54.2165	0.96005	3.59201
54.3647	0.960055	3.59204
54.5128	0.960059	3.59208
54.6609	0.960063	3.59212
54.8091	0.960068	3.59216
54.9572	0.960073	3.59219
55.1053	0.960077	3.59223
55.2535	0.960082	3.59227
55.4016	0.960087	3.59231
55.5497	0.960092	3.59234
55.6978	0.960097	3.59238
55.846	0.960102	3.59242
55.9941	0.960107	3.59246
56.1422	0.960112	3.59249
56.2904	0.960117	3.59253
56.4385	0.960123	3.59257
56.5866	0.960128	3.5926
56.7347	0.960133	3.59264
56.8829	0.960139	3.59268
57.031	0.960145	3.59272
57.1791	0.96015	3.59275
57.3273	0.960156	3.59279
57.4754	0.960162	3.59283
57.6235	0.960167	3.59286
57.7716	0.960173	3.5929
57.9198	0.960179	3.59294
58.0679	0.960185	3.59298
58.216	0.960191	3.59301
58.3642	0.960197	3.59305
58.5123	0.960203	3.59309
58.6604	0.960209	3.59312
58.8085	0.960216	3.59316
58.9567	0.960222	3.5932
59.1048	0.960228	3.59323
59.2529	0.960235	3.59327
59.4011	0.960241	3.59331
59.5492	0.960247	3.59334
59.6973	0.960254	3.59338
59.8454	0.96026	3.59342
59.9936	0.960267	3.59346
60.1417	0.960274	3.59349
60.2898	0.96028	3.59353
60.438	0.960287	3.59357
60.5861	0.960294	3.5936
60.7342	0.9603	3.59364
60.8823	0.960307	3.59368
61.0305	0.960314	3.59371
61.1786	0.960321	3.59375
61.3267	0.960328	3.59379
61.4749	0.960335	3.59382
61.623	0.960342	3.59386
61.7711	0.960349	3.5939
61.9192	0.960356	3.59393
62.0674	0.960363	3.59397
62.2155	0.96037	3.59401
62.3636	0.960377	3.59404
62.5118	0.960384	3.59408
62.6599	0.960391	3.59412
62.808	0.960398	3.59415
62.9561	0.960405	3.59419
63.1043	0.960413	3.59423
63.2524	0.96042	3.59426
63.4005	0.960427	3.5943
63.5487	0.960434	3.59434
63.6968	0.960442	3.59437
63.8449	0.960449	3.59441
63.993	0.960457	3.59445
64.1412	0.960464	3.59448
64.2893	0.960471	3.59452
64.4374	0.960479	3.59456
64.5856	0.960486	3.59459
64.7337	0.960494	3.59463
64.8818	0.960501	3.59466
65.0299	0.960509	3.5947
65.1781	0.960516	3.59474
65.3262	0.960524	3.59477
65.4743	0.960531	3.59481
65.6225	0.960539	3.59485
65.7706	0.960547	3.59488
65.9187	0.960554	3.59492
66.0668	0.960562	3.59496
66.215	0.960569	3.59499
66.3631	0.960577	3.59503
66.5112	0.960585	3.59507
66.6594	0.960592	3.5951
66.8075	0.9606	3.59514
66.9556	0.960608	3.59518
67.1037	0.960616	3.59521
67.2519	0.960623	3.59525
67.4	0.960631	3.59528
67.5481	0.960639	3.59532
67.6963	0.960647	3.59536
67.8444	0.960655	3.59539
67.9925	0.960662	3.59543
68.1406	0.96067	3.59547
68.2888	0.960678	3.5955
68.4369	0.960686	3.59554
68.585	0.960694	3.59558
68.7332	0.960702	3.59561
68.8813	0.960709	3.59565
69.0294	0.960717	3.59568
69.1775	0.960725	3.59572
69.3257	0.960733	3.59576
69.4738	0.960741	3.59579
69.6219	0.960749	3.59583
69.7701	0.960757	3.59587
69.9182	0.960765	3.5959
70.0663	0.960773	3.59594
70.2144	0.960781	3.59598
70.3626	0.960789	3.59601
70.5107	0.960797	3.59605
70.6588	0.960805	3.59608
70.807	0.960813	3.59612
70.9551	0.960821	3.59616
71.1032	0.960829	3.59619
71.2513	0.960837	3.59623
71.3995	0.960845	3.59627
71.5476	0.960853	3.5963
71.6957	0.960861	3.59634
71.8439	0.960869	3.59637
71.992	0.960877	3.59641
72.1401	0.960885	3.59645
72.2882	0.960893	3.59648
72.4364	0.960901	3.59652
72.5845	0.960909	3.59656
72.7326	0.960917	3.59659
72.8808	0.960925	3.59663
73.0289	0.960933	3.59666
73.177	0.960941	3.5967
73.3251	0.960949	3.59674
73.4733	0.960958	3.59677
73.6214	0.960966	3.59681
73.7695	0.960974	3.59684
73.9177	0.960982	3.59688
74.0658	0.96099	3.59692
74.2139	0.960998	3.59695
74.362	0.961006	3.59699
74.5102	0.961014	3.59703
74.6583	0.961022	3.59706
74.8064	0.961031	3.5971
74.9546	0.961039	3.59713
75.1027	0.961047	3.59717
75.2508	0.961055	3.59721
75.3989	0.961063	3.59724
75.5471	0.961071	3.59728
75.6952	0.961079	3.59732
75.8433	0.961087	3.59735
75.9915	0.961096	3.59739
76.1396	0.961104	3.59742
76.2877	0.961112	3.59746
76.4358	0.96112	3.5975
76.584	0.961128	3.59753
76.7321	0.961136	3.59757
76.8802	0.961145	3.5976
77.0284	0.961153	3.59764
77.1765	0.961161	3.59768
77.3246	0.961169	3.59771
77.4727	0.961177	3.59775
77.6209	0.961185	3.59778
77.769	0.961194	3.59782
77.9171	0.961202	3.59786
78.0653	0.96121	3.59789
78.2134	0.961218	3.59793
78.3615	0.961226	3.59797
78.5096	0.961234	3.598
78.6578	0.961243	3.59804
78.8059	0.961251	3.59807
78.954	0.961259	3.59811
79.1022	0.961267	3.59815
79.2503	0.961275	3.59818
79.3984	0.961283	3.59822
79.5465	0.961292	3.59825
79.6947	0.9613	3.59829
79.8428	0.961308	3.59833
79.9909	0.961316	3.59836
80.1391	0.961324	3.5984
80.2872	0.961332	3.59843
80.4353	0.961341	3.59847
80.5834	0.961349	3.59851
80.7316	0.961357	3.59854
80.8797	0.961365	3.59858
81.0278	0.961373	3.59861
81.176	0.961382	3.59865
81.3241	0.96139	3.59869
81.4722	0.961398	3.59872
81.6203	0.961406	3.59876
81.7685	0.961414	3.59879
81.9166	0.961422	3.59883
82.0647	0.961431	3.59887
82.2129	0.961439	3.5989
82.361	0.961447	3.59894
82.5091	0.961455	3.59898
82.6572	0.961463	3.59901
82.8054	0.961471	3.59905
82.9535	0.96148	3.59908
83.1016	0.961488	3.59912
83.2498	0.961496	3.59916
83.3979	0.961504	3.59919
83.546	0.961512	3.59923
83.6941	0.961521	3.59926
83.8423	0.961529	3.5993
83.9904	0.961537	3.59934
84.1385	0.961545	3.59937
84.2867	0.961553	3.59941
84.4348	0.961561	3.59944
84.5829	0.96157	3.59948
84.731	0.961578	3.59952
84.8792	0.961586	3.59955
85.0273	0.961594	3.59959
85.1754	0.961602	3.59962
85.3236	0.96161	3.59966
85.4717	0.961618	3.5997
85.6198	0.961627	3.59973
85.7679	0.961635	3.59977
85.9161	0.961643	3.5998
86.0642	0.961651	3.59984
86.2123	0.961659	3.59987
86.3605	0.961667	3.59991
86.5086	0.961676	3.59995
86.6567	0.961684	3.59998
86.8048	0.961692	3.60002
86.953	0.9617	3.60005
87.1011	0.961708	3.60009
87.2492	0.961716	3.60013
87.3974	0.961724	3.60016
87.5455	0.961733	3.6002
87.6936	0.961741	3.60023
87.8417	0.961749	3.60027
87.9899	0.961757	3.60031
88.138	0.961765	3.60034
88.2861	0.961773	3.60038
88.4343	0.961781	3.60041
88.5824	0.96179	3.60045
88.7305	0.961798	3.60049
88.8786	0.961806	3.60052
89.0268	0.961814	3.60056
89.1749	0.961822	3.60059
89.323	0.96183	3.60063
89.4712	0.961838	3.60067
89.6193	0.961846	3.6007
89.7674	0.961855	3.60074
89.9155	0.961863	3.60077
90.0637	0.961871	3.60081
90.2118	0.961879	3.60085
90.3599	0.961887	3.60088
90.5081	0.961895	3.60092
90.6562	0.961903	3.60095
90.8043	0.961911	3.60099
90.9524	0.961919	3.60102
91.1006	0.961927	3.60106
91.2487	0.961936	3.6011
91.3968	0.961944	3.60113
91.545	0.961952	3.60117
91.6931	0.96196	3.6012
91.8412	0.961968	3.60124
91.9893	0.961976	3.60128
92.1375	0.961984	3.60131
92.2856	0.961992	3.60135
92.4337	0.962	3.60138
92.5819	0.962008	3.60142
92.73	0.962016	3.60146
92.8781	0.962025	3.60149
93.0262	0.962033	3.60153
93.1744	0.962041	3.60156
93.3225	0.962049	3.6016
93.4706	0.962057	3.60163
93.6188	0.962065	3.60167
93.7669	0.962073	3.60171
93.915	0.962081	3.60174
94.0631	0.962089	3.60178
94.2113	0.962097	3.60181
94.3594	0.962105	3.60185
94.5075	0.962113	3.60189
94.6557	0.962121	3.60192
94.8038	0.962129	3.60196
94.9519	0.962137	3.60199
95.1	0.962146	3.60203
95.2482	0.962154	3.60206
95.3963	0.962162	3.6021
95.5444	0.96217	3.60214
95.6926	0.962178	3.60217
95.8407	0.962186	3.60221
95.9888	0.962194	3.60224
96.1369	0.962202	3.60228
96.2851	0.96221	3.60232
96.4332	0.962218	3.60235
96.5813	0.962226	3.60239
96.7295	0.962234	3.60242
96.8776	0.962242	3.60246
97.0257	0.96225	3.60249
97.1738	0.962258	3.60253
97.322	0.962266	3.60257
97.4701	0.962274	3.6026
97.6182	0.962282	3.60264
97.7664	0.96229	3.60267
97.9145	0.962298	3.60271
98.0626	0.962306	3.60275
98.2107	0.962314	3.60278
98.3589	0.962322	3.60282
98.507	0.96233	3.60285
98.6551	0.962338	3.60289
98.8033	0.962346	3.60292
98.9514	0.962354	3.60296
99.0995	0.962362	3.603
99.2476	0.96237	3.60303
99.3958	0.962378	3.60307
99.5439	0.962386	3.6031
99.692	0.962394	3.60314
99.8402	0.962402	3.60317
99.9883	0.96241	3.60321
100.136	0.962418	3.60325
100.285	0.962426	3.60328
100.433	0.962434	3.60332
100.581	0.962442	3.60335
100.729	0.96245	3.60339
100.877	0.962458	3.60343
101.025	0.962466	3.60346
101.173	0.962474	3.6035
101.321	0.962482	3.60353
101.47	0.96249	3.60357
101.618	0.962498	3.6036
101.766	0.962506	3.60364
101.914	0.962514	3.60368
102.062	0.962522	3.60371
102.21	0.96253	3.60375
102.358	0.962537	3.60378
102.506	0.962545	3.60382
102.655	0.962553	3.60385
102.803	0.962561	3.60389
102.951	0.962569	3.60393
103.099	0.962577	3.60396
103.247	0.962585	3.604
103.395	0.962593	3.60403
103.543	0.962601	3.60407
103.692	0.962609	3.6041
103.84	0.962617	3.60414
103.988	0.962625	3.60418
104.136	0.962633	3.60421
104.284	0.962641	3.60425
104.432	0.962649	3.60428
104.58	0.962656	3.60432
104.728	0.962664	3.60435
104.877	0.962672	3.60439
105.025	0.96268	3.60443
105.173	0.962688	3.60446
105.321	0.962696	3.6045
105.469	0.962704	3.60453
105.617	0.962712	3.60457
105.765	0.96272	3.6046
105.913	0.962728	3.60464
106.062	0.962736	3.60468
106.21	0.962743	3.60471
106.358	0.962751	3.60475
106.506	0.962759	3.60478
106.654	0.962767	3.60482
106.802	0.962775	3.60485
106.95	0.962783	3.60489
107.098	0.962791	3.60493
107.247	0.962799	3.60496
107.395	0.962807	3.605
107.543	0.962814	3.60503
107.691	0.962822	3.60507
107.839	0.96283	3.6051
107.987	0.962838	3.60514
108.135	0.962846	3.60518
108.283	0.962854	3.60521
108.432	0.962862	3.60525
108.58	0.962869	3.60528
108.728	0.962877	3.60532
108.876	0.962885	3.60535
109.024	0.962893	3.60539
109.172	0.962901	3.60542
109.32	0.962909	3.60546
109.469	0.962917	3.6055
109.617	0.962924	3.60553
109.765	0.962932	3.60557
109.913	0.96294	3.6056
110.061	0.962948	3.60564
110.209	0.962956	3.60567
110.357	0.962964	3.60571
110.505	0.962971	3.60575
110.654	0.962979	3.60578
110.802	0.962987	3.60582
110.95	0.962995	3.60585
111.098	0.963003	3.60589
111.246	0.963011	3.60592
111.394	0.963018	3.60596
111.542	0.963026	3.60599
111.69	0.963034	3.60603
111.839	0.963042	3.60607
111.987	0.96305	3.6061
112.135	0.963057	3.60614
112.283	0.963065	3.60617
112.431	0.963073	3.60621
112.579	0.963081	3.60624
112.727	0.963089	3.60628
112.875	0.963096	3.60632
113.024	0.963104	3.60635
113.172	0.963112	3.60639
113.32	0.96312	3.60642
113.468	0.963128	3.60646
113.616	0.963135	3.60649
113.764	0.963143	3.60653
113.912	0.963151	3.60656
114.061	0.963159	3.6066
114.209	0.963167	3.60664
114.357	0.963174	3.60667
114.505	0.963182	3.60671
114.653	0.96319	3.60674
114.801	0.963198	3.60678
114.949	0.963205	3.60681
115.097	0.963213	3.60685
115.246	0.963221	3.60688
115.394	0.963229	3.60692
115.542	0.963237	3.60696
115.69	0.963244	3.60699
115.838	0.963252	3.60703
115.986	0.96326	3.60706
116.134	0.963268	3.6071
116.282	0.963275	3.60713
116.431	0.963283	3.60717
116.579	0.963291	3.6072
116.727	0.963299	3.60724
116.875	0.963306	3.60728
117.023	0.963314	3.60731
117.171	0.963322	3.60735
117.319	0.963329	3.60738
117.467	0.963337	3.60742
117.616	0.963345	3.60745
117.764	0.963353	3.60749
117.912	0.96336	3.60752
118.06	0.963368	3.60756
118.208	0.963376	3.6076
118.356	0.963384	3.60763
118.504	0.963391	3.60767
118.652	0.963399	3.6077
118.801	0.963407	3.60774
118.949	0.963414	3.60777
119.097	0.963422	3.60781
119.245	0.96343	3.60784
119.393	0.963438	3.60788
119.541	0.963445	3.60792
119.689	0.963453	3.60795
119.838	0.963461	3.60799
119.986	0.963468	3.60802
120.134	0.963476	3.60806
120.282	0.963484	3.60809
120.43	0.963491	3.60813
120.578	0.963499	3.60816
120.726	0.963507	3.6082
120.874	0.963515	3.60824
121.023	0.963522	3.60827
121.171	0.96353	3.60831
121.319	0.963538	3.60834
121.467	0.963545	3.60838
121.615	0.963553	3.60841
121.763	0.963561	3.60845
121.911	0.963568	3.60848
122.059	0.963576	3.60852
122.208	0.963584	3.60855
122.356	0.963591	3.60859
122.504	0.963599	3.60863
122.652	0.963607	3.60866
122.8	0.963614	3.6087
122.948	0.963622	3.60873
123.096	0.96363	3.60877
123.244	0.963637	3.6088
123.393	0.963645	3.60884
123.541	0.963653	3.60887
123.689	0.96366	3.60891
123.837	0.963668	3.60895
123.985	0.963676	3.60898
124.133	0.963683	3.60902
124.281	0.963691	3.60905
124.43	0.963698	3.60909
124.578	0.963706	3.60912
124.726	0.963714	3.60916
124.874	0.963721	3.60919
125.022	0.963729	3.60923
125.17	0.963737	3.60926
125.318	0.963744	3.6093
125.466	0.963752	3.60934
125.615	0.963759	3.60937
125.763	0.963767	3.60941
125.911	0.963775	3.60944
126.059	0.963782	3.60948
126.207	0.96379	3.60951
126.355	0.963798	3.60955
126.503	0.963805	3.60958
126.651	0.963813	3.60962
126.8	0.96382	3.60965
126.948	0.963828	3.60969
127.096	0.963836	3.60972
127.244	0.963843	3.60976
127.392	0.963851	3.6098
127.54	0.963858	3.60983
127.688	0.963866	3.60987
127.836	0.963874	3.6099
127.985	0.963881	3.60994
128.133	0.963889	3.60997
128.281	0.963896	3.61001
128.429	0.963904	3.61004
128.577	0.963912	3.61008
128.725	0.963919	3.61011
128.873	0.963927	3.61015
129.021	0.963934	3.61019
129.17	0.963942	3.61022
129.318	0.963949	3.61026
129.466	0.963957	3.61029
129.614	0.963965	3.61033
129.762	0.963972	3.61036
129.91	0.96398	3.6104
130.058	0.963987	3.61043
130.207	0.963995	3.61047
130.355	0.964002	3.6105
130.503	0.96401	3.61054
130.651	0.964018	3.61057
130.799	0.964025	3.61061
130.947	0.964033	3.61065
131.095	0.96404	3.61068
131.243	0.964048	3.61072
131.392	0.964055	3.61075
131.54	0.964063	3.61079
131.688	0.96407	3.61082
131.836	0.964078	3.61086
131.984	0.964085	3.61089
132.132	0.964093	3.61093
132.28	0.9641	3.61096
132.428	0.964108	3.611
132.577	0.964116	3.61103
132.725	0.964123	3.61107
132.873	0.964131	3.61111
133.021	0.964138	3.61114
133.169	0.964146	3.61118
133.317	0.964153	3.61121
133.465	0.964161	3.61125
133.613	0.964168	3.61128
133.762	0.964176	3.61132
133.91	0.964183	3.61135
134.058	0.964191	3.61139
134.206	0.964198	3.61142
134.354	0.964206	3.61146
134.502	0.964213	3.61149
134.65	0.964221	3.61153
134.799	0.964228	3.61156
134.947	0.964236	3.6116
135.095	0.964243	3.61164
135.243	0.964251	3.61167
135.391	0.964258	3.61171
135.539	0.964266	3.61174
135.687	0.964273	3.61178
135.835	0.964281	3.61181
135.984	0.964288	3.61185
136.132	0.964296	3.61188
136.28	0.964303	3.61192
136.428	0.964311	3.61195
136.576	0.964318	3.61199
136.724	0.964326	3.61202
136.872	0.964333	3.61206
137.02	0.964341	3.61209
137.169	0.964348	3.61213
137.317	0.964356	3.61216
137.465	0.964363	3.6122
137.613	0.96437	3.61224
137.761	0.964378	3.61227
137.909	0.964385	3.61231
138.057	0.964393	3.61234
138.205	0.9644	3.61238
138.354	0.964408	3.61241
138.502	0.964415	3.61245
138.65	0.964423	3.61248
138.798	0.96443	3.61252
138.946	0.964438	3.61255
139.094	0.964445	3.61259
139.242	0.964452	3.61262
139.39	0.96446	3.61266
139.539	0.964467	3.61269
139.687	0.964475	3.61273
139.835	0.964482	3.61276
139.983	0.96449	3.6128
140.131	0.964497	3.61284
140.279	0.964505	3.61287
140.427	0.964512	3.61291
140.576	0.964519	3.61294
140.724	0.964527	3.61298
140.872	0.964534	3.61301
141.02	0.964542	3.61305
141.168	0.964549	3.61308
141.316	0.964556	3.61312
141.464	0.964564	3.61315
141.612	0.964571	3.61319
141.761	0.964579	3.61322
141.909	0.964586	3.61326
142.057	0.964594	3.61329
142.205	0.964601	3.61333
142.353	0.964608	3.61336
142.501	0.964616	3.6134
142.649	0.964623	3.61343
142.797	0.964631	3.61347
142.946	0.964638	3.61351
143.094	0.964645	3.61354
143.242	0.964653	3.61358
143.39	0.96466	3.61361
143.538	0.964668	3.61365
143.686	0.964675	3.61368
143.834	0.964682	3.61372
143.982	0.96469	3.61375
144.131	0.964697	3.61379
144.279	0.964704	3.61382
144.427	0.964712	3.61386
144.575	0.964719	3.61389
144.723	0.964727	3.61393
144.871	0.964734	3.61396
145.019	0.964741	3.614
145.168	0.964749	3.61403
145.316	0.964756	3.61407
145.464	0.964763	3.6141
145.612	0.964771	3.61414
145.76	0.964778	3.61417
145.908	0.964786	3.61421
146.056	0.964793	3.61424
146.204	0.9648	3.61428
146.353	0.964808	3.61432
146.501	0.964815	3.61435
146.649	0.964822	3.61439
146.797	0.96483	3.61442
146.945	0.964837	3.61446
147.093	0.964844	3.61449
147.241	0.964852	3.61453
147.389	0.964859	3.61456
147.538	0.964866	3.6146
147.686	0.964874	3.61463
147.834	0.964881	3.61467
147.982	0.964888	3.6147
148.13	0.964896	3.61474
148.278	0.964903	3.61477
148.426	0.96491	3.61481
148.574	0.964918	3.61484
148.723	0.964925	3.61488
148.871	0.964932	3.61491
149.019	0.96494	3.61495
149.167	0.964947	3.61498
149.315	0.964954	3.61502
149.463	0.964962	3.61505
149.611	0.964969	3.61509
149.759	0.964976	3.61512
149.908	0.964984	3.61516
150.056	0.964991	3.61519
150.204	0.964998	3.61523
150.352	0.965005	3.61526
150.5	0.965013	3.6153
150.648	0.96502	3.61533
150.796	0.965027	3.61537
150.945	0.965035	3.61541
151.093	0.965042	3.61544
151.241	0.965049	3.61548
151.389	0.965057	3.61551
151.537	0.965064	3.61555
151.685	0.965071	3.61558
151.833	0.965078	3.61562
151.981	0.965086	3.61565
152.13	0.965093	3.61569
152.278	0.9651	3.61572
152.426	0.965108	3.61576
152.574	0.965115	3.61579
152.722	0.965122	3.61583
152.87	0.965129	3.61586
153.018	0.965137	3.6159
153.166	0.965144	3.61593
153.315	0.965151	3.61597
153.463	0.965159	3.616
153.611	0.965166	3.61604
153.759	0.965173	3.61607
153.907	0.96518	3.61611
154.055	0.965188	3.61614
154.203	0.965195	3.61618
154.351	0.965202	3.61621
154.5	0.965209	3.61625
154.648	0.965217	3.61628
154.796	0.965224	3.61632
154.944	0.965231	3.61635
155.092	0.965238	3.61639
155.24	0.965246	3.61642
155.388	0.965253	3.61646
155.537	0.96526	3.61649
155.685	0.965267	3.61653
155.833	0.965275	3.61656
155.981	0.965282	3.6166
156.129	0.965289	3.61663
156.277	0.965296	3.61667
156.425	0.965304	3.6167
156.573	0.965311	3.61674
156.722	0.965318	3.61677
156.87	0.965325	3.61681
157.018	0.965332	3.61684
157.166	0.96534	3.61688
157.314	0.965347	3.61691
157.462	0.965354	3.61695
157.61	0.965361	3.61698
157.758	0.965369	3.61702
157.907	0.965376	3.61705
158.055	0.965383	3.61709
158.203	0.96539	3.61712
158.351	0.965397	3.61716
158.499	0.965405	3.61719
158.647	0.965412	3.61723
158.795	0.965419	3.61726
158.943	0.965426	3.6173
159.092	0.965433	3.61734
159.24	0.965441	3.61737
159.388	0.965448	3.61741
159.536	0.965455	3.61744
159.684	0.965462	3.61748
159.832	0.965469	3.61751
159.98	0.965477	3.61755
160.129	0.965484	3.61758
160.277	0.965491	3.61762
160.425	0.965498	3.61765
160.573	0.965505	3.61769
160.721	0.965512	3.61772
160.869	0.96552	3.61776
161.017	0.965527	3.61779
161.165	0.965534	3.61783
161.314	0.965541	3.61786
161.462	0.965548	3.6179
161.61	0.965556	3.61793
161.758	0.965563	3.61797
161.906	0.96557	3.618
162.054	0.965577	3.61804
162.202	0.965584	3.61807
162.35	0.965591	3.61811
162.499	0.965599	3.61814
162.647	0.965606	3.61818
162.795	0.965613	3.61821
162.943	0.96562	3.61825
163.091	0.965627	3.61828
163.239	0.965634	3.61832
163.387	0.965641	3.61835
163.535	0.965649	3.61839
163.684	0.965656	3.61842
163.832	0.965663	3.61846
163.98	0.96567	3.61849
164.128	0.965677	3.61853
164.276	0.965684	3.61856
164.424	0.965691	3.6186
164.572	0.965699	3.61863
164.72	0.965706	3.61867
164.869	0.965713	3.6187
165.017	0.96572	3.61874
165.165	0.965727	3.61877
165.313	0.965734	3.61881
165.461	0.965741	3.61884
165.609	0.965748	3.61888
165.757	0.965756	3.61891
165.906	0.965763	3.61895
166.054	0.96577	3.61898
166.202	0.965777	3.61902
166.35	0.965784	3.61905
166.498	0.965791	3.61908
166.646	0.965798	3.61912
166.794	0.965805	3.61915
166.942	0.965813	3.61919
167.091	0.96582	3.61922
167.239	0.965827	3.61926
167.387	0.965834	3.61929
167.535	0.965841	3.61933
167.683	0.965848	3.61936
167.831	0.965855	3.6194
167.979	0.965862	3.61943
168.127	0.965869	3.61947
168.276	0.965876	3.6195
168.424	0.965884	3.61954
168.572	0.965891	3.61957
168.72	0.965898	3.61961
168.868	0.965905	3.61964
169.016	0.965912	3.61968
169.164	0.965919	3.61971
169.312	0.965926	3.61975
169.461	0.965933	3.61978
169.609	0.96594	3.61982
169.757	0.965947	3.61985
169.905	0.965954	3.61989
170.053	0.965961	3.61992
170.201	0.965969	3.61996
170.349	0.965976	3.61999
170.498	0.965983	3.62003
170.646	0.96599	3.62006
170.794	0.965997	3.6201
170.942	0.966004	3.62013
171.09	0.966011	3.62017
171.238	0.966018	3.6202
171.386	0.966025	3.62024
171.534	0.966032	3.62027
171.683	0.966039	3.62031
171.831	0.966046	3.62034
171.979	0.966053	3.62038
172.127	0.96606	3.62041
172.275	0.966067	3.62045
172.423	0.966074	3.62048
172.571	0.966081	3.62052
172.719	0.966088	3.62055
172.868	0.966096	3.62059
173.016	0.966103	3.62062
173.164	0.96611	3.62066
173.312	0.966117	3.62069
173.46	0.966124	3.62073
173.608	0.966131	3.62076
173.756	0.966138	3.6208
173.904	0.966145	3.62083
174.053	0.966152	3.62087
174.201	0.966159	3.6209
174.349	0.966166	3.62094
174.497	0.966173	3.62097
174.645	0.96618	3.621
174.793	0.966187	3.62104
174.941	0.966194	3.62107
175.089	0.966201	3.62111
175.238	0.966208	3.62114
175.386	0.966215	3.62118
175.534	0.966222	3.62121
175.682	0.966229	3.62125
175.83	0.966236	3.62128
175.978	0.966243	3.62132
176.126	0.96625	3.62135
176.275	0.966257	3.62139
176.423	0.966264	3.62142
176.571	0.966271	3.62146
176.719	0.966278	3.62149
176.867	0.966285	3.62153
177.015	0.966292	3.62156
177.163	0.966299	3.6216
177.311	0.966306	3.62163
177.46	0.966313	3.62167
177.608	0.96632	3.6217
177.756	0.966327	3.62174
177.904	0.966334	3.62177
178.052	0.966341	3.62181
178.2	0.966348	3.62184
178.348	0.966355	3.62188
178.496	0.966362	3.62191
178.645	0.966369	3.62195
178.793	0.966376	3.62198
178.941	0.966383	3.62202
179.089	0.96639	3.62205
179.237	0.966397	3.62208
179.385	0.966404	3.62212
179.533	0.966411	3.62215
179.681	0.966418	3.62219
179.83	0.966425	3.62222
179.978	0.966432	3.62226
180.126	0.966438	3.62229
180.274	0.966445	3.62233
180.422	0.966452	3.62236
180.57	0.966459	3.6224
180.718	0.966466	3.62243
180.867	0.966473	3.62247
181.015	0.96648	3.6225
181.163	0.966487	3.62254
181.311	0.966494	3.62257
181.459	0.966501	3.62261
181.607	0.966508	3.62264
181.755	0.966515	3.62268
181.903	0.966522	3.62271
182.052	0.966529	3.62275
182.2	0.966536	3.62278
182.348	0.966543	3.62282
182.496	0.96655	3.62285
182.644	0.966557	3.62289
182.792	0.966563	3.62292
182.94	0.96657	3.62295
183.088	0.966577	3.62299
183.237	0.966584	3.62302
183.385	0.966591	3.62306
183.533	0.966598	3.62309
183.681	0.966605	3.62313
183.829	0.966612	3.62316
183.977	0.966619	3.6232
184.125	0.966626	3.62323
184.273	0.966633	3.62327
184.422	0.96664	3.6233
184.57	0.966647	3.62334
184.718	0.966653	3.62337
184.866	0.96666	3.62341
185.014	0.966667	3.62344
185.162	0.966674	3.62348
185.31	0.966681	3.62351
185.458	0.966688	3.62355
185.607	0.966695	3.62358
185.755	0.966702	3.62361
185.903	0.966709	3.62365
186.051	0.966716	3.62368
186.199	0.966722	3.62372
186.347	0.966729	3.62375
186.495	0.966736	3.62379
186.644	0.966743	3.62382
186.792	0.96675	3.62386
186.94	0.966757	3.62389
187.088	0.966764	3.62393
187.236	0.966771	3.62396
187.384	0.966778	3.624
187.532	0.966784	3.62403
187.68	0.966791	3.62407
187.829	0.966798	3.6241
187.977	0.966805	3.62414
188.125	0.966812	3.62417
188.273	0.966819	3.62421
188.421	0.966826	3.62424
188.569	0.966832	3.62427
188.717	0.966839	3.62431
188.865	0.966846	3.62434
189.014	0.966853	3.62438
189.162	0.96686	3.62441
189.31	0.966867	3.62445
189.458	0.966874	3.62448
189.606	0.966881	3.62452
189.754	0.966887	3.62455
189.902	0.966894	3.62459
190.05	0.966901	3.62462
190.199	0.966908	3.62466
190.347	0.966915	3.62469
190.495	0.966922	3.62473
190.643	0.966928	3.62476
190.791	0.966935	3.62479
190.939	0.966942	3.62483
191.087	0.966949	3.62486
191.236	0.966956	3.6249
191.384	0.966963	3.62493
191.532	0.966969	3.62497
191.68	0.966976	3.625
191.828	0.966983	3.62504
191.976	0.96699	3.62507
192.124	0.966997	3.62511
192.272	0.967004	3.62514
192.421	0.96701	3.62518
192.569	0.967017	3.62521
192.717	0.967024	3.62525
192.865	0.967031	3.62528
193.013	0.967038	3.62531
193.161	0.967045	3.62535
193.309	0.967051	3.62538
193.457	0.967058	3.62542
193.606	0.967065	3.62545
193.754	0.967072	3.62549
193.902	0.967079	3.62552
194.05	0.967085	3.62556
194.198	0.967092	3.62559
194.346	0.967099	3.62563
194.494	0.967106	3.62566
194.642	0.967113	3.6257
194.791	0.967119	3.62573
194.939	0.967126	3.62577
195.087	0.967133	3.6258
195.235	0.96714	3.62583
195.383	0.967147	3.62587
195.531	0.967153	3.6259
195.679	0.96716	3.62594
195.827	0.967167	3.62597
195.976	0.967174	3.62601
196.124	0.967181	3.62604
196.272	0.967187	3.62608
196.42	0.967194	3.62611
196.568	0.967201	3.62615
196.716	0.967208	3.62618
196.864	0.967214	3.62622
197.013	0.967221	3.62625
197.161	0.967228	3.62628
197.309	0.967235	3.62632
197.457	0.967242	3.62635
197.605	0.967248	3.62639
197.753	0.967255	3.62642
197.901	0.967262	3.62646
198.049	0.967269	3.62649
198.198	0.967275	3.62653
198.346	0.967282	3.62656
198.494	0.967289	3.6266
198.642	0.967296	3.62663
198.79	0.967302	3.62667
198.938	0.967309	3.6267
199.086	0.967316	3.62673
199.234	0.967323	3.62677
199.383	0.967329	3.6268
199.531	0.967336	3.62684
199.679	0.967343	3.62687
199.827	0.96735	3.62691
199.975	0.967356	3.62694
200.123	0.967363	3.62698
200.271	0.96737	3.62701
200.419	0.967377	3.62705
200.568	0.967383	3.62708
200.716	0.96739	3.62711
200.864	0.967397	3.62715
201.012	0.967404	3.62718
201.16	0.96741	3.62722
201.308	0.967417	3.62725
201.456	0.967424	3.62729
201.605	0.967431	3.62732
201.753	0.967437	3.62736
201.901	0.967444	3.62739
202.049	0.967451	3.62743
202.197	0.967457	3.62746
202.345	0.967464	3.6275
202.493	0.967471	3.62753
202.641	0.967478	3.62756
202.79	0.967484	3.6276
202.938	0.967491	3.62763
203.086	0.967498	3.62767
203.234	0.967504	3.6277
203.382	0.967511	3.62774
203.53	0.967518	3.62777
203.678	0.967525	3.62781
203.826	0.967531	3.62784
203.975	0.967538	3.62788
204.123	0.967545	3.62791
204.271	0.967551	3.62794
204.419	0.967558	3.62798
204.567	0.967565	3.62801
204.715	0.967572	3.62805
204.863	0.967578	3.62808
205.011	0.967585	3.62812
205.16	0.967592	3.62815
205.308	0.967598	3.62819
205.456	0.967605	3.62822
205.604	0.967612	3.62825
205.752	0.967618	3.62829
205.9	0.967625	3.62832
206.048	0.967632	3.62836
206.196	0.967638	3.62839
206.345	0.967645	3.62843
206.493	0.967652	3.62846
206.641	0.967658	3.6285
206.789	0.967665	3.62853
206.937	0.967672	3.62857
207.085	0.967678	3.6286
207.233	0.967685	3.62863
207.382	0.967692	3.62867
207.53	0.967698	3.6287
207.678	0.967705	3.62874
207.826	0.967712	3.62877
207.974	0.967718	3.62881
208.122	0.967725	3.62884
208.27	0.967732	3.62888
208.418	0.967738	3.62891
208.567	0.967745	3.62894
208.715	0.967752	3.62898
208.863	0.967758	3.62901
209.011	0.967765	3.62905
209.159	0.967772	3.62908
209.307	0.967778	3.62912
209.455	0.967785	3.62915
209.603	0.967792	3.62919
209.752	0.967798	3.62922
209.9	0.967805	3.62926
210.048	0.967812	3.62929
210.196	0.967818	3.62932
210.344	0.967825	3.62936
210.492	0.967831	3.62939
210.64	0.967838	3.62943
210.788	0.967845	3.62946
210.937	0.967851	3.6295
211.085	0.967858	3.62953
211.233	0.967865	3.62957
211.381	0.967871	3.6296
211.529	0.967878	3.62963
211.677	0.967884	3.62967
211.825	0.967891	3.6297
211.974	0.967898	3.62974
212.122	0.967904	3.62977
212.27	0.967911	3.62981
212.418	0.967918	3.62984
212.566	0.967924	3.62988
212.714	0.967931	3.62991
212.862	0.967937	3.62994
213.01	0.967944	3.62998
213.159	0.967951	3.63001
213.307	0.967957	3.63005
213.455	0.967964	3.63008
213.603	0.96797	3.63012
213.751	0.967977	3.63015
213.899	0.967984	3.63019
214.047	0.96799	3.63022
214.195	0.967997	3.63025
214.344	0.968003	3.63029
214.492	0.96801	3.63032
214.64	0.968017	3.63036
214.788	0.968023	3.63039
214.936	0.96803	3.63043
215.084	0.968036	3.63046
215.232	0.968043	3.6305
215.38	0.96805	3.63053
215.529	0.968056	3.63056
215.677	0.968063	3.6306
215.825	0.968069	3.63063
215.973	0.968076	3.63067
216.121	0.968082	3.6307
216.269	0.968089	3.63074
216.417	0.968096	3.63077
216.565	0.968102	3.6308
216.714	0.968109	3.63084
216.862	0.968115	3.63087
217.01	0.968122	3.63091
217.158	0.968129	3.63094
217.306	0.968135	3.63098
217.454	0.968142	3.63101
217.602	0.968148	3.63105
217.751	0.968155	3.63108
217.899	0.968161	3.63111
218.047	0.968168	3.63115
218.195	0.968174	3.63118
218.343	0.968181	3.63122
218.491	0.968188	3.63125
218.639	0.968194	3.63129
218.787	0.968201	3.63132
218.936	0.968207	3.63136
219.084	0.968214	3.63139
219.232	0.96822	3.63142
219.38	0.968227	3.63146
219.528	0.968233	3.63149
219.676	0.96824	3.63153
219.824	0.968246	3.63156
219.972	0.968253	3.6316
220.121	0.96826	3.63163
220.269	0.968266	3.63166
220.417	0.968273	3.6317
220.565	0.968279	3.63173
220.713	0.968286	3.63177
220.861	0.968292	3.6318
221.009	0.968299	3.63184
221.157	0.968305	3.63187
221.306	0.968312	3.6319
221.454	0.968318	3.63194
221.602	0.968325	3.63197
221.75	0.968331	3.63201
221.898	0.968338	3.63204
222.046	0.968344	3.63208
222.194	0.968351	3.63211
222.343	0.968357	3.63215
222.491	0.968364	3.63218
222.639	0.96837	3.63221
222.787	0.968377	3.63225
222.935	0.968384	3.63228
223.083	0.96839	3.63232
223.231	0.968397	3.63235
223.379	0.968403	3.63239
223.528	0.96841	3.63242
223.676	0.968416	3.63245
223.824	0.968423	3.63249
223.972	0.968429	3.63252
224.12	0.968436	3.63256
224.268	0.968442	3.63259
224.416	0.968449	3.63263
224.564	0.968455	3.63266
224.713	0.968462	3.63269
224.861	0.968468	3.63273
225.009	0.968475	3.63276
225.157	0.968481	3.6328
225.305	0.968487	3.63283
225.453	0.968494	3.63287
225.601	0.9685	3.6329
225.749	0.968507	3.63293
225.898	0.968513	3.63297
226.046	0.96852	3.633
226.194	0.968526	3.63304
226.342	0.968533	3.63307
226.49	0.968539	3.63311
226.638	0.968546	3.63314
226.786	0.968552	3.63317
226.935	0.968559	3.63321
227.083	0.968565	3.63324
227.231	0.968572	3.63328
227.379	0.968578	3.63331
227.527	0.968585	3.63335
227.675	0.968591	3.63338
227.823	0.968598	3.63341
227.971	0.968604	3.63345
228.12	0.96861	3.63348
228.268	0.968617	3.63352
228.416	0.968623	3.63355
228.564	0.96863	3.63359
228.712	0.968636	3.63362
228.86	0.968643	3.63365
229.008	0.968649	3.63369
229.156	0.968656	3.63372
229.305	0.968662	3.63376
229.453	0.968669	3.63379
229.601	0.968675	3.63383
229.749	0.968681	3.63386
229.897	0.968688	3.63389
230.045	0.968694	3.63393
230.193	0.968701	3.63396
230.341	0.968707	3.634
230.49	0.968714	3.63403
230.638	0.96872	3.63407
230.786	0.968726	3.6341
230.934	0.968733	3.63413
231.082	0.968739	3.63417
231.23	0.968746	3.6342
231.378	0.968752	3.63424
231.526	0.968759	3.63427
231.675	0.968765	3.63431
231.823	0.968771	3.63434
231.971	0.968778	3.63437
232.119	0.968784	3.63441
232.267	0.968791	3.63444
232.415	0.968797	3.63448
232.563	0.968804	3.63451
232.712	0.96881	3.63455
232.86	0.968816	3.63458
233.008	0.968823	3.63461
233.156	0.968829	3.63465
233.304	0.968836	3.63468
233.452	0.968842	3.63472
233.6	0.968848	3.63475
233.748	0.968855	3.63478
233.897	0.968861	3.63482
234.045	0.968868	3.63485
234.193	0.968874	3.63489
234.341	0.96888	3.63492
234.489	0.968887	3.63496
234.637	0.968893	3.63499
234.785	0.9689	3.63502
234.933	0.968906	3.63506
235.082	0.968912	3.63509
235.23	0.968919	3.63513
235.378	0.968925	3.63516
235.526	0.968932	3.6352
235.674	0.968938	3.63523
235.822	0.968944	3.63526
235.97	0.968951	3.6353
236.118	0.968957	3.63533
236.267	0.968963	3.63537
236.415	0.96897	3.6354
236.563	0.968976	3.63543
236.711	0.968983	3.63547
236.859	0.968989	3.6355
237.007	0.968995	3.63554
237.155	0.969002	3.63557
237.304	0.969008	3.63561
237.452	0.969014	3.63564
237.6	0.969021	3.63567
237.748	0.969027	3.63571
237.896	0.969034	3.63574
238.044	0.96904	3.63578
238.192	0.969046	3.63581
238.34	0.969053	3.63584
238.489	0.969059	3.63588
238.637	0.969065	3.63591
238.785	0.969072	3.63595
238.933	0.969078	3.63598
239.081	0.969084	3.63602
239.229	0.969091	3.63605
239.377	0.969097	3.63608
239.525	0.969103	3.63612
239.674	0.96911	3.63615
239.822	0.969116	3.63619
239.97	0.969123	3.63622
240.118	0.969129	3.63625
240.266	0.969135	3.63629
240.414	0.969142	3.63632
240.562	0.969148	3.63636
240.71	0.969154	3.63639
240.859	0.969161	3.63643
241.007	0.969167	3.63646
241.155	0.969173	3.63649
241.303	0.96918	3.63653
241.451	0.969186	3.63656
241.599	0.969192	3.6366
241.747	0.969199	3.63663
241.895	0.969205	3.63666
242.044	0.969211	3.6367
242.192	0.969218	3.63673
242.34	0.969224	3.63677
242.488	0.96923	3.6368
242.636	0.969236	3.63684
242.784	0.969243	3.63687
242.932	0.969249	3.6369
243.081	0.969255	3.63694
243.229	0.969262	3.63697
243.377	0.969268	3.63701
243.525	0.969274	3.63704
243.673	0.969281	3.63707
243.821	0.969287	3.63711
243.969	0.969293	3.63714
244.117	0.9693	3.63718
244.266	0.969306	3.63721
244.414	0.969312	3.63724
244.562	0.969319	3.63728
244.71	0.969325	3.63731
244.858	0.969331	3.63735
245.006	0.969337	3.63738
245.154	0.969344	3.63742
245.302	0.96935	3.63745
245.451	0.969356	3.63748
245.599	0.969363	3.63752
245.747	0.969369	3.63755
245.895	0.969375	3.63759
246.043	0.969381	3.63762
246.191	0.969388	3.63765
246.339	0.969394	3.63769
246.487	0.9694	3.63772
246.636	0.969407	3.63776
246.784	0.969413	3.63779
246.932	0.969419	3.63782
247.08	0.969425	3.63786
247.228	0.969432	3.63789
247.376	0.969438	3.63793
247.524	0.969444	3.63796
247.673	0.969451	3.638
247.821	0.969457	3.63803
247.969	0.969463	3.63806
248.117	0.969469	3.6381
248.265	0.969476	3.63813
248.413	0.969482	3.63817
248.561	0.969488	3.6382
248.709	0.969494	3.63823
248.858	0.969501	3.63827
249.006	0.969507	3.6383
249.154	0.969513	3.63834
249.302	0.969519	3.63837
249.45	0.969526	3.6384
249.598	0.969532	3.63844
249.746	0.969538	3.63847
249.894	0.969544	3.63851
250.043	0.969551	3.63854
250.191	0.969557	3.63857
250.339	0.969563	3.63861
250.487	0.969569	3.63864
250.635	0.969576	3.63868
250.783	0.969582	3.63871
250.931	0.969588	3.63874
251.079	0.969594	3.63878
251.228	0.969601	3.63881
251.376	0.969607	3.63885
251.524	0.969613	3.63888
251.672	0.969619	3.63891
251.82	0.969626	3.63895
251.968	0.969632	3.63898
252.116	0.969638	3.63902
252.264	0.969644	3.63905
252.413	0.96965	3.63908
252.561	0.969657	3.63912
252.709	0.969663	3.63915
252.857	0.969669	3.63919
253.005	0.969675	3.63922
253.153	0.969682	3.63925
253.301	0.969688	3.63929
253.45	0.969694	3.63932
253.598	0.9697	3.63936
253.746	0.969706	3.63939
253.894	0.969713	3.63943
254.042	0.969719	3.63946
254.19	0.969725	3.63949
254.338	0.969731	3.63953
254.486	0.969737	3.63956
254.635	0.969744	3.6396
254.783	0.96975	3.63963
254.931	0.969756	3.63966
255.079	0.969762	3.6397
255.227	0.969769	3.63973
255.375	0.969775	3.63977
255.523	0.969781	3.6398
255.671	0.969787	3.63983
255.82	0.969793	3.63987
255.968	0.969799	3.6399
256.116	0.969806	3.63994
256.264	0.969812	3.63997
256.412	0.969818	3.64
256.56	0.969824	3.64004
256.708	0.96983	3.64007
256.856	0.969837	3.64011
257.005	0.969843	3.64014
257.153	0.969849	3.64017
257.301	0.969855	3.64021
257.449	0.969861	3.64024
257.597	0.969868	3.64028
257.745	0.969874	3.64031
257.893	0.96988	3.64034
258.042	0.969886	3.64038
258.19	0.969892	3.64041
258.338	0.969898	3.64044
258.486	0.969905	3.64048
258.634	0.969911	3.64051
258.782	0.969917	3.64055
258.93	0.969923	3.64058
259.078	0.969929	3.64061
259.227	0.969935	3.64065
259.375	0.969942	3.64068
259.523	0.969948	3.64072
259.671	0.969954	3.64075
259.819	0.96996	3.64078
259.967	0.969966	3.64082
260.115	0.969972	3.64085
260.263	0.969979	3.64089
260.412	0.969985	3.64092
260.56	0.969991	3.64095
260.708	0.969997	3.64099
260.856	0.970003	3.64102
261.004	0.970009	3.64106
261.152	0.970015	3.64109
261.3	0.970022	3.64112
261.448	0.970028	3.64116
261.597	0.970034	3.64119
261.745	0.97004	3.64123
261.893	0.970046	3.64126
262.041	0.970052	3.64129
262.189	0.970058	3.64133
262.337	0.970065	3.64136
262.485	0.970071	3.6414
262.633	0.970077	3.64143
262.782	0.970083	3.64146
262.93	0.970089	3.6415
263.078	0.970095	3.64153
263.226	0.970101	3.64157
263.374	0.970107	3.6416
263.522	0.970114	3.64163
263.67	0.97012	3.64167
263.819	0.970126	3.6417
263.967	0.970132	3.64173
264.115	0.970138	3.64177
264.263	0.970144	3.6418
264.411	0.97015	3.64184
264.559	0.970156	3.64187
264.707	0.970163	3.6419
264.855	0.970169	3.64194
265.004	0.970175	3.64197
265.152	0.970181	3.64201
265.3	0.970187	3.64204
265.448	0.970193	3.64207
265.596	0.970199	3.64211
265.744	0.970205	3.64214
265.892	0.970211	3.64218
266.04	0.970218	3.64221
266.189	0.970224	3.64224
266.337	0.97023	3.64228
266.485	0.970236	3.64231
266.633	0.970242	3.64235
266.781	0.970248	3.64238
266.929	0.970254	3.64241
267.077	0.97026	3.64245
267.225	0.970266	3.64248
267.374	0.970272	3.64251
267.522	0.970278	3.64255
267.67	0.970285	3.64258
267.818	0.970291	3.64262
267.966	0.970297	3.64265
268.114	0.970303	3.64268
268.262	0.970309	3.64272
268.411	0.970315	3.64275
268.559	0.970321	3.64279
268.707	0.970327	3.64282
268.855	0.970333	3.64285
269.003	0.970339	3.64289
269.151	0.970345	3.64292
269.299	0.970351	3.64296
269.447	0.970357	3.64299
269.596	0.970364	3.64302
269.744	0.97037	3.64306
269.892	0.970376	3.64309
270.04	0.970382	3.64312
270.188	0.970388	3.64316
270.336	0.970394	3.64319
270.484	0.9704	3.64323
270.632	0.970406	3.64326
270.781	0.970412	3.64329
270.929	0.970418	3.64333
271.077	0.970424	3.64336
271.225	0.97043	3.6434
271.373	0.970436	3.64343
271.521	0.970442	3.64346
271.669	0.970448	3.6435
271.817	0.970454	3.64353
271.966	0.970461	3.64356
272.114	0.970467	3.6436
272.262	0.970473	3.64363
272.41	0.970479	3.64367
272.558	0.970485	3.6437
272.706	0.970491	3.64373
272.854	0.970497	3.64377
273.002	0.970503	3.6438
273.151	0.970509	3.64384
273.299	0.970515	3.64387
273.447	0.970521	3.6439
273.595	0.970527	3.64394
273.743	0.970533	3.64397
273.891	0.970539	3.644
274.039	0.970545	3.64404
274.188	0.970551	3.64407
274.336	0.970557	3.64411
274.484	0.970563	3.64414
274.632	0.970569	3.64417
274.78	0.970575	3.64421
274.928	0.970581	3.64424
275.076	0.970587	3.64427
275.224	0.970593	3.64431
275.373	0.970599	3.64434
275.521	0.970605	3.64438
275.669	0.970611	3.64441
275.817	0.970617	3.64444
275.965	0.970623	3.64448
276.113	0.970629	3.64451
276.261	0.970635	3.64455
276.409	0.970641	3.64458
276.558	0.970647	3.64461
276.706	0.970653	3.64465
276.854	0.970659	3.64468
277.002	0.970665	3.64471
277.15	0.970671	3.64475
277.298	0.970677	3.64478
277.446	0.970683	3.64482
277.594	0.970689	3.64485
277.743	0.970695	3.64488
277.891	0.970701	3.64492
278.039	0.970707	3.64495
278.187	0.970713	3.64498
278.335	0.970719	3.64502
278.483	0.970725	3.64505
278.631	0.970731	3.64509
278.78	0.970737	3.64512
278.928	0.970743	3.64515
279.076	0.970749	3.64519
279.224	0.970755	3.64522
279.372	0.970761	3.64525
279.52	0.970767	3.64529
279.668	0.970773	3.64532
279.816	0.970779	3.64536
279.965	0.970785	3.64539
280.113	0.970791	3.64542
280.261	0.970797	3.64546
280.409	0.970803	3.64549
280.557	0.970809	3.64552
280.705	0.970815	3.64556
280.853	0.970821	3.64559
281.001	0.970827	3.64563
281.15	0.970833	3.64566
281.298	0.970839	3.64569
281.446	0.970845	3.64573
281.594	0.970851	3.64576
281.742	0.970857	3.64579
281.89	0.970863	3.64583
282.038	0.970869	3.64586
282.186	0.970875	3.6459
282.335	0.970881	3.64593
282.483	0.970887	3.64596
282.631	0.970893	3.646
282.779	0.970899	3.64603
282.927	0.970904	3.64606
283.075	0.97091	3.6461
283.223	0.970916	3.64613
283.371	0.970922	3.64617
283.52	0.970928	3.6462
283.668	0.970934	3.64623
283.816	0.97094	3.64627
283.964	0.970946	3.6463
284.112	0.970952	3.64633
284.26	0.970958	3.64637
284.408	0.970964	3.6464
284.557	0.97097	3.64644
284.705	0.970976	3.64647
284.853	0.970982	3.6465
285.001	0.970988	3.64654
285.149	0.970994	3.64657
285.297	0.971	3.6466
285.445	0.971005	3.64664
285.593	0.971011	3.64667
285.742	0.971017	3.64671
285.89	0.971023	3.64674
286.038	0.971029	3.64677
286.186	0.971035	3.64681
286.334	0.971041	3.64684
286.482	0.971047	3.64687
286.63	0.971053	3.64691
286.778	0.971059	3.64694
286.927	0.971065	3.64698
287.075	0.971071	3.64701
287.223	0.971077	3.64704
287.371	0.971082	3.64708
287.519	0.971088	3.64711
287.667	0.971094	3.64714
287.815	0.9711	3.64718
287.963	0.971106	3.64721
288.112	0.971112	3.64724
288.26	0.971118	3.64728
288.408	0.971124	3.64731
288.556	0.97113	3.64735
288.704	0.971136	3.64738
288.852	0.971142	3.64741
289	0.971147	3.64745
289.149	0.971153	3.64748
289.297	0.971159	3.64751
289.445	0.971165	3.64755
289.593	0.971171	3.64758
289.741	0.971177	3.64762
289.889	0.971183	3.64765
290.037	0.971189	3.64768
290.185	0.971195	3.64772
290.334	0.9712	3.64775
290.482	0.971206	3.64778
290.63	0.971212	3.64782
290.778	0.971218	3.64785
290.926	0.971224	3.64788
291.074	0.97123	3.64792
291.222	0.971236	3.64795
291.37	0.971242	3.64799
291.519	0.971248	3.64802
291.667	0.971253	3.64805
291.815	0.971259	3.64809
291.963	0.971265	3.64812
292.111	0.971271	3.64815
292.259	0.971277	3.64819
292.407	0.971283	3.64822
292.555	0.971289	3.64825
292.704	0.971294	3.64829
292.852	0.9713	3.64832
293	0.971306	3.64836
293.148	0.971312	3.64839
293.296	0.971318	3.64842
293.444	0.971324	3.64846
293.592	0.97133	3.64849
293.741	0.971336	3.64852
293.889	0.971341	3.64856
294.037	0.971347	3.64859
294.185	0.971353	3.64862
294.333	0.971359	3.64866
294.481	0.971365	3.64869
294.629	0.971371	3.64873
294.777	0.971377	3.64876
294.926	0.971382	3.64879
295.074	0.971388	3.64883
295.222	0.971394	3.64886
295.37	0.9714	3.64889
295.518	0.971406	3.64893
295.666	0.971412	3.64896
295.814	0.971417	3.64899
295.962	0.971423	3.64903
296.111	0.971429	3.64906
296.259	0.971435	3.6491
296.407	0.971441	3.64913
296.555	0.971447	3.64916
296.703	0.971452	3.6492
296.851	0.971458	3.64923
296.999	0.971464	3.64926
297.147	0.97147	3.6493
297.296	0.971476	3.64933
297.444	0.971482	3.64936
297.592	0.971487	3.6494
297.74	0.971493	3.64943
297.888	0.971499	3.64947
298.036	0.971505	3.6495
298.184	0.971511	3.64953
298.332	0.971517	3.64957
298.481	0.971522	3.6496
298.629	0.971528	3.64963
298.777	0.971534	3.64967
298.925	0.97154	3.6497
299.073	0.971546	3.64973
299.221	0.971551	3.64977
299.369	0.971557	3.6498
299.518	0.971563	3.64983
299.666	0.971569	3.64987
299.814	0.971575	3.6499
299.962	0.97158	3.64994
300.11	0.971586	3.64997
300.258	0.971592	3.65
300.406	0.971598	3.65004
300.554	0.971604	3.65007
300.703	0.971609	3.6501
300.851	0.971615	3.65014
300.999	0.971621	3.65017
301.147	0.971627	3.6502
301.295	0.971633	3.65024
301.443	0.971638	3.65027
301.591	0.971644	3.6503
301.739	0.97165	3.65034
301.888	0.971656	3.65037
302.036	0.971662	3.65041
302.184	0.971667	3.65044
302.332	0.971673	3.65047
302.48	0.971679	3.65051
302.628	0.971685	3.65054
302.776	0.971691	3.65057
302.924	0.971696	3.65061
303.073	0.971702	3.65064
303.221	0.971708	3.65067
303.369	0.971714	3.65071
303.517	0.971719	3.65074
303.665	0.971725	3.65077
303.813	0.971731	3.65081
303.961	0.971737	3.65084
304.11	0.971743	3.65087
304.258	0.971748	3.65091
304.406	0.971754	3.65094
304.554	0.97176	3.65098
304.702	0.971766	3.65101
304.85	0.971771	3.65104
304.998	0.971777	3.65108
305.146	0.971783	3.65111
305.295	0.971789	3.65114
305.443	0.971794	3.65118
305.591	0.9718	3.65121
305.739	0.971806	3.65124
305.887	0.971812	3.65128
306.035	0.971817	3.65131
306.183	0.971823	3.65134
306.331	0.971829	3.65138
306.48	0.971835	3.65141
306.628	0.97184	3.65144
306.776	0.971846	3.65148
306.924	0.971852	3.65151
307.072	0.971858	3.65155
307.22	0.971863	3.65158
307.368	0.971869	3.65161
307.516	0.971875	3.65165
307.665	0.971881	3.65168
307.813	0.971886	3.65171
307.961	0.971892	3.65175
308.109	0.971898	3.65178
308.257	0.971904	3.65181
308.405	0.971909	3.65185
308.553	0.971915	3.65188
308.701	0.971921	3.65191
308.85	0.971927	3.65195
308.998	0.971932	3.65198
309.146	0.971938	3.65201
309.294	0.971944	3.65205
309.442	0.971949	3.65208
309.59	0.971955	3.65212
309.738	0.971961	3.65215
309.887	0.971967	3.65218
310.035	0.971972	3.65222
310.183	0.971978	3.65225
310.331	0.971984	3.65228
310.479	0.97199	3.65232
310.627	0.971995	3.65235
310.775	0.972001	3.65238
310.923	0.972007	3.65242
311.072	0.972012	3.65245
311.22	0.972018	3.65248
311.368	0.972024	3.65252
311.516	0.972029	3.65255
311.664	0.972035	3.65258
311.812	0.972041	3.65262
311.96	0.972047	3.65265
312.108	0.972052	3.65268
312.257	0.972058	3.65272
312.405	0.972064	3.65275
312.553	0.972069	3.65278
312.701	0.972075	3.65282
312.849	0.972081	3.65285
312.997	0.972087	3.65289
313.145	0.972092	3.65292
313.293	0.972098	3.65295
313.442	0.972104	3.65299
313.59	0.972109	3.65302
313.738	0.972115	3.65305
313.886	0.972121	3.65309
314.034	0.972126	3.65312
314.182	0.972132	3.65315
314.33	0.972138	3.65319
314.479	0.972143	3.65322
314.627	0.972149	3.65325
314.775	0.972155	3.65329
314.923	0.97216	3.65332
315.071	0.972166	3.65335
315.219	0.972172	3.65339
315.367	0.972178	3.65342
315.515	0.972183	3.65345
315.664	0.972189	3.65349
315.812	0.972195	3.65352
315.96	0.9722	3.65355
316.108	0.972206	3.65359
316.256	0.972212	3.65362
316.404	0.972217	3.65365
316.552	0.972223	3.65369
316.7	0.972229	3.65372
316.849	0.972234	3.65375
316.997	0.97224	3.65379
317.145	0.972246	3.65382
317.293	0.972251	3.65385
317.441	0.972257	3.65389
317.589	0.972263	3.65392
317.737	0.972268	3.65396
317.885	0.972274	3.65399
318.034	0.97228	3.65402
318.182	0.972285	3.65406
318.33	0.972291	3.65409
318.478	0.972296	3.65412
318.626	0.972302	3.65416
318.774	0.972308	3.65419
318.922	0.972313	3.65422
319.07	0.972319	3.65426
319.219	0.972325	3.65429
319.367	0.97233	3.65432
319.515	0.972336	3.65436
319.663	0.972342	3.65439
319.811	0.972347	3.65442
319.959	0.972353	3.65446
320.107	0.972359	3.65449
320.256	0.972364	3.65452
320.404	0.97237	3.65456
320.552	0.972375	3.65459
320.7	0.972381	3.65462
320.848	0.972387	3.65466
320.996	0.972392	3.65469
321.144	0.972398	3.65472
321.292	0.972404	3.65476
321.441	0.972409	3.65479
321.589	0.972415	3.65482
321.737	0.972421	3.65486
321.885	0.972426	3.65489
322.033	0.972432	3.65492
322.181	0.972437	3.65496
322.329	0.972443	3.65499
322.477	0.972449	3.65502
322.626	0.972454	3.65506
322.774	0.97246	3.65509
322.922	0.972465	3.65512
323.07	0.972471	3.65516
323.218	0.972477	3.65519
323.366	0.972482	3.65522
323.514	0.972488	3.65526
323.662	0.972494	3.65529
323.811	0.972499	3.65532
323.959	0.972505	3.65536
324.107	0.97251	3.65539
324.255	0.972516	3.65542
324.403	0.972522	3.65546
324.551	0.972527	3.65549
324.699	0.972533	3.65552
324.848	0.972538	3.65556
324.996	0.972544	3.65559
325.144	0.97255	3.65562
325.292	0.972555	3.65566
325.44	0.972561	3.65569
325.588	0.972566	3.65572
325.736	0.972572	3.65576
325.884	0.972578	3.65579
326.033	0.972583	3.65582
326.181	0.972589	3.65586
326.329	0.972594	3.65589
326.477	0.9726	3.65592
326.625	0.972606	3.65596
326.773	0.972611	3.65599
326.921	0.972617	3.65602
327.069	0.972622	3.65606
327.218	0.972628	3.65609
327.366	0.972633	3.65612
327.514	0.972639	3.65616
327.662	0.972645	3.65619
327.81	0.97265	3.65622
327.958	0.972656	3.65626
328.106	0.972661	3.65629
328.254	0.972667	3.65632
328.403	0.972672	3.65636
328.551	0.972678	3.65639
328.699	0.972684	3.65642
328.847	0.972689	3.65646
328.995	0.972695	3.65649
329.143	0.9727	3.65652
329.291	0.972706	3.65656
329.439	0.972711	3.65659
329.588	0.972717	3.65662
329.736	0.972723	3.65666
329.884	0.972728	3.65669
330.032	0.972734	3.65672
330.18	0.972739	3.65676
330.328	0.972745	3.65679
330.476	0.97275	3.65682
330.625	0.972756	3.65686
330.773	0.972761	3.65689
330.921	0.972767	3.65692
331.069	0.972773	3.65696
331.217	0.972778	3.65699
331.365	0.972784	3.65702
331.513	0.972789	3.65706
331.661	0.972795	3.65709
331.81	0.9728	3.65712
331.958	0.972806	3.65716
332.106	0.972811	3.65719
332.254	0.972817	3.65722
332.402	0.972822	3.65726
332.55	0.972828	3.65729
332.698	0.972834	3.65732
332.846	0.972839	3.65736
332.995	0.972845	3.65739
333.143	0.97285	3.65742
333.291	0.972856	3.65746
333.439	0.972861	3.65749
333.587	0.972867	3.65752
333.735	0.972872	3.65756
333.883	0.972878	3.65759
334.031	0.972883	3.65762
334.18	0.972889	3.65766
334.328	0.972894	3.65769
334.476	0.9729	3.65772
334.624	0.972905	3.65776
334.772	0.972911	3.65779
334.92	0.972916	3.65782
335.068	0.972922	3.65786
335.217	0.972928	3.65789
335.365	0.972933	3.65792
335.513	0.972939	3.65796
335.661	0.972944	3.65799
335.809	0.97295	3.65802
335.957	0.972955	3.65806
336.105	0.972961	3.65809
336.253	0.972966	3.65812
336.402	0.972972	3.65816
336.55	0.972977	3.65819
336.698	0.972983	3.65822
336.846	0.972988	3.65826
336.994	0.972994	3.65829
337.142	0.972999	3.65832
337.29	0.973005	3.65835
337.438	0.97301	3.65839
337.587	0.973016	3.65842
337.735	0.973021	3.65845
337.883	0.973027	3.65849
338.031	0.973032	3.65852
338.179	0.973038	3.65855
338.327	0.973043	3.65859
338.475	0.973049	3.65862
338.623	0.973054	3.65865
338.772	0.97306	3.65869
338.92	0.973065	3.65872
339.068	0.973071	3.65875
339.216	0.973076	3.65879
339.364	0.973082	3.65882
339.512	0.973087	3.65885
339.66	0.973093	3.65889
339.808	0.973098	3.65892
339.957	0.973104	3.65895
340.105	0.973109	3.65899
340.253	0.973114	3.65902
340.401	0.97312	3.65905
340.549	0.973125	3.65909
340.697	0.973131	3.65912
340.845	0.973136	3.65915
340.994	0.973142	3.65919
341.142	0.973147	3.65922
341.29	0.973153	3.65925
341.438	0.973158	3.65929
341.586	0.973164	3.65932
341.734	0.973169	3.65935
341.882	0.973175	3.65938
342.03	0.97318	3.65942
342.179	0.973186	3.65945
342.327	0.973191	3.65948
342.475	0.973197	3.65952
342.623	0.973202	3.65955
342.771	0.973207	3.65958
342.919	0.973213	3.65962
343.067	0.973218	3.65965
343.215	0.973224	3.65968
343.364	0.973229	3.65972
343.512	0.973235	3.65975
343.66	0.97324	3.65978
343.808	0.973246	3.65982
343.956	0.973251	3.65985
344.104	0.973257	3.65988
344.252	0.973262	3.65992
344.4	0.973267	3.65995
344.549	0.973273	3.65998
344.697	0.973278	3.66002
344.845	0.973284	3.66005
344.993	0.973289	3.66008
345.141	0.973295	3.66012
345.289	0.9733	3.66015
345.437	0.973306	3.66018
345.586	0.973311	3.66021
345.734	0.973316	3.66025
345.882	0.973322	3.66028
346.03	0.973327	3.66031
346.178	0.973333	3.66035
346.326	0.973338	3.66038
346.474	0.973344	3.66041
346.622	0.973349	3.66045
346.771	0.973354	3.66048
346.919	0.97336	3.66051
347.067	0.973365	3.66055
347.215	0.973371	3.66058
347.363	0.973376	3.66061
347.511	0.973382	3.66065
347.659	0.973387	3.66068
347.807	0.973392	3.66071
347.956	0.973398	3.66075
348.104	0.973403	3.66078
348.252	0.973409	3.66081
348.4	0.973414	3.66084
348.548	0.973419	3.66088
348.696	0.973425	3.66091
348.844	0.97343	3.66094
348.992	0.973436	3.66098
349.141	0.973441	3.66101
349.289	0.973447	3.66104
349.437	0.973452	3.66108
349.585	0.973457	3.66111
349.733	0.973463	3.66114
349.881	0.973468	3.66118
350.029	0.973474	3.66121
350.177	0.973479	3.66124
350.326	0.973484	3.66128
350.474	0.97349	3.66131
350.622	0.973495	3.66134
350.77	0.973501	3.66138
350.918	0.973506	3.66141
351.066	0.973511	3.66144
351.214	0.973517	3.66147
351.363	0.973522	3.66151
351.511	0.973528	3.66154
351.659	0.973533	3.66157
351.807	0.973538	3.66161
351.955	0.973544	3.66164
352.103	0.973549	3.66167
352.251	0.973554	3.66171
352.399	0.97356	3.66174
352.548	0.973565	3.66177
352.696	0.973571	3.66181
352.844	0.973576	3.66184
352.992	0.973581	3.66187
353.14	0.973587	3.66191
353.288	0.973592	3.66194
353.436	0.973598	3.66197
353.584	0.973603	3.662
353.733	0.973608	3.66204
353.881	0.973614	3.66207
354.029	0.973619	3.6621
354.177	0.973624	3.66214
354.325	0.97363	3.66217
354.473	0.973635	3.6622
354.621	0.973641	3.66224
354.769	0.973646	3.66227
354.918	0.973651	3.6623
355.066	0.973657	3.66234
355.214	0.973662	3.66237
355.362	0.973667	3.6624
355.51	0.973673	3.66243
355.658	0.973678	3.66247
355.806	0.973683	3.6625
355.955	0.973689	3.66253
356.103	0.973694	3.66257
356.251	0.973699	3.6626
356.399	0.973705	3.66263
356.547	0.97371	3.66267
356.695	0.973716	3.6627
356.843	0.973721	3.66273
356.991	0.973726	3.66277
357.14	0.973732	3.6628
357.288	0.973737	3.66283
357.436	0.973742	3.66286
357.584	0.973748	3.6629
357.732	0.973753	3.66293
357.88	0.973758	3.66296
358.028	0.973764	3.663
358.176	0.973769	3.66303
358.325	0.973774	3.66306
358.473	0.97378	3.6631
358.621	0.973785	3.66313
358.769	0.97379	3.66316
358.917	0.973796	3.6632
359.065	0.973801	3.66323
359.213	0.973806	3.66326
359.361	0.973812	3.66329
359.51	0.973817	3.66333
359.658	0.973822	3.66336
359.806	0.973828	3.66339
359.954	0.973833	3.66343
360.102	0.973838	3.66346
360.25	0.973844	3.66349
360.398	0.973849	3.66353
360.547	0.973854	3.66356
360.695	0.97386	3.66359
360.843	0.973865	3.66363
360.991	0.97387	3.66366
361.139	0.973876	3.66369
361.287	0.973881	3.66372
361.435	0.973886	3.66376
361.583	0.973892	3.66379
361.732	0.973897	3.66382
361.88	0.973902	3.66386
362.028	0.973908	3.66389
362.176	0.973913	3.66392
362.324	0.973918	3.66396
362.472	0.973923	3.66399
362.62	0.973929	3.66402
362.768	0.973934	3.66405
362.917	0.973939	3.66409
363.065	0.973945	3.66412
363.213	0.97395	3.66415
363.361	0.973955	3.66419
363.509	0.973961	3.66422
363.657	0.973966	3.66425
363.805	0.973971	3.66429
363.953	0.973976	3.66432
364.102	0.973982	3.66435
364.25	0.973987	3.66439
364.398	0.973992	3.66442
364.546	0.973998	3.66445
364.694	0.974003	3.66448
364.842	0.974008	3.66452
364.99	0.974014	3.66455
365.138	0.974019	3.66458
365.287	0.974024	3.66462
365.435	0.974029	3.66465
365.583	0.974035	3.66468
365.731	0.97404	3.66472
365.879	0.974045	3.66475
366.027	0.974051	3.66478
366.175	0.974056	3.66481
366.324	0.974061	3.66485
366.472	0.974066	3.66488
366.62	0.974072	3.66491
366.768	0.974077	3.66495
366.916	0.974082	3.66498
367.064	0.974087	3.66501
367.212	0.974093	3.66505
367.36	0.974098	3.66508
367.509	0.974103	3.66511
367.657	0.974109	3.66514
367.805	0.974114	3.66518
367.953	0.974119	3.66521
368.101	0.974124	3.66524
368.249	0.97413	3.66528
368.397	0.974135	3.66531
368.545	0.97414	3.66534
368.694	0.974145	3.66538
368.842	0.974151	3.66541
368.99	0.974156	3.66544
369.138	0.974161	3.66547
369.286	0.974166	3.66551
369.434	0.974172	3.66554
369.582	0.974177	3.66557
369.73	0.974182	3.66561
369.879	0.974187	3.66564
370.027	0.974193	3.66567
370.175	0.974198	3.66571
370.323	0.974203	3.66574
370.471	0.974209	3.66577
370.619	0.974214	3.6658
370.767	0.974219	3.66584
370.916	0.974224	3.66587
371.064	0.974229	3.6659
371.212	0.974235	3.66594
371.36	0.97424	3.66597
371.508	0.974245	3.666
371.656	0.97425	3.66603
371.804	0.974256	3.66607
371.952	0.974261	3.6661
372.101	0.974266	3.66613
372.249	0.974271	3.66617
372.397	0.974277	3.6662
372.545	0.974282	3.66623
372.693	0.974287	3.66627
372.841	0.974292	3.6663
372.989	0.974298	3.66633
373.137	0.974303	3.66636
373.286	0.974308	3.6664
373.434	0.974313	3.66643
373.582	0.974319	3.66646
373.73	0.974324	3.6665
373.878	0.974329	3.66653
374.026	0.974334	3.66656
374.174	0.974339	3.66659
374.322	0.974345	3.66663
374.471	0.97435	3.66666
374.619	0.974355	3.66669
374.767	0.97436	3.66673
374.915	0.974366	3.66676
375.063	0.974371	3.66679
375.211	0.974376	3.66683
375.359	0.974381	3.66686
375.507	0.974386	3.66689
375.656	0.974392	3.66692
375.804	0.974397	3.66696
375.952	0.974402	3.66699
376.1	0.974407	3.66702
376.248	0.974412	3.66706
376.396	0.974418	3.66709
376.544	0.974423	3.66712
376.693	0.974428	3.66715
376.841	0.974433	3.66719
376.989	0.974438	3.66722
377.137	0.974444	3.66725
377.285	0.974449	3.66729
377.433	0.974454	3.66732
377.581	0.974459	3.66735
377.729	0.974464	3.66739
377.878	0.97447	3.66742
378.026	0.974475	3.66745
378.174	0.97448	3.66748
378.322	0.974485	3.66752
378.47	0.97449	3.66755
378.618	0.974496	3.66758
378.766	0.974501	3.66762
378.914	0.974506	3.66765
379.063	0.974511	3.66768
379.211	0.974516	3.66771
379.359	0.974522	3.66775
379.507	0.974527	3.66778
379.655	0.974532	3.66781
379.803	0.974537	3.66785
379.951	0.974542	3.66788
380.099	0.974547	3.66791
380.248	0.974553	3.66794
380.396	0.974558	3.66798
380.544	0.974563	3.66801
380.692	0.974568	3.66804
380.84	0.974573	3.66808
380.988	0.974578	3.66811
381.136	0.974584	3.66814
381.285	0.974589	3.66817
381.433	0.974594	3.66821
381.581	0.974599	3.66824
381.729	0.974604	3.66827
381.877	0.97461	3.66831
382.025	0.974615	3.66834
382.173	0.97462	3.66837
382.321	0.974625	3.6684
382.47	0.97463	3.66844
382.618	0.974635	3.66847
382.766	0.97464	3.6685
382.914	0.974646	3.66854
383.062	0.974651	3.66857
383.21	0.974656	3.6686
383.358	0.974661	3.66864
383.506	0.974666	3.66867
383.655	0.974671	3.6687
383.803	0.974677	3.66873
383.951	0.974682	3.66877
384.099	0.974687	3.6688
384.247	0.974692	3.66883
384.395	0.974697	3.66887
384.543	0.974702	3.6689
384.691	0.974707	3.66893
384.84	0.974713	3.66896
384.988	0.974718	3.669
385.136	0.974723	3.66903
385.284	0.974728	3.66906
385.432	0.974733	3.6691
385.58	0.974738	3.66913
385.728	0.974743	3.66916
385.876	0.974749	3.66919
386.025	0.974754	3.66923
386.173	0.974759	3.66926
386.321	0.974764	3.66929
386.469	0.974769	3.66933
386.617	0.974774	3.66936
386.765	0.974779	3.66939
386.913	0.974785	3.66942
387.062	0.97479	3.66946
387.21	0.974795	3.66949
387.358	0.9748	3.66952
387.506	0.974805	3.66955
387.654	0.97481	3.66959
387.802	0.974815	3.66962
387.95	0.97482	3.66965
388.098	0.974826	3.66969
388.247	0.974831	3.66972
388.395	0.974836	3.66975
388.543	0.974841	3.66978
388.691	0.974846	3.66982
388.839	0.974851	3.66985
388.987	0.974856	3.66988
389.135	0.974861	3.66992
389.283	0.974867	3.66995
389.432	0.974872	3.66998
389.58	0.974877	3.67001
389.728	0.974882	3.67005
389.876	0.974887	3.67008
390.024	0.974892	3.67011
390.172	0.974897	3.67015
390.32	0.974902	3.67018
390.468	0.974907	3.67021
390.617	0.974912	3.67024
390.765	0.974918	3.67028
390.913	0.974923	3.67031
391.061	0.974928	3.67034
391.209	0.974933	3.67038
391.357	0.974938	3.67041
391.505	0.974943	3.67044
391.654	0.974948	3.67047
391.802	0.974953	3.67051
391.95	0.974958	3.67054
392.098	0.974963	3.67057
392.246	0.974969	3.67061
392.394	0.974974	3.67064
392.542	0.974979	3.67067
392.69	0.974984	3.6707
392.839	0.974989	3.67074
392.987	0.974994	3.67077
393.135	0.974999	3.6708
393.283	0.975004	3.67083
393.431	0.975009	3.67087
393.579	0.975014	3.6709
393.727	0.975019	3.67093
393.875	0.975025	3.67097
394.024	0.97503	3.671
394.172	0.975035	3.67103
394.32	0.97504	3.67106
394.468	0.975045	3.6711
394.616	0.97505	3.67113
394.764	0.975055	3.67116
394.912	0.97506	3.6712
395.06	0.975065	3.67123
395.209	0.97507	3.67126
395.357	0.975075	3.67129
395.505	0.97508	3.67133
395.653	0.975085	3.67136
395.801	0.97509	3.67139
395.949	0.975096	3.67142
396.097	0.975101	3.67146
396.245	0.975106	3.67149
396.394	0.975111	3.67152
396.542	0.975116	3.67156
396.69	0.975121	3.67159
396.838	0.975126	3.67162
396.986	0.975131	3.67165
397.134	0.975136	3.67169
397.282	0.975141	3.67172
397.431	0.975146	3.67175
397.579	0.975151	3.67179
397.727	0.975156	3.67182
397.875	0.975161	3.67185
398.023	0.975166	3.67188
398.171	0.975171	3.67192
398.319	0.975176	3.67195
398.467	0.975182	3.67198
398.616	0.975187	3.67201
398.764	0.975192	3.67205
398.912	0.975197	3.67208
399.06	0.975202	3.67211
399.208	0.975207	3.67215
399.356	0.975212	3.67218
399.504	0.975217	3.67221
399.652	0.975222	3.67224
399.801	0.975227	3.67228
399.949	0.975232	3.67231
400.097	0.975237	3.67234
400.245	0.975242	3.67237
400.393	0.975247	3.67241
400.541	0.975252	3.67244
400.689	0.975257	3.67247
400.837	0.975262	3.67251
400.986	0.975267	3.67254
401.134	0.975272	3.67257
401.282	0.975277	3.6726
401.43	0.975282	3.67264
401.578	0.975287	3.67267
401.726	0.975292	3.6727
401.874	0.975297	3.67273
402.023	0.975302	3.67277
402.171	0.975307	3.6728
402.319	0.975312	3.67283
402.467	0.975317	3.67287
402.615	0.975322	3.6729
402.763	0.975328	3.67293
402.911	0.975333	3.67296
403.059	0.975338	3.673
403.208	0.975343	3.67303
403.356	0.975348	3.67306
403.504	0.975353	3.67309
403.652	0.975358	3.67313
403.8	0.975363	3.67316
403.948	0.975368	3.67319
404.096	0.975373	3.67323
404.244	0.975378	3.67326
404.393	0.975383	3.67329
404.541	0.975388	3.67332
404.689	0.975393	3.67336
404.837	0.975398	3.67339
404.985	0.975403	3.67342
405.133	0.975408	3.67345
405.281	0.975413	3.67349
405.429	0.975418	3.67352
405.578	0.975423	3.67355
405.726	0.975428	3.67358
405.874	0.975433	3.67362
406.022	0.975438	3.67365
406.17	0.975443	3.67368
406.318	0.975448	3.67372
406.466	0.975453	3.67375
406.614	0.975458	3.67378
406.763	0.975463	3.67381
406.911	0.975468	3.67385
407.059	0.975473	3.67388
407.207	0.975478	3.67391
407.355	0.975483	3.67394
407.503	0.975488	3.67398
407.651	0.975493	3.67401
407.8	0.975498	3.67404
407.948	0.975503	3.67408
408.096	0.975508	3.67411
408.244	0.975513	3.67414
408.392	0.975517	3.67417
408.54	0.975522	3.67421
408.688	0.975527	3.67424
408.836	0.975532	3.67427
408.985	0.975537	3.6743
409.133	0.975542	3.67434
409.281	0.975547	3.67437
409.429	0.975552	3.6744
409.577	0.975557	3.67443
409.725	0.975562	3.67447
409.873	0.975567	3.6745
410.021	0.975572	3.67453
410.17	0.975577	3.67457
410.318	0.975582	3.6746
410.466	0.975587	3.67463
410.614	0.975592	3.67466
410.762	0.975597	3.6747
410.91	0.975602	3.67473
411.058	0.975607	3.67476
411.206	0.975612	3.67479
411.355	0.975617	3.67483
411.503	0.975622	3.67486
411.651	0.975627	3.67489
411.799	0.975632	3.67492
411.947	0.975637	3.67496
412.095	0.975642	3.67499
412.243	0.975647	3.67502
412.392	0.975652	3.67506
412.54	0.975657	3.67509
412.688	0.975661	3.67512
412.836	0.975666	3.67515
412.984	0.975671	3.67519
413.132	0.975676	3.67522
413.28	0.975681	3.67525
413.428	0.975686	3.67528
413.577	0.975691	3.67532
413.725	0.975696	3.67535
413.873	0.975701	3.67538
414.021	0.975706	3.67541
414.169	0.975711	3.67545
414.317	0.975716	3.67548
414.465	0.975721	3.67551
414.613	0.975726	3.67554
414.762	0.975731	3.67558
414.91	0.975736	3.67561
415.058	0.975741	3.67564
415.206	0.975746	3.67568
415.354	0.97575	3.67571
415.502	0.975755	3.67574
415.65	0.97576	3.67577
415.798	0.975765	3.67581
415.947	0.97577	3.67584
416.095	0.975775	3.67587
416.243	0.97578	3.6759
416.391	0.975785	3.67594
416.539	0.97579	3.67597
416.687	0.975795	3.676
416.835	0.9758	3.67603
416.983	0.975805	3.67607
417.132	0.97581	3.6761
417.28	0.975814	3.67613
417.428	0.975819	3.67616
417.576	0.975824	3.6762
417.724	0.975829	3.67623
417.872	0.975834	3.67626
418.02	0.975839	3.67629
418.169	0.975844	3.67633
418.317	0.975849	3.67636
418.465	0.975854	3.67639
418.613	0.975859	3.67643
418.761	0.975864	3.67646
418.909	0.975869	3.67649
419.057	0.975873	3.67652
419.205	0.975878	3.67656
419.354	0.975883	3.67659
419.502	0.975888	3.67662
419.65	0.975893	3.67665
419.798	0.975898	3.67669
419.946	0.975903	3.67672
420.094	0.975908	3.67675
420.242	0.975913	3.67678
420.39	0.975918	3.67682
420.539	0.975922	3.67685
420.687	0.975927	3.67688
420.835	0.975932	3.67691
420.983	0.975937	3.67695
421.131	0.975942	3.67698
421.279	0.975947	3.67701
421.427	0.975952	3.67704
421.575	0.975957	3.67708
421.724	0.975962	3.67711
421.872	0.975967	3.67714
422.02	0.975971	3.67717
422.168	0.975976	3.67721
422.316	0.975981	3.67724
422.464	0.975986	3.67727
422.612	0.975991	3.6773
422.761	0.975996	3.67734
422.909	0.976001	3.67737
423.057	0.976006	3.6774
423.205	0.97601	3.67744
423.353	0.976015	3.67747
423.501	0.97602	3.6775
423.649	0.976025	3.67753
423.797	0.97603	3.67757
423.946	0.976035	3.6776
424.094	0.97604	3.67763
424.242	0.976045	3.67766
424.39	0.976049	3.6777
424.538	0.976054	3.67773
424.686	0.976059	3.67776
424.834	0.976064	3.67779
424.982	0.976069	3.67783
425.131	0.976074	3.67786
425.279	0.976079	3.67789
425.427	0.976084	3.67792
425.575	0.976088	3.67796
425.723	0.976093	3.67799
425.871	0.976098	3.67802
426.019	0.976103	3.67805
426.167	0.976108	3.67809
426.316	0.976113	3.67812
426.464	0.976118	3.67815
426.612	0.976122	3.67818
426.76	0.976127	3.67822
426.908	0.976132	3.67825
427.056	0.976137	3.67828
427.204	0.976142	3.67831
427.353	0.976147	3.67835
427.501	0.976152	3.67838
427.649	0.976156	3.67841
427.797	0.976161	3.67844
427.945	0.976166	3.67848
428.093	0.976171	3.67851
428.241	0.976176	3.67854
428.389	0.976181	3.67857
428.538	0.976186	3.67861
428.686	0.97619	3.67864
428.834	0.976195	3.67867
428.982	0.9762	3.6787
429.13	0.976205	3.67874
429.278	0.97621	3.67877
429.426	0.976215	3.6788
429.574	0.976219	3.67883
429.723	0.976224	3.67887
429.871	0.976229	3.6789
430.019	0.976234	3.67893
430.167	0.976239	3.67896
430.315	0.976244	3.679
430.463	0.976248	3.67903
430.611	0.976253	3.67906
430.759	0.976258	3.67909
430.908	0.976263	3.67913
431.056	0.976268	3.67916
431.204	0.976273	3.67919
431.352	0.976277	3.67922
431.5	0.976282	3.67926
431.648	0.976287	3.67929
431.796	0.976292	3.67932
431.944	0.976297	3.67935
432.093	0.976301	3.67939
432.241	0.976306	3.67942
432.389	0.976311	3.67945
432.537	0.976316	3.67948
432.685	0.976321	3.67952
432.833	0.976326	3.67955
432.981	0.97633	3.67958
433.13	0.976335	3.67961
433.278	0.97634	3.67965
433.426	0.976345	3.67968
433.574	0.97635	3.67971
433.722	0.976354	3.67974
433.87	0.976359	3.67978
434.018	0.976364	3.67981
434.166	0.976369	3.67984
434.315	0.976374	3.67987
434.463	0.976379	3.67991
434.611	0.976383	3.67994
434.759	0.976388	3.67997
434.907	0.976393	3.68
435.055	0.976398	3.68004
435.203	0.976403	3.68007
435.351	0.976407	3.6801
435.5	0.976412	3.68013
435.648	0.976417	3.68017
435.796	0.976422	3.6802
435.944	0.976427	3.68023
436.092	0.976431	3.68026
436.24	0.976436	3.6803
436.388	0.976441	3.68033
436.536	0.976446	3.68036
436.685	0.97645	3.68039
436.833	0.976455	3.68043
436.981	0.97646	3.68046
437.129	0.976465	3.68049
437.277	0.97647	3.68052
437.425	0.976474	3.68056
437.573	0.976479	3.68059
437.722	0.976484	3.68062
437.87	0.976489	3.68065
438.018	0.976494	3.68069
438.166	0.976498	3.68072
438.314	0.976503	3.68075
438.462	0.976508	3.68078
438.61	0.976513	3.68082
438.758	0.976517	3.68085
438.907	0.976522	3.68088
439.055	0.976527	3.68091
439.203	0.976532	3.68095
439.351	0.976537	3.68098
439.499	0.976541	3.68101
439.647	0.976546	3.68104
439.795	0.976551	3.68108
439.943	0.976556	3.68111
440.092	0.97656	3.68114
440.24	0.976565	3.68117
440.388	0.97657	3.68121
440.536	0.976575	3.68124
440.684	0.976579	3.68127
440.832	0.976584	3.6813
440.98	0.976589	3.68134
441.128	0.976594	3.68137
441.277	0.976599	3.6814
441.425	0.976603	3.68143
441.573	0.976608	3.68146
441.721	0.976613	3.6815
441.869	0.976618	3.68153
442.017	0.976622	3.68156
442.165	0.976627	3.68159
442.313	0.976632	3.68163
442.462	0.976637	3.68166
442.61	0.976641	3.68169
442.758	0.976646	3.68172
442.906	0.976651	3.68176
443.054	0.976656	3.68179
443.202	0.97666	3.68182
443.35	0.976665	3.68185
443.499	0.97667	3.68189
443.647	0.976675	3.68192
443.795	0.976679	3.68195
443.943	0.976684	3.68198
444.091	0.976689	3.68202
444.239	0.976694	3.68205
444.387	0.976698	3.68208
444.535	0.976703	3.68211
444.684	0.976708	3.68215
444.832	0.976713	3.68218
444.98	0.976717	3.68221
445.128	0.976722	3.68224
445.276	0.976727	3.68228
445.424	0.976731	3.68231
445.572	0.976736	3.68234
445.72	0.976741	3.68237
445.869	0.976746	3.6824
446.017	0.97675	3.68244
446.165	0.976755	3.68247
446.313	0.97676	3.6825
446.461	0.976765	3.68253
446.609	0.976769	3.68257
446.757	0.976774	3.6826
446.905	0.976779	3.68263
447.054	0.976784	3.68266
447.202	0.976788	3.6827
447.35	0.976793	3.68273
447.498	0.976798	3.68276
447.646	0.976802	3.68279
447.794	0.976807	3.68283
447.942	0.976812	3.68286
448.091	0.976817	3.68289
448.239	0.976821	3.68292
448.387	0.976826	3.68296
448.535	0.976831	3.68299
448.683	0.976835	3.68302
448.831	0.97684	3.68305
448.979	0.976845	3.68309
449.127	0.97685	3.68312
449.276	0.976854	3.68315
449.424	0.976859	3.68318
449.572	0.976864	3.68321
449.72	0.976868	3.68325
449.868	0.976873	3.68328
450.016	0.976878	3.68331
450.164	0.976883	3.68334
450.312	0.976887	3.68338
450.461	0.976892	3.68341
450.609	0.976897	3.68344
450.757	0.976901	3.68347
450.905	0.976906	3.68351
451.053	0.976911	3.68354
451.201	0.976915	3.68357
451.349	0.97692	3.6836
451.497	0.976925	3.68364
451.646	0.97693	3.68367
451.794	0.976934	3.6837
451.942	0.976939	3.68373
452.09	0.976944	3.68376
452.238	0.976948	3.6838
452.386	0.976953	3.68383
452.534	0.976958	3.68386
452.682	0.976962	3.68389
452.831	0.976967	3.68393
452.979	0.976972	3.68396
453.127	0.976976	3.68399
453.275	0.976981	3.68402
453.423	0.976986	3.68406
453.571	0.97699	3.68409
453.719	0.976995	3.68412
453.868	0.977	3.68415
454.016	0.977005	3.68419
454.164	0.977009	3.68422
454.312	0.977014	3.68425
454.46	0.977019	3.68428
454.608	0.977023	3.68431
454.756	0.977028	3.68435
454.904	0.977033	3.68438
455.053	0.977037	3.68441
455.201	0.977042	3.68444
455.349	0.977047	3.68448
455.497	0.977051	3.68451
455.645	0.977056	3.68454
455.793	0.977061	3.68457
455.941	0.977065	3.68461
456.089	0.97707	3.68464
456.238	0.977075	3.68467
456.386	0.977079	3.6847
456.534	0.977084	3.68474
456.682	0.977089	3.68477
456.83	0.977093	3.6848
456.978	0.977098	3.68483
457.126	0.977103	3.68486
457.274	0.977107	3.6849
457.423	0.977112	3.68493
457.571	0.977117	3.68496
457.719	0.977121	3.68499
457.867	0.977126	3.68503
458.015	0.977131	3.68506
458.163	0.977135	3.68509
458.311	0.97714	3.68512
458.46	0.977145	3.68516
458.608	0.977149	3.68519
458.756	0.977154	3.68522
458.904	0.977158	3.68525
459.052	0.977163	3.68528
459.2	0.977168	3.68532
459.348	0.977172	3.68535
459.496	0.977177	3.68538
459.645	0.977182	3.68541
459.793	0.977186	3.68545
459.941	0.977191	3.68548
460.089	0.977196	3.68551
460.237	0.9772	3.68554
460.385	0.977205	3.68558
460.533	0.97721	3.68561
460.681	0.977214	3.68564
460.83	0.977219	3.68567
460.978	0.977223	3.6857
461.126	0.977228	3.68574
461.274	0.977233	3.68577
461.422	0.977237	3.6858
461.57	0.977242	3.68583
461.718	0.977247	3.68587
461.866	0.977251	3.6859
462.015	0.977256	3.68593
462.163	0.977261	3.68596
462.311	0.977265	3.68599
462.459	0.97727	3.68603
462.607	0.977274	3.68606
462.755	0.977279	3.68609
462.903	0.977284	3.68612
463.051	0.977288	3.68616
463.2	0.977293	3.68619
463.348	0.977298	3.68622
463.496	0.977302	3.68625
463.644	0.977307	3.68629
463.792	0.977311	3.68632
463.94	0.977316	3.68635
464.088	0.977321	3.68638
464.237	0.977325	3.68641
464.385	0.97733	3.68645
464.533	0.977334	3.68648
464.681	0.977339	3.68651
464.829	0.977344	3.68654
464.977	0.977348	3.68658
465.125	0.977353	3.68661
465.273	0.977358	3.68664
465.422	0.977362	3.68667
465.57	0.977367	3.68671
465.718	0.977371	3.68674
465.866	0.977376	3.68677
466.014	0.977381	3.6868
466.162	0.977385	3.68683
466.31	0.97739	3.68687
466.458	0.977394	3.6869
466.607	0.977399	3.68693
466.755	0.977404	3.68696
466.903	0.977408	3.687
467.051	0.977413	3.68703
467.199	0.977417	3.68706
467.347	0.977422	3.68709
467.495	0.977427	3.68712
467.643	0.977431	3.68716
467.792	0.977436	3.68719
467.94	0.97744	3.68722
468.088	0.977445	3.68725
468.236	0.97745	3.68729
468.384	0.977454	3.68732
468.532	0.977459	3.68735
468.68	0.977463	3.68738
468.829	0.977468	3.68741
468.977	0.977473	3.68745
469.125	0.977477	3.68748
469.273	0.977482	3.68751
469.421	0.977486	3.68754
469.569	0.977491	3.68758
469.717	0.977495	3.68761
469.865	0.9775	3.68764
470.014	0.977505	3.68767
470.162	0.977509	3.6877
470.31	0.977514	3.68774
470.458	0.977518	3.68777
470.606	0.977523	3.6878
470.754	0.977527	3.68783
470.902	0.977532	3.68787
471.05	0.977537	3.6879
471.199	0.977541	3.68793
471.347	0.977546	3.68796
471.495	0.97755	3.68799
471.643	0.977555	3.68803
471.791	0.977559	3.68806
471.939	0.977564	3.68809
472.087	0.977569	3.68812
472.235	0.977573	3.68816
472.384	0.977578	3.68819
472.532	0.977582	3.68822
472.68	0.977587	3.68825
472.828	0.977591	3.68828
472.976	0.977596	3.68832
473.124	0.977601	3.68835
473.272	0.977605	3.68838
473.42	0.97761	3.68841
473.569	0.977614	3.68845
473.717	0.977619	3.68848
473.865	0.977623	3.68851
474.013	0.977628	3.68854
474.161	0.977633	3.68857
474.309	0.977637	3.68861
474.457	0.977642	3.68864
474.606	0.977646	3.68867
474.754	0.977651	3.6887
474.902	0.977655	3.68874
475.05	0.97766	3.68877
475.198	0.977664	3.6888
475.346	0.977669	3.68883
475.494	0.977673	3.68886
475.642	0.977678	3.6889
475.791	0.977683	3.68893
475.939	0.977687	3.68896
476.087	0.977692	3.68899
476.235	0.977696	3.68903
476.383	0.977701	3.68906
476.531	0.977705	3.68909
476.679	0.97771	3.68912
476.827	0.977714	3.68915
476.976	0.977719	3.68919
477.124	0.977723	3.68922
477.272	0.977728	3.68925
477.42	0.977733	3.68928
477.568	0.977737	3.68932
477.716	0.977742	3.68935
477.864	0.977746	3.68938
478.012	0.977751	3.68941
478.161	0.977755	3.68944
478.309	0.97776	3.68948
478.457	0.977764	3.68951
478.605	0.977769	3.68954
478.753	0.977773	3.68957
478.901	0.977778	3.6896
479.049	0.977782	3.68964
479.198	0.977787	3.68967
479.346	0.977791	3.6897
479.494	0.977796	3.68973
479.642	0.9778	3.68977
479.79	0.977805	3.6898
479.938	0.977809	3.68983
480.086	0.977814	3.68986
480.234	0.977819	3.68989
480.383	0.977823	3.68993
480.531	0.977828	3.68996
480.679	0.977832	3.68999
480.827	0.977837	3.69002
480.975	0.977841	3.69006
481.123	0.977846	3.69009
481.271	0.97785	3.69012
481.419	0.977855	3.69015
481.568	0.977859	3.69018
481.716	0.977864	3.69022
481.864	0.977868	3.69025
482.012	0.977873	3.69028
482.16	0.977877	3.69031
482.308	0.977882	3.69034
482.456	0.977886	3.69038
482.604	0.977891	3.69041
482.753	0.977895	3.69044
482.901	0.9779	3.69047
483.049	0.977904	3.69051
483.197	0.977909	3.69054
483.345	0.977913	3.69057
483.493	0.977918	3.6906
483.641	0.977922	3.69063
483.789	0.977927	3.69067
483.938	0.977931	3.6907
484.086	0.977936	3.69073
484.234	0.97794	3.69076
484.382	0.977945	3.69079
484.53	0.977949	3.69083
484.678	0.977954	3.69086
484.826	0.977958	3.69089
484.975	0.977963	3.69092
485.123	0.977967	3.69096
485.271	0.977972	3.69099
485.419	0.977976	3.69102
485.567	0.977981	3.69105
485.715	0.977985	3.69108
485.863	0.97799	3.69112
486.011	0.977994	3.69115
486.16	0.977999	3.69118
486.308	0.978003	3.69121
486.456	0.978008	3.69124
486.604	0.978012	3.69128
486.752	0.978017	3.69131
486.9	0.978021	3.69134
487.048	0.978025	3.69137
487.196	0.97803	3.6914
487.345	0.978034	3.69144
487.493	0.978039	3.69147
487.641	0.978043	3.6915
487.789	0.978048	3.69153
487.937	0.978052	3.69157
488.085	0.978057	3.6916
488.233	0.978061	3.69163
488.381	0.978066	3.69166
488.53	0.97807	3.69169
488.678	0.978075	3.69173
488.826	0.978079	3.69176
488.974	0.978084	3.69179
489.122	0.978088	3.69182
489.27	0.978093	3.69185
489.418	0.978097	3.69189
489.567	0.978101	3.69192
489.715	0.978106	3.69195
489.863	0.97811	3.69198
490.011	0.978115	3.69202
490.159	0.978119	3.69205
490.307	0.978124	3.69208
490.455	0.978128	3.69211
490.603	0.978133	3.69214
490.752	0.978137	3.69218
490.9	0.978142	3.69221
491.048	0.978146	3.69224
491.196	0.978151	3.69227
491.344	0.978155	3.6923
491.492	0.978159	3.69234
491.64	0.978164	3.69237
491.788	0.978168	3.6924
491.937	0.978173	3.69243
492.085	0.978177	3.69246
492.233	0.978182	3.6925
492.381	0.978186	3.69253
492.529	0.978191	3.69256
492.677	0.978195	3.69259
492.825	0.978199	3.69262
492.973	0.978204	3.69266
493.122	0.978208	3.69269
493.27	0.978213	3.69272
493.418	0.978217	3.69275
493.566	0.978222	3.69279
493.714	0.978226	3.69282
493.862	0.978231	3.69285
494.01	0.978235	3.69288
494.158	0.978239	3.69291
494.307	0.978244	3.69295
494.455	0.978248	3.69298
494.603	0.978253	3.69301
494.751	0.978257	3.69304
494.899	0.978262	3.69307
495.047	0.978266	3.69311
495.195	0.97827	3.69314
495.344	0.978275	3.69317
495.492	0.978279	3.6932
495.64	0.978284	3.69323
495.788	0.978288	3.69327
495.936	0.978293	3.6933
496.084	0.978297	3.69333
496.232	0.978301	3.69336
496.38	0.978306	3.69339
496.529	0.97831	3.69343
496.677	0.978315	3.69346
496.825	0.978319	3.69349
496.973	0.978324	3.69352
497.121	0.978328	3.69355
497.269	0.978332	3.69359
497.417	0.978337	3.69362
497.565	0.978341	3.69365
497.714	0.978346	3.69368
497.862	0.97835	3.69372
498.01	0.978354	3.69375
498.158	0.978359	3.69378
498.306	0.978363	3.69381
498.454	0.978368	3.69384
498.602	0.978372	3.69388
498.75	0.978377	3.69391
498.899	0.978381	3.69394
499.047	0.978385	3.69397
499.195	0.97839	3.694
499.343	0.978394	3.69404
499.491	0.978399	3.69407
499.639	0.978403	3.6941
499.787	0.978407	3.69413
499.936	0.978412	3.69416
