0	1.00149	3.55791
0	1.00149	3.55791
0.331226	1.0023	3.55931
0.662451	1.00422	3.56266
0.996989	1.0064	3.5666
1.32821	1.00809	3.56971
1.65944	1.00894	3.57138
1.99067	1.0089	3.57156
2.31858	1.00822	3.57067
2.6498	1.00724	3.56934
2.98103	1.00629	3.56814
3.31226	1.00556	3.5674
3.64348	1.00513	3.56725
3.97471	1.00495	3.56759
4.30593	1.00493	3.5683
4.63716	1.00492	3.5691
4.96838	1.0048	3.56975
5.29961	1.00452	3.57014
5.63084	1.00407	3.5703
5.96206	1.00351	3.57031
6.29329	1.00289	3.57026
6.62451	1.00225	3.57023
6.95574	1.00162	3.57025
7.28696	1.00102	3.57037
7.61819	1.00045	3.57059
7.94941	0.999893	3.57088
8.28064	0.999315	3.57116
8.61187	0.9987	3.57141
8.94309	0.998046	3.57163
9.27432	0.997355	3.57181
9.60554	0.996634	3.57198
9.93677	0.995888	3.57213
10.268	0.995128	3.57227
10.5992	0.99436	3.57243
10.9304	0.99359	3.57261
11.2617	0.992816	3.57281
11.5929	0.992034	3.57301
11.9241	0.991242	3.57322
12.2553	0.990438	3.57342
12.5866	0.989623	3.57361
12.9178	0.988797	3.5738
13.249	0.987961	3.57399
13.5803	0.987118	3.57417
13.9115	0.986269	3.57435
14.2427	0.985417	3.57454
14.5739	0.984562	3.57473
14.9052	0.983705	3.57492
15.2364	0.982846	3.57511
15.5676	0.981984	3.5753
15.8988	0.981121	3.5755
16.2301	0.980256	3.57569
16.5613	0.97939	3.57588
16.8925	0.978524	3.57607
17.2237	0.977658	3.57625
17.555	0.976794	3.57644
17.8895	0.975923	3.57663
18.2207	0.975062	3.57682
18.5519	0.974205	3.57701
18.8832	0.97335	3.5772
19.2144	0.972499	3.57739
19.5456	0.971652	3.57758
19.8768	0.970808	3.57777
20.2081	0.969969	3.57796
20.5393	0.969135	3.57815
20.8705	0.968306	3.57833
21.2018	0.967483	3.57852
21.533	0.966666	3.57871
21.8642	0.965854	3.57889
22.1954	0.965049	3.57908
22.5267	0.964251	3.57927
22.8579	0.96346	3.57945
23.1891	0.962675	3.57964
23.5203	0.961898	3.57983
23.8516	0.961128	3.58001
24.1828	0.960366	3.5802
24.514	0.959612	3.58038
24.8452	0.958866	3.58057
25.1765	0.958128	3.58075
25.5077	0.957398	3.58093
25.8389	0.956677	3.58112
26.1701	0.955964	3.5813
26.5014	0.95526	3.58148
26.8326	0.954564	3.58166
27.1638	0.953877	3.58185
27.495	0.953199	3.58203
27.8263	0.95253	3.58221
28.1575	0.95187	3.58239
28.4887	0.951219	3.58257
28.8199	0.950577	3.58275
29.1512	0.949944	3.58293
29.4824	0.94932	3.58311
29.8136	0.948706	3.58329
30.1448	0.9481	3.58347
30.4761	0.947503	3.58365
30.8073	0.946916	3.58383
31.1385	0.946338	3.58401
31.4697	0.945768	3.58418
31.801	0.945208	3.58436
32.1322	0.944657	3.58454
32.4634	0.944115	3.58472
32.7946	0.943581	3.58489
33.1259	0.943057	3.58507
33.4571	0.942542	3.58525
33.7883	0.942035	3.58542
34.1196	0.941537	3.5856
34.4508	0.941048	3.58577
34.782	0.940567	3.58595
35.1132	0.940095	3.58612
35.4445	0.939632	3.5863
35.7757	0.939177	3.58647
36.1069	0.93873	3.58664
36.4381	0.938291	3.58682
36.7694	0.937861	3.58699
37.1006	0.937439	3.58716
37.4318	0.937025	3.58734
37.763	0.936619	3.58751
38.0943	0.93622	3.58768
38.4255	0.93583	3.58785
38.7567	0.935447	3.58802
39.0879	0.935072	3.5882
39.4192	0.934704	3.58837
39.7504	0.934344	3.58854
40.0816	0.933991	3.58871
40.4128	0.933645	3.58888
40.7441	0.933307	3.58905
41.0753	0.932975	3.58922
41.4065	0.932651	3.58939
41.7377	0.932333	3.58956
42.069	0.932022	3.58973
42.4002	0.931718	3.5899
42.7314	0.93142	3.59007
43.0626	0.931129	3.59024
43.3939	0.930844	3.59041
43.7251	0.930566	3.59057
44.0563	0.930294	3.59074
44.3875	0.930028	3.59091
44.7188	0.929767	3.59108
45.05	0.929513	3.59125
45.3812	0.929265	3.59141
45.7124	0.929022	3.59158
46.0437	0.928785	3.59175
46.3749	0.928553	3.59192
46.7061	0.928327	3.59208
47.0374	0.928107	3.59225
47.3686	0.927891	3.59242
47.6998	0.927681	3.59258
48.031	0.927476	3.59275
48.3623	0.927276	3.59292
48.6935	0.927081	3.59308
49.0247	0.926891	3.59325
49.3559	0.926705	3.59341
49.6872	0.926524	3.59358
50.0184	0.926348	3.59374
50.3496	0.926177	3.59391
50.6808	0.926009	3.59407
51.0121	0.925846	3.59424
51.3433	0.925688	3.5944
51.6745	0.925533	3.59457
52.0057	0.925383	3.59473
52.337	0.925237	3.5949
52.6682	0.925095	3.59506
52.9994	0.924956	3.59523
53.3306	0.924822	3.59539
53.6619	0.924691	3.59556
53.9931	0.924564	3.59572
54.3243	0.924441	3.59588
54.6555	0.924321	3.59605
54.9868	0.924204	3.59621
55.318	0.924091	3.59637
55.6492	0.923982	3.59654
55.9804	0.923875	3.5967
56.3117	0.923772	3.59686
56.6429	0.923672	3.59703
56.9741	0.923575	3.59719
57.3053	0.923481	3.59735
57.6366	0.923391	3.59752
57.9678	0.923303	3.59768
58.299	0.923218	3.59784
58.6302	0.923135	3.59801
58.9615	0.923056	3.59817
59.2927	0.922979	3.59833
59.6239	0.922905	3.59849
59.9552	0.922833	3.59866
60.2864	0.922764	3.59882
60.6176	0.922698	3.59898
60.9488	0.922634	3.59914
61.2801	0.922572	3.5993
61.6113	0.922513	3.59947
61.9425	0.922455	3.59963
62.2737	0.922401	3.59979
62.605	0.922348	3.59995
62.9362	0.922298	3.60011
63.2674	0.922249	3.60028
63.5986	0.922203	3.60044
63.9299	0.922159	3.6006
64.2611	0.922116	3.60076
64.5923	0.922076	3.60092
64.9235	0.922037	3.60108
65.2548	0.922001	3.60125
65.586	0.921966	3.60141
65.9172	0.921933	3.60157
66.2484	0.921902	3.60173
66.5797	0.921872	3.60189
66.9109	0.921844	3.60205
67.2421	0.921818	3.60221
67.5733	0.921794	3.60237
67.9046	0.921771	3.60254
68.2358	0.921749	3.6027
68.567	0.921729	3.60286
68.8982	0.921711	3.60302
69.2295	0.921693	3.60318
69.5607	0.921678	3.60334
69.8919	0.921663	3.6035
70.2231	0.921651	3.60366
70.5544	0.921639	3.60382
70.8856	0.921629	3.60398
71.2168	0.92162	3.60414
71.548	0.921612	3.6043
71.8793	0.921605	3.60446
72.2105	0.9216	3.60462
72.5417	0.921596	3.60479
72.8729	0.921592	3.60495
73.2042	0.92159	3.60511
73.5354	0.921589	3.60527
73.8666	0.92159	3.60543
74.1979	0.921591	3.60559
74.5291	0.921593	3.60575
74.8603	0.921596	3.60591
75.1915	0.9216	3.60607
75.5228	0.921606	3.60623
75.854	0.921612	3.60639
76.1852	0.921619	3.60655
76.5164	0.921627	3.60671
76.8477	0.921635	3.60687
77.1789	0.921645	3.60703
77.5068	0.921655	3.60719
77.838	0.921666	3.60735
78.1692	0.921678	3.60751
78.5005	0.921691	3.60767
78.8317	0.921705	3.60783
79.1629	0.921719	3.60799
79.4941	0.921734	3.60815
79.8254	0.92175	3.60831
80.1566	0.921767	3.60847
80.4878	0.921784	3.60863
80.8191	0.921802	3.60879
81.1503	0.92182	3.60895
81.4815	0.921839	3.60911
81.8127	0.921859	3.60927
82.144	0.921879	3.60943
82.4752	0.9219	3.60958
82.8064	0.921922	3.60974
83.1376	0.921944	3.6099
83.4689	0.921967	3.61006
83.8001	0.92199	3.61022
84.1313	0.922013	3.61038
84.4625	0.922038	3.61054
84.7938	0.922062	3.6107
85.125	0.922088	3.61086
85.4562	0.922114	3.61102
85.7874	0.92214	3.61118
86.1187	0.922166	3.61134
86.4499	0.922194	3.6115
86.7811	0.922221	3.61166
87.1123	0.922249	3.61182
87.4436	0.922278	3.61198
87.7748	0.922306	3.61214
88.106	0.922336	3.6123
88.4372	0.922365	3.61246
88.7685	0.922395	3.61262
89.0997	0.922426	3.61278
89.4309	0.922457	3.61294
89.7621	0.922488	3.61309
90.0934	0.922519	3.61325
90.4246	0.922551	3.61341
90.7558	0.922583	3.61357
91.087	0.922616	3.61373
91.4183	0.922649	3.61389
91.7495	0.922682	3.61405
92.0807	0.922715	3.61421
92.4119	0.922749	3.61437
92.7432	0.922783	3.61453
93.0744	0.922817	3.61469
93.4056	0.922852	3.61485
93.7369	0.922887	3.61501
94.0681	0.922922	3.61517
94.3993	0.922957	3.61532
94.7305	0.922993	3.61548
95.0618	0.923029	3.61564
95.393	0.923065	3.6158
95.7242	0.923102	3.61596
96.0554	0.923138	3.61612
96.3867	0.923175	3.61628
96.7179	0.923212	3.61644
97.0491	0.923249	3.6166
97.3803	0.923287	3.61676
97.7116	0.923324	3.61692
98.0428	0.923362	3.61708
98.374	0.9234	3.61724
98.7052	0.923439	3.61739
99.0365	0.923477	3.61755
99.3677	0.923516	3.61771
99.6989	0.923555	3.61787
100.03	0.923594	3.61803
100.361	0.923633	3.61819
100.693	0.923672	3.61835
101.024	0.923712	3.61851
101.355	0.923751	3.61867
101.686	0.923791	3.61883
102.017	0.923831	3.61899
102.349	0.923871	3.61914
102.68	0.923911	3.6193
103.011	0.923952	3.61946
103.342	0.923992	3.61962
103.674	0.924033	3.61978
104.005	0.924073	3.61994
104.336	0.924114	3.6201
104.667	0.924155	3.62026
104.999	0.924196	3.62042
105.33	0.924238	3.62058
105.661	0.924279	3.62073
105.992	0.92432	3.62089
106.323	0.924362	3.62105
106.655	0.924404	3.62121
106.986	0.924445	3.62137
107.317	0.924487	3.62153
107.648	0.924529	3.62169
107.98	0.924571	3.62185
108.311	0.924613	3.62201
108.642	0.924656	3.62217
108.973	0.924698	3.62232
109.304	0.92474	3.62248
109.636	0.924783	3.62264
109.967	0.924825	3.6228
110.298	0.924868	3.62296
110.629	0.924911	3.62312
110.961	0.924954	3.62328
111.292	0.924996	3.62344
111.623	0.925039	3.6236
111.954	0.925082	3.62376
112.285	0.925125	3.62391
112.617	0.925169	3.62407
112.948	0.925212	3.62423
113.279	0.925255	3.62439
113.61	0.925298	3.62455
113.942	0.925342	3.62471
114.273	0.925385	3.62487
114.604	0.925429	3.62503
114.935	0.925472	3.62519
115.267	0.925516	3.62534
115.598	0.925559	3.6255
115.929	0.925603	3.62566
116.26	0.925647	3.62582
116.591	0.925691	3.62598
116.923	0.925734	3.62614
117.254	0.925778	3.6263
117.585	0.925822	3.62646
117.916	0.925866	3.62662
118.248	0.92591	3.62677
118.579	0.925954	3.62693
118.91	0.925998	3.62709
119.241	0.926042	3.62725
119.572	0.926086	3.62741
119.904	0.92613	3.62757
120.235	0.926175	3.62773
120.566	0.926219	3.62789
120.897	0.926263	3.62804
121.229	0.926307	3.6282
121.56	0.926352	3.62836
121.891	0.926396	3.62852
122.222	0.92644	3.62868
122.553	0.926485	3.62884
122.885	0.926529	3.629
123.216	0.926574	3.62916
123.547	0.926618	3.62932
123.878	0.926663	3.62947
124.21	0.926707	3.62963
124.541	0.926752	3.62979
124.872	0.926796	3.62995
125.203	0.926841	3.63011
125.535	0.926885	3.63027
125.866	0.92693	3.63043
126.197	0.926974	3.63059
126.528	0.927019	3.63074
126.859	0.927064	3.6309
127.191	0.927108	3.63106
127.522	0.927153	3.63122
127.853	0.927198	3.63138
128.184	0.927242	3.63154
128.516	0.927287	3.6317
128.847	0.927332	3.63186
129.178	0.927377	3.63202
129.509	0.927421	3.63217
129.84	0.927466	3.63233
130.172	0.927511	3.63249
130.503	0.927555	3.63265
130.834	0.9276	3.63281
131.165	0.927645	3.63297
131.497	0.92769	3.63313
131.828	0.927735	3.63329
132.159	0.927779	3.63344
132.49	0.927824	3.6336
132.821	0.927869	3.63376
133.153	0.927914	3.63392
133.484	0.927959	3.63408
133.815	0.928003	3.63424
134.146	0.928048	3.6344
134.478	0.928093	3.63456
134.809	0.928138	3.63471
135.14	0.928183	3.63487
135.471	0.928228	3.63503
135.803	0.928272	3.63519
136.134	0.928317	3.63535
136.465	0.928362	3.63551
136.796	0.928407	3.63567
137.127	0.928452	3.63583
137.459	0.928497	3.63598
137.79	0.928541	3.63614
138.121	0.928586	3.6363
138.452	0.928631	3.63646
138.784	0.928676	3.63662
139.115	0.928721	3.63678
139.446	0.928765	3.63694
139.777	0.92881	3.6371
140.108	0.928855	3.63725
140.44	0.9289	3.63741
140.771	0.928945	3.63757
141.102	0.92899	3.63773
141.433	0.929034	3.63789
141.765	0.929079	3.63805
142.096	0.929124	3.63821
142.427	0.929169	3.63837
142.758	0.929214	3.63852
143.089	0.929258	3.63868
143.421	0.929303	3.63884
143.752	0.929348	3.639
144.083	0.929393	3.63916
144.414	0.929437	3.63932
144.746	0.929482	3.63948
145.077	0.929527	3.63964
145.408	0.929572	3.63979
145.739	0.929616	3.63995
146.071	0.929661	3.64011
146.402	0.929706	3.64027
146.733	0.929751	3.64043
147.064	0.929795	3.64059
147.395	0.92984	3.64075
147.727	0.929885	3.64091
148.058	0.929929	3.64106
148.389	0.929974	3.64122
148.72	0.930019	3.64138
149.052	0.930063	3.64154
149.383	0.930108	3.6417
149.714	0.930153	3.64186
150.045	0.930197	3.64202
150.376	0.930242	3.64217
150.708	0.930287	3.64233
151.039	0.930331	3.64249
151.37	0.930376	3.64265
151.701	0.93042	3.64281
152.033	0.930465	3.64297
152.364	0.930509	3.64313
152.695	0.930554	3.64329
153.026	0.930599	3.64344
153.357	0.930643	3.6436
153.689	0.930688	3.64376
154.02	0.930732	3.64392
154.351	0.930777	3.64408
154.682	0.930821	3.64424
155.014	0.930866	3.6444
155.345	0.93091	3.64456
155.676	0.930955	3.64471
156.007	0.930999	3.64487
156.338	0.931044	3.64503
156.67	0.931088	3.64519
157.001	0.931133	3.64535
157.332	0.931177	3.64551
157.663	0.931221	3.64567
157.995	0.931266	3.64582
158.326	0.93131	3.64598
158.657	0.931355	3.64614
158.988	0.931399	3.6463
159.32	0.931443	3.64646
159.651	0.931488	3.64662
159.982	0.931532	3.64678
160.317	0.931577	3.64694
160.648	0.931621	3.6471
160.979	0.931665	3.64725
161.31	0.93171	3.64741
161.641	0.931754	3.64757
161.973	0.931798	3.64773
162.304	0.931842	3.64789
162.635	0.931887	3.64805
162.966	0.931931	3.64821
163.298	0.931975	3.64836
163.629	0.932019	3.64852
163.96	0.932064	3.64868
164.291	0.932108	3.64884
164.622	0.932152	3.649
164.954	0.932196	3.64916
165.285	0.93224	3.64932
165.616	0.932284	3.64948
165.947	0.932329	3.64963
166.279	0.932373	3.64979
166.61	0.932417	3.64995
166.941	0.932461	3.65011
167.272	0.932505	3.65027
167.603	0.932549	3.65043
167.935	0.932593	3.65059
168.266	0.932637	3.65074
168.597	0.932681	3.6509
168.928	0.932725	3.65106
169.26	0.932769	3.65122
169.591	0.932813	3.65138
169.922	0.932857	3.65154
170.253	0.932901	3.6517
170.585	0.932945	3.65185
170.916	0.932989	3.65201
171.247	0.933033	3.65217
171.578	0.933077	3.65233
171.909	0.933121	3.65249
172.241	0.933165	3.65265
172.572	0.933209	3.65281
172.903	0.933253	3.65297
173.234	0.933296	3.65312
173.566	0.93334	3.65328
173.897	0.933384	3.65344
174.228	0.933428	3.6536
174.559	0.933472	3.65376
174.89	0.933516	3.65392
175.222	0.933559	3.65408
175.553	0.933603	3.65423
175.884	0.933647	3.65439
176.215	0.933691	3.65455
176.547	0.933734	3.65471
176.878	0.933778	3.65487
177.209	0.933822	3.65503
177.54	0.933866	3.65519
177.871	0.933909	3.65534
178.203	0.933953	3.6555
178.534	0.933997	3.65566
178.865	0.93404	3.65582
179.196	0.934084	3.65598
179.528	0.934127	3.65614
179.859	0.934171	3.6563
180.19	0.934215	3.65646
180.521	0.934258	3.65661
180.853	0.934302	3.65677
181.184	0.934345	3.65693
181.515	0.934389	3.65709
181.846	0.934432	3.65725
182.177	0.934476	3.65741
182.509	0.934519	3.65757
182.84	0.934563	3.65772
183.171	0.934606	3.65788
183.502	0.93465	3.65804
183.834	0.934693	3.6582
184.165	0.934737	3.65836
184.496	0.93478	3.65852
184.827	0.934824	3.65868
185.158	0.934867	3.65883
185.49	0.93491	3.65899
185.821	0.934954	3.65915
186.152	0.934997	3.65931
186.483	0.935041	3.65947
186.815	0.935084	3.65963
187.146	0.935127	3.65979
187.477	0.935171	3.65994
187.808	0.935214	3.6601
188.139	0.935257	3.66026
188.471	0.9353	3.66042
188.802	0.935344	3.66058
189.133	0.935387	3.66074
189.464	0.93543	3.6609
189.796	0.935473	3.66105
190.127	0.935517	3.66121
190.458	0.93556	3.66137
190.789	0.935603	3.66153
191.12	0.935646	3.66169
191.452	0.935689	3.66185
191.783	0.935732	3.66201
192.114	0.935776	3.66217
192.445	0.935819	3.66232
192.777	0.935862	3.66248
193.108	0.935905	3.66264
193.439	0.935948	3.6628
193.77	0.935991	3.66296
194.102	0.936034	3.66312
194.433	0.936077	3.66328
194.764	0.93612	3.66343
195.095	0.936163	3.66359
195.426	0.936206	3.66375
195.758	0.936249	3.66391
196.089	0.936292	3.66407
196.42	0.936335	3.66423
196.751	0.936378	3.66439
197.083	0.936421	3.66454
197.414	0.936464	3.6647
197.745	0.936507	3.66486
198.076	0.93655	3.66502
198.407	0.936593	3.66518
198.739	0.936636	3.66534
199.07	0.936678	3.6655
199.401	0.936721	3.66565
199.732	0.936764	3.66581
200.064	0.936807	3.66597
200.395	0.93685	3.66613
200.726	0.936893	3.66629
201.057	0.936935	3.66645
201.388	0.936978	3.66661
201.72	0.937021	3.66676
202.051	0.937064	3.66692
202.382	0.937106	3.66708
202.713	0.937149	3.66724
203.045	0.937192	3.6674
203.376	0.937234	3.66756
203.707	0.937277	3.66772
204.038	0.93732	3.66787
204.37	0.937362	3.66803
204.701	0.937405	3.66819
205.032	0.937448	3.66835
205.363	0.93749	3.66851
205.694	0.937533	3.66867
206.026	0.937576	3.66883
206.357	0.937618	3.66898
206.688	0.937661	3.66914
207.019	0.937703	3.6693
207.351	0.937746	3.66946
207.682	0.937788	3.66962
208.013	0.937831	3.66978
208.344	0.937873	3.66994
208.675	0.937916	3.67009
209.007	0.937958	3.67025
209.338	0.938001	3.67041
209.669	0.938043	3.67057
210	0.938086	3.67073
210.332	0.938128	3.67089
210.663	0.938171	3.67105
210.994	0.938213	3.6712
211.325	0.938255	3.67136
211.656	0.938298	3.67152
211.988	0.93834	3.67168
212.319	0.938382	3.67184
212.65	0.938425	3.672
212.981	0.938467	3.67216
213.313	0.938509	3.67231
213.644	0.938552	3.67247
213.975	0.938594	3.67263
214.306	0.938636	3.67279
214.638	0.938679	3.67295
214.969	0.938721	3.67311
215.3	0.938763	3.67327
215.631	0.938805	3.67342
215.962	0.938847	3.67358
216.294	0.93889	3.67374
216.625	0.938932	3.6739
216.956	0.938974	3.67406
217.287	0.939016	3.67422
217.619	0.939058	3.67438
217.95	0.9391	3.67453
218.281	0.939143	3.67469
218.612	0.939185	3.67485
218.943	0.939227	3.67501
219.275	0.939269	3.67517
219.606	0.939311	3.67533
219.937	0.939353	3.67549
220.268	0.939395	3.67564
220.6	0.939437	3.6758
220.931	0.939479	3.67596
221.262	0.939521	3.67612
221.593	0.939563	3.67628
221.924	0.939605	3.67644
222.256	0.939647	3.6766
222.587	0.939689	3.67675
222.918	0.939731	3.67691
223.249	0.939773	3.67707
223.581	0.939815	3.67723
223.912	0.939857	3.67739
224.243	0.939899	3.67755
224.574	0.93994	3.67771
224.906	0.939982	3.67786
225.237	0.940024	3.67802
225.568	0.940066	3.67818
225.899	0.940108	3.67834
226.23	0.94015	3.6785
226.562	0.940192	3.67866
226.893	0.940233	3.67882
227.224	0.940275	3.67897
227.555	0.940317	3.67913
227.887	0.940359	3.67929
228.218	0.9404	3.67945
228.549	0.940442	3.67961
228.88	0.940484	3.67977
229.211	0.940526	3.67993
229.543	0.940567	3.68008
229.874	0.940609	3.68024
230.205	0.940651	3.6804
230.536	0.940692	3.68056
230.868	0.940734	3.68072
231.199	0.940775	3.68088
231.53	0.940817	3.68104
231.861	0.940859	3.68119
232.192	0.9409	3.68135
232.524	0.940942	3.68151
232.855	0.940983	3.68167
233.186	0.941025	3.68183
233.517	0.941067	3.68199
233.849	0.941108	3.68215
234.18	0.94115	3.6823
234.511	0.941191	3.68246
234.842	0.941233	3.68262
235.174	0.941274	3.68278
235.505	0.941316	3.68294
235.836	0.941357	3.6831
236.167	0.941398	3.68326
236.498	0.94144	3.68341
236.83	0.941481	3.68357
237.161	0.941523	3.68373
237.492	0.941564	3.68389
237.823	0.941605	3.68405
238.155	0.941647	3.68421
238.486	0.941688	3.68437
238.817	0.94173	3.68452
239.148	0.941771	3.68468
239.479	0.941812	3.68484
239.811	0.941853	3.685
240.142	0.941895	3.68516
240.473	0.941936	3.68532
240.804	0.941977	3.68548
241.136	0.942019	3.68563
241.467	0.94206	3.68579
241.798	0.942101	3.68595
242.129	0.942142	3.68611
242.46	0.942183	3.68627
242.792	0.942225	3.68643
243.123	0.942266	3.68659
243.454	0.942307	3.68674
243.785	0.942348	3.6869
244.117	0.942389	3.68706
244.448	0.94243	3.68722
244.779	0.942472	3.68738
245.11	0.942513	3.68754
245.442	0.942554	3.6877
245.773	0.942595	3.68785
246.104	0.942636	3.68801
246.435	0.942677	3.68817
246.766	0.942718	3.68833
247.098	0.942759	3.68849
247.429	0.9428	3.68865
247.76	0.942841	3.68881
248.091	0.942882	3.68896
248.423	0.942923	3.68912
248.754	0.942964	3.68928
249.085	0.943005	3.68944
249.416	0.943046	3.6896
249.747	0.943087	3.68976
250.079	0.943128	3.68992
250.41	0.943169	3.69007
250.741	0.94321	3.69023
251.072	0.94325	3.69039
251.404	0.943291	3.69055
251.735	0.943332	3.69071
252.066	0.943373	3.69087
252.397	0.943414	3.69103
252.728	0.943455	3.69118
253.06	0.943496	3.69134
253.391	0.943536	3.6915
253.722	0.943577	3.69166
254.053	0.943618	3.69182
254.385	0.943659	3.69198
254.716	0.943699	3.69214
255.047	0.94374	3.6923
255.378	0.943781	3.69245
255.709	0.943822	3.69261
256.041	0.943862	3.69277
256.372	0.943903	3.69293
256.703	0.943944	3.69309
257.034	0.943984	3.69325
257.366	0.944025	3.69341
257.697	0.944066	3.69356
258.028	0.944106	3.69372
258.359	0.944147	3.69388
258.691	0.944187	3.69404
259.022	0.944228	3.6942
259.353	0.944269	3.69436
259.684	0.944309	3.69452
260.015	0.94435	3.69467
260.347	0.94439	3.69483
260.678	0.944431	3.69499
261.009	0.944471	3.69515
261.34	0.944512	3.69531
261.672	0.944552	3.69547
262.003	0.944593	3.69563
262.334	0.944633	3.69578
262.665	0.944674	3.69594
262.996	0.944714	3.6961
263.328	0.944755	3.69626
263.659	0.944795	3.69642
263.99	0.944835	3.69658
264.321	0.944876	3.69674
264.653	0.944916	3.69689
264.984	0.944957	3.69705
265.315	0.944997	3.69721
265.646	0.945037	3.69737
265.977	0.945078	3.69753
266.309	0.945118	3.69769
266.64	0.945158	3.69785
266.971	0.945199	3.698
267.302	0.945239	3.69816
267.634	0.945279	3.69832
267.965	0.945319	3.69848
268.296	0.94536	3.69864
268.627	0.9454	3.6988
268.959	0.94544	3.69896
269.29	0.94548	3.69911
269.621	0.94552	3.69927
269.952	0.945561	3.69943
270.283	0.945601	3.69959
270.615	0.945641	3.69975
270.946	0.945681	3.69991
271.277	0.945721	3.70007
271.608	0.945761	3.70022
271.94	0.945802	3.70038
272.271	0.945842	3.70054
272.602	0.945882	3.7007
272.933	0.945922	3.70086
273.264	0.945962	3.70102
273.596	0.946002	3.70118
273.927	0.946042	3.70133
274.258	0.946082	3.70149
274.589	0.946122	3.70165
274.921	0.946162	3.70181
275.252	0.946202	3.70197
275.583	0.946242	3.70213
275.914	0.946282	3.70229
276.245	0.946322	3.70245
276.577	0.946362	3.7026
276.908	0.946402	3.70276
277.239	0.946442	3.70292
277.57	0.946482	3.70308
277.902	0.946522	3.70324
278.233	0.946561	3.7034
278.564	0.946601	3.70356
278.895	0.946641	3.70371
279.227	0.946681	3.70387
279.558	0.946721	3.70403
279.889	0.946761	3.70419
280.22	0.946801	3.70435
280.551	0.94684	3.70451
280.883	0.94688	3.70467
281.214	0.94692	3.70482
281.545	0.94696	3.70498
281.876	0.946999	3.70514
282.208	0.947039	3.7053
282.539	0.947079	3.70546
282.87	0.947119	3.70562
283.201	0.947158	3.70578
283.532	0.947198	3.70593
283.864	0.947238	3.70609
284.195	0.947277	3.70625
284.526	0.947317	3.70641
284.857	0.947357	3.70657
285.189	0.947396	3.70673
285.52	0.947436	3.70689
285.851	0.947475	3.70705
286.182	0.947515	3.7072
286.513	0.947555	3.70736
286.845	0.947594	3.70752
287.176	0.947634	3.70768
287.507	0.947673	3.70784
287.838	0.947713	3.708
288.17	0.947752	3.70816
288.501	0.947792	3.70831
288.832	0.947831	3.70847
289.163	0.947871	3.70863
289.495	0.94791	3.70879
289.826	0.94795	3.70895
290.157	0.947989	3.70911
290.488	0.948029	3.70927
290.819	0.948068	3.70942
291.151	0.948108	3.70958
291.482	0.948147	3.70974
291.813	0.948186	3.7099
292.144	0.948226	3.71006
292.476	0.948265	3.71022
292.807	0.948304	3.71038
293.138	0.948344	3.71054
293.469	0.948383	3.71069
293.8	0.948422	3.71085
294.132	0.948462	3.71101
294.463	0.948501	3.71117
294.794	0.94854	3.71133
295.125	0.94858	3.71149
295.457	0.948619	3.71165
295.788	0.948658	3.7118
296.119	0.948697	3.71196
296.45	0.948737	3.71212
296.781	0.948776	3.71228
297.113	0.948815	3.71244
297.444	0.948854	3.7126
297.775	0.948893	3.71276
298.106	0.948933	3.71292
298.434	0.948971	3.71307
298.766	0.94901	3.71323
299.097	0.94905	3.71339
299.428	0.949089	3.71355
299.759	0.949128	3.71371
300.09	0.949167	3.71387
300.422	0.949206	3.71402
300.753	0.949245	3.71418
301.084	0.949284	3.71434
301.415	0.949323	3.7145
301.747	0.949362	3.71466
302.078	0.949401	3.71482
302.409	0.94944	3.71498
302.74	0.949479	3.71513
303.071	0.949518	3.71529
303.403	0.949557	3.71545
303.734	0.949596	3.71561
304.065	0.949635	3.71577
304.396	0.949674	3.71593
304.728	0.949713	3.71609
305.059	0.949752	3.71625
305.39	0.949791	3.7164
305.721	0.94983	3.71656
306.052	0.949869	3.71672
306.384	0.949907	3.71688
306.715	0.949946	3.71704
307.046	0.949985	3.7172
307.377	0.950024	3.71736
307.709	0.950063	3.71752
308.04	0.950102	3.71767
308.371	0.95014	3.71783
308.702	0.950179	3.71799
309.034	0.950218	3.71815
309.365	0.950257	3.71831
309.696	0.950295	3.71847
310.027	0.950334	3.71863
310.358	0.950373	3.71878
310.69	0.950412	3.71894
311.021	0.95045	3.7191
311.352	0.950489	3.71926
311.683	0.950528	3.71942
312.015	0.950566	3.71958
312.346	0.950605	3.71974
312.677	0.950644	3.7199
313.008	0.950682	3.72005
313.339	0.950721	3.72021
313.671	0.95076	3.72037
314.002	0.950798	3.72053
314.333	0.950837	3.72069
314.664	0.950875	3.72085
314.996	0.950914	3.72101
315.327	0.950952	3.72117
315.658	0.950991	3.72132
315.989	0.951029	3.72148
316.32	0.951068	3.72164
316.652	0.951106	3.7218
316.983	0.951145	3.72196
317.314	0.951183	3.72212
317.645	0.951222	3.72228
317.977	0.95126	3.72244
318.308	0.951299	3.72259
318.639	0.951337	3.72275
318.97	0.951376	3.72291
319.302	0.951414	3.72307
319.633	0.951452	3.72323
319.964	0.951491	3.72339
320.295	0.951529	3.72355
320.626	0.951568	3.72371
320.958	0.951606	3.72386
321.289	0.951644	3.72402
321.62	0.951683	3.72418
321.951	0.951721	3.72434
322.283	0.951759	3.7245
322.614	0.951797	3.72466
322.945	0.951836	3.72482
323.276	0.951874	3.72497
323.607	0.951912	3.72513
323.939	0.951951	3.72529
324.27	0.951989	3.72545
324.601	0.952027	3.72561
324.932	0.952065	3.72577
325.264	0.952103	3.72593
325.595	0.952142	3.72609
325.926	0.95218	3.72624
326.257	0.952218	3.7264
326.588	0.952256	3.72656
326.92	0.952294	3.72672
327.251	0.952332	3.72688
327.582	0.95237	3.72704
327.913	0.952409	3.7272
328.245	0.952447	3.72736
328.576	0.952485	3.72752
328.907	0.952523	3.72767
329.238	0.952561	3.72783
329.569	0.952599	3.72799
329.901	0.952637	3.72815
330.232	0.952675	3.72831
330.563	0.952713	3.72847
330.894	0.952751	3.72863
331.226	0.952789	3.72879
331.557	0.952827	3.72894
331.888	0.952865	3.7291
332.219	0.952903	3.72926
332.551	0.952941	3.72942
332.882	0.952979	3.72958
333.213	0.953017	3.72974
333.544	0.953054	3.7299
333.875	0.953092	3.73006
334.207	0.95313	3.73021
334.538	0.953168	3.73037
334.869	0.953206	3.73053
335.2	0.953244	3.73069
335.532	0.953282	3.73085
335.863	0.953319	3.73101
336.194	0.953357	3.73117
336.525	0.953395	3.73133
336.856	0.953433	3.73148
337.188	0.953471	3.73164
337.519	0.953508	3.7318
337.85	0.953546	3.73196
338.181	0.953584	3.73212
338.513	0.953622	3.73228
338.844	0.953659	3.73244
339.175	0.953697	3.7326
339.506	0.953735	3.73276
339.837	0.953772	3.73291
340.169	0.95381	3.73307
340.5	0.953848	3.73323
340.831	0.953885	3.73339
341.162	0.953923	3.73355
341.494	0.953961	3.73371
341.825	0.953998	3.73387
342.156	0.954036	3.73403
342.487	0.954073	3.73418
342.819	0.954111	3.73434
343.15	0.954149	3.7345
343.481	0.954186	3.73466
343.812	0.954224	3.73482
344.143	0.954261	3.73498
344.475	0.954299	3.73514
344.806	0.954336	3.7353
345.137	0.954374	3.73546
345.468	0.954411	3.73561
345.8	0.954449	3.73577
346.131	0.954486	3.73593
346.462	0.954524	3.73609
346.793	0.954561	3.73625
347.124	0.954598	3.73641
347.456	0.954636	3.73657
347.787	0.954673	3.73673
348.118	0.954711	3.73688
348.449	0.954748	3.73704
348.781	0.954785	3.7372
349.112	0.954823	3.73736
349.443	0.95486	3.73752
349.774	0.954897	3.73768
350.105	0.954935	3.73784
350.437	0.954972	3.738
350.768	0.955009	3.73816
351.099	0.955047	3.73831
351.43	0.955084	3.73847
351.762	0.955121	3.73863
352.093	0.955158	3.73879
352.424	0.955196	3.73895
352.755	0.955233	3.73911
353.087	0.95527	3.73927
353.418	0.955307	3.73943
353.749	0.955344	3.73959
354.08	0.955382	3.73974
354.411	0.955419	3.7399
354.743	0.955456	3.74006
355.074	0.955493	3.74022
355.405	0.95553	3.74038
355.736	0.955567	3.74054
356.068	0.955605	3.7407
356.399	0.955642	3.74086
356.73	0.955679	3.74102
357.061	0.955716	3.74117
357.392	0.955753	3.74133
357.724	0.95579	3.74149
358.055	0.955827	3.74165
358.386	0.955864	3.74181
358.717	0.955901	3.74197
359.049	0.955938	3.74213
359.38	0.955975	3.74229
359.711	0.956012	3.74245
360.042	0.956049	3.7426
360.373	0.956086	3.74276
360.705	0.956123	3.74292
361.036	0.95616	3.74308
361.367	0.956197	3.74324
361.698	0.956234	3.7434
362.03	0.956271	3.74356
362.361	0.956307	3.74372
362.692	0.956344	3.74388
363.023	0.956381	3.74403
363.355	0.956418	3.74419
363.686	0.956455	3.74435
364.017	0.956492	3.74451
364.348	0.956529	3.74467
364.679	0.956565	3.74483
365.011	0.956602	3.74499
365.342	0.956639	3.74515
365.673	0.956676	3.74531
366.004	0.956713	3.74547
366.336	0.956749	3.74562
366.667	0.956786	3.74578
366.998	0.956823	3.74594
367.329	0.956859	3.7461
367.66	0.956896	3.74626
367.992	0.956933	3.74642
368.323	0.95697	3.74658
368.654	0.957006	3.74674
368.985	0.957043	3.7469
369.317	0.95708	3.74705
369.648	0.957116	3.74721
369.979	0.957153	3.74737
370.31	0.957189	3.74753
370.641	0.957226	3.74769
370.973	0.957263	3.74785
371.304	0.957299	3.74801
371.635	0.957336	3.74817
371.966	0.957372	3.74833
372.298	0.957409	3.74849
372.629	0.957445	3.74864
372.96	0.957482	3.7488
373.291	0.957518	3.74896
373.623	0.957555	3.74912
373.954	0.957591	3.74928
374.285	0.957628	3.74944
374.616	0.957664	3.7496
374.947	0.957701	3.74976
375.279	0.957737	3.74992
375.61	0.957774	3.75008
375.941	0.95781	3.75023
376.272	0.957847	3.75039
376.604	0.957883	3.75055
376.935	0.957919	3.75071
377.266	0.957956	3.75087
377.597	0.957992	3.75103
377.928	0.958028	3.75119
378.26	0.958065	3.75135
378.591	0.958101	3.75151
378.922	0.958137	3.75167
379.253	0.958174	3.75182
379.585	0.95821	3.75198
379.916	0.958246	3.75214
380.247	0.958283	3.7523
380.578	0.958319	3.75246
380.909	0.958355	3.75262
381.241	0.958391	3.75278
381.572	0.958428	3.75294
381.903	0.958464	3.7531
382.234	0.9585	3.75326
382.566	0.958536	3.75342
382.897	0.958572	3.75357
383.228	0.958609	3.75373
383.559	0.958645	3.75389
383.89	0.958681	3.75405
384.222	0.958717	3.75421
384.553	0.958753	3.75437
384.884	0.958789	3.75453
385.215	0.958825	3.75469
385.547	0.958861	3.75485
385.878	0.958898	3.75501
386.209	0.958934	3.75516
386.54	0.95897	3.75532
386.872	0.959006	3.75548
387.203	0.959042	3.75564
387.534	0.959078	3.7558
387.865	0.959114	3.75596
388.196	0.95915	3.75612
388.528	0.959186	3.75628
388.859	0.959222	3.75644
389.19	0.959258	3.7566
389.521	0.959294	3.75676
389.853	0.95933	3.75691
390.184	0.959366	3.75707
390.515	0.959402	3.75723
390.846	0.959437	3.75739
391.177	0.959473	3.75755
391.509	0.959509	3.75771
391.84	0.959545	3.75787
392.171	0.959581	3.75803
392.502	0.959617	3.75819
392.834	0.959653	3.75835
393.165	0.959688	3.75851
393.496	0.959724	3.75866
393.827	0.95976	3.75882
394.158	0.959796	3.75898
394.49	0.959832	3.75914
394.821	0.959867	3.7593
395.152	0.959903	3.75946
395.483	0.959939	3.75962
395.815	0.959975	3.75978
396.146	0.96001	3.75994
396.477	0.960046	3.7601
396.808	0.960082	3.76026
397.14	0.960118	3.76042
397.471	0.960153	3.76057
397.802	0.960189	3.76073
398.133	0.960225	3.76089
398.464	0.96026	3.76105
398.796	0.960296	3.76121
399.127	0.960332	3.76137
399.458	0.960367	3.76153
399.789	0.960403	3.76169
400.121	0.960438	3.76185
400.452	0.960474	3.76201
400.783	0.96051	3.76217
401.114	0.960545	3.76233
401.445	0.960581	3.76248
401.777	0.960616	3.76264
402.108	0.960652	3.7628
402.439	0.960687	3.76296
402.77	0.960723	3.76312
403.102	0.960758	3.76328
403.433	0.960794	3.76344
403.764	0.960829	3.7636
404.095	0.960865	3.76376
404.426	0.9609	3.76392
404.758	0.960936	3.76408
405.089	0.960971	3.76424
405.42	0.961006	3.76439
405.751	0.961042	3.76455
406.083	0.961077	3.76471
406.414	0.961113	3.76487
406.745	0.961148	3.76503
407.076	0.961183	3.76519
407.408	0.961219	3.76535
407.739	0.961254	3.76551
408.07	0.961289	3.76567
408.401	0.961325	3.76583
408.732	0.96136	3.76599
409.064	0.961395	3.76615
409.395	0.96143	3.76631
409.726	0.961466	3.76646
410.057	0.961501	3.76662
410.389	0.961536	3.76678
410.72	0.961571	3.76694
411.051	0.961607	3.7671
411.382	0.961642	3.76726
411.713	0.961677	3.76742
412.045	0.961712	3.76758
412.376	0.961747	3.76774
412.707	0.961783	3.7679
413.038	0.961818	3.76806
413.37	0.961853	3.76822
413.701	0.961888	3.76838
414.032	0.961923	3.76854
414.363	0.961958	3.76869
414.694	0.961993	3.76885
415.026	0.962029	3.76901
415.357	0.962064	3.76917
415.688	0.962099	3.76933
416.019	0.962134	3.76949
416.351	0.962169	3.76965
416.682	0.962204	3.76981
417.013	0.962239	3.76997
417.344	0.962274	3.77013
417.676	0.962309	3.77029
418.007	0.962344	3.77045
418.338	0.962379	3.77061
418.669	0.962414	3.77077
419	0.962449	3.77092
419.332	0.962484	3.77108
419.663	0.962519	3.77124
419.994	0.962554	3.7714
420.325	0.962588	3.77156
420.657	0.962623	3.77172
420.988	0.962658	3.77188
421.319	0.962693	3.77204
421.65	0.962728	3.7722
421.981	0.962763	3.77236
422.313	0.962798	3.77252
422.644	0.962832	3.77268
422.975	0.962867	3.77284
423.306	0.962902	3.773
423.638	0.962937	3.77316
423.969	0.962972	3.77331
424.3	0.963006	3.77347
424.631	0.963041	3.77363
424.962	0.963076	3.77379
425.294	0.963111	3.77395
425.625	0.963145	3.77411
425.956	0.96318	3.77427
426.287	0.963215	3.77443
426.619	0.96325	3.77459
426.95	0.963284	3.77475
427.281	0.963319	3.77491
427.612	0.963354	3.77507
427.944	0.963388	3.77523
428.275	0.963423	3.77539
428.606	0.963458	3.77555
428.937	0.963492	3.77571
429.268	0.963527	3.77586
429.6	0.963561	3.77602
429.931	0.963596	3.77618
430.262	0.963631	3.77634
430.593	0.963665	3.7765
430.925	0.9637	3.77666
431.256	0.963734	3.77682
431.587	0.963769	3.77698
431.918	0.963803	3.77714
432.249	0.963838	3.7773
432.581	0.963872	3.77746
432.912	0.963907	3.77762
433.243	0.963941	3.77778
433.574	0.963976	3.77794
433.906	0.96401	3.7781
434.237	0.964045	3.77826
434.568	0.964079	3.77842
434.899	0.964114	3.77857
435.23	0.964148	3.77873
435.562	0.964182	3.77889
435.893	0.964217	3.77905
436.224	0.964251	3.77921
436.555	0.964285	3.77937
436.887	0.96432	3.77953
437.218	0.964354	3.77969
437.549	0.964389	3.77985
437.88	0.964423	3.78001
438.212	0.964457	3.78017
438.543	0.964491	3.78033
438.874	0.964526	3.78049
439.205	0.96456	3.78065
439.536	0.964594	3.78081
439.868	0.964629	3.78097
440.199	0.964663	3.78113
440.53	0.964697	3.78129
440.861	0.964731	3.78145
441.193	0.964766	3.7816
441.524	0.9648	3.78176
441.855	0.964834	3.78192
442.186	0.964868	3.78208
442.517	0.964902	3.78224
442.849	0.964936	3.7824
443.18	0.964971	3.78256
443.511	0.965005	3.78272
443.842	0.965039	3.78288
444.174	0.965073	3.78304
444.505	0.965107	3.7832
444.836	0.965141	3.78336
445.167	0.965175	3.78352
445.498	0.965209	3.78368
445.83	0.965243	3.78384
446.161	0.965277	3.784
446.492	0.965311	3.78416
446.823	0.965345	3.78432
447.155	0.965379	3.78448
447.486	0.965413	3.78464
447.817	0.965447	3.7848
448.148	0.965481	3.78495
448.479	0.965515	3.78511
448.811	0.965549	3.78527
449.142	0.965583	3.78543
449.473	0.965617	3.78559
449.804	0.965651	3.78575
450.136	0.965685	3.78591
450.467	0.965719	3.78607
450.798	0.965753	3.78623
451.129	0.965787	3.78639
451.461	0.965821	3.78655
451.792	0.965855	3.78671
452.123	0.965888	3.78687
452.454	0.965922	3.78703
452.785	0.965956	3.78719
453.117	0.96599	3.78735
453.448	0.966024	3.78751
453.779	0.966058	3.78767
454.11	0.966091	3.78783
454.442	0.966125	3.78799
454.773	0.966159	3.78815
455.104	0.966193	3.78831
455.435	0.966226	3.78847
455.766	0.96626	3.78863
456.098	0.966294	3.78879
456.429	0.966328	3.78895
456.76	0.966361	3.7891
457.091	0.966395	3.78926
457.423	0.966429	3.78942
457.754	0.966462	3.78958
458.085	0.966496	3.78974
458.416	0.96653	3.7899
458.747	0.966563	3.79006
459.079	0.966597	3.79022
459.41	0.96663	3.79038
459.741	0.966664	3.79054
460.072	0.966698	3.7907
460.404	0.966731	3.79086
460.735	0.966765	3.79102
461.066	0.966798	3.79118
461.397	0.966832	3.79134
461.729	0.966865	3.7915
462.06	0.966899	3.79166
462.391	0.966932	3.79182
462.722	0.966966	3.79198
463.053	0.966999	3.79214
463.385	0.967033	3.7923
463.716	0.967066	3.79246
464.047	0.9671	3.79262
464.378	0.967133	3.79278
464.71	0.967167	3.79294
465.041	0.9672	3.7931
465.372	0.967234	3.79326
465.703	0.967267	3.79342
466.034	0.9673	3.79358
466.366	0.967334	3.79374
466.697	0.967367	3.7939
467.028	0.967401	3.79406
467.359	0.967434	3.79422
467.691	0.967467	3.79438
468.022	0.967501	3.79453
468.353	0.967534	3.79469
468.684	0.967567	3.79485
469.015	0.9676	3.79501
469.347	0.967634	3.79517
469.678	0.967667	3.79533
470.009	0.9677	3.79549
470.34	0.967734	3.79565
470.672	0.967767	3.79581
471.003	0.9678	3.79597
471.334	0.967833	3.79613
471.665	0.967866	3.79629
471.997	0.9679	3.79645
472.328	0.967933	3.79661
472.659	0.967966	3.79677
472.99	0.967999	3.79693
473.321	0.968032	3.79709
473.653	0.968066	3.79725
473.984	0.968099	3.79741
474.315	0.968132	3.79757
474.646	0.968165	3.79773
474.978	0.968198	3.79789
475.309	0.968231	3.79805
475.64	0.968264	3.79821
475.971	0.968297	3.79837
476.302	0.96833	3.79853
476.634	0.968363	3.79869
476.965	0.968396	3.79885
477.296	0.968429	3.79901
477.627	0.968462	3.79917
477.959	0.968495	3.79933
478.29	0.968528	3.79949
478.621	0.968561	3.79965
478.952	0.968594	3.79981
479.283	0.968627	3.79997
479.615	0.96866	3.80013
479.946	0.968693	3.80029
480.277	0.968726	3.80045
480.608	0.968759	3.80061
480.94	0.968792	3.80077
481.271	0.968825	3.80093
481.602	0.968858	3.80109
481.933	0.968891	3.80125
482.265	0.968924	3.80141
482.596	0.968956	3.80157
482.927	0.968989	3.80173
483.258	0.969022	3.80189
483.589	0.969055	3.80205
483.921	0.969088	3.80221
484.252	0.969121	3.80237
484.583	0.969153	3.80253
484.914	0.969186	3.80269
485.246	0.969219	3.80285
485.577	0.969252	3.80301
485.908	0.969284	3.80317
486.239	0.969317	3.80333
486.57	0.96935	3.80349
486.902	0.969383	3.80365
487.233	0.969415	3.80381
487.564	0.969448	3.80397
487.895	0.969481	3.80413
488.227	0.969513	3.80429
488.558	0.969546	3.80445
488.889	0.969579	3.80461
489.22	0.969611	3.80477
489.551	0.969644	3.80493
489.883	0.969677	3.80509
490.214	0.969709	3.80525
490.545	0.969742	3.80541
490.876	0.969774	3.80557
491.208	0.969807	3.80573
491.539	0.96984	3.80589
491.87	0.969872	3.80605
492.201	0.969905	3.80621
492.533	0.969937	3.80637
492.864	0.96997	3.80653
493.195	0.970002	3.80669
493.526	0.970035	3.80685
493.857	0.970067	3.80701
494.189	0.9701	3.80717
494.52	0.970132	3.80733
494.851	0.970165	3.80749
495.182	0.970197	3.80765
495.514	0.97023	3.80781
495.845	0.970262	3.80797
496.176	0.970294	3.80813
496.507	0.970327	3.80829
496.838	0.970359	3.80845
497.17	0.970392	3.80861
497.501	0.970424	3.80877
497.832	0.970456	3.80893
498.163	0.970489	3.80909
498.495	0.970521	3.80925
498.826	0.970553	3.80941
499.157	0.970586	3.80957
499.488	0.970618	3.80973
499.819	0.97065	3.80989
