0	1.00149	3.55791
0	1.00149	3.55791
0.236554	1.00192	3.55864
0.470766	1.00301	3.56054
0.702636	1.00445	3.56307
0.936848	1.00595	3.56579
1.17106	1.00725	3.56817
1.40761	1.00819	3.56992
1.64183	1.00866	3.57088
1.87604	1.00867	3.57107
2.11025	1.00831	3.57062
2.34212	1.0077	3.56978
2.57633	1.00698	3.56877
2.81054	1.00625	3.56781
3.04475	1.0056	3.56702
3.27897	1.00509	3.56652
3.51318	1.00473	3.56631
3.74739	1.00452	3.56638
3.9816	1.00441	3.56667
4.21581	1.00438	3.56712
4.45003	1.00436	3.56765
4.68424	1.0043	3.56814
4.91845	1.00418	3.56853
5.155	1.00396	3.56878
5.38922	1.00366	3.5689
5.62343	1.00328	3.56891
5.85764	1.00285	3.56885
6.09185	1.00239	3.56876
6.32606	1.00192	3.56868
6.56027	1.00144	3.56861
6.79449	1.00097	3.56857
7.0287	1.00051	3.56858
7.26291	1.00007	3.56864
7.49712	0.999651	3.56876
7.73133	0.999235	3.5689
7.96555	0.998815	3.56907
8.19976	0.998382	3.56922
8.43397	0.997931	3.56936
8.66818	0.997458	3.56948
8.90239	0.996964	3.56957
9.13661	0.996453	3.56966
9.37082	0.995927	3.56973
9.60503	0.995388	3.56979
9.83924	0.994839	3.56985
10.0735	0.994284	3.56991
10.3077	0.993725	3.56997
10.5419	0.993164	3.57004
10.7761	0.992603	3.57012
11.0103	0.992041	3.57022
11.2445	0.991477	3.57032
11.4787	0.99091	3.57042
11.7129	0.990337	3.57051
11.9471	0.989759	3.57061
12.1814	0.989176	3.5707
12.4156	0.988588	3.5708
12.6498	0.987995	3.57088
12.884	0.987398	3.57097
13.1182	0.986798	3.57105
13.3524	0.986194	3.57114
13.5866	0.985589	3.57122
13.8208	0.984982	3.5713
14.0551	0.984375	3.57138
14.2893	0.983768	3.57147
14.5235	0.983161	3.57155
14.7577	0.982554	3.57164
14.9919	0.981947	3.57173
15.2261	0.98134	3.57181
15.4603	0.980733	3.5719
15.6945	0.980127	3.57198
15.9288	0.979521	3.57207
16.163	0.978916	3.57215
16.3972	0.978312	3.57223
16.6314	0.977709	3.57231
16.8656	0.977108	3.57239
17.0998	0.976509	3.57247
17.334	0.975911	3.57255
17.5682	0.975316	3.57263
17.8024	0.974724	3.57271
18.0367	0.974134	3.57279
18.2685	0.973554	3.57287
18.5027	0.97297	3.57295
18.737	0.972389	3.57302
18.9712	0.971812	3.5731
19.2054	0.971238	3.57317
19.4396	0.970668	3.57325
19.6738	0.970101	3.57332
19.908	0.969538	3.5734
20.1422	0.968979	3.57347
20.3764	0.968425	3.57354
20.6106	0.967874	3.57361
20.8449	0.967328	3.57368
21.0791	0.966786	3.57375
21.3133	0.966248	3.57382
21.5475	0.965715	3.57389
21.7817	0.965187	3.57396
22.0159	0.964664	3.57402
22.2501	0.964146	3.57409
22.4843	0.963632	3.57416
22.7186	0.963124	3.57422
22.9528	0.96262	3.57429
23.187	0.962122	3.57435
23.4212	0.961629	3.57441
23.6554	0.96114	3.57447
23.8896	0.960658	3.57454
24.1238	0.96018	3.5746
24.358	0.959708	3.57466
24.5922	0.959241	3.57472
24.8265	0.95878	3.57477
25.0607	0.958323	3.57483
25.2949	0.957873	3.57489
25.5291	0.957428	3.57494
25.7633	0.956988	3.575
25.9975	0.956553	3.57506
26.2317	0.956125	3.57511
26.4659	0.955701	3.57516
26.7002	0.955283	3.57522
26.9344	0.954871	3.57527
27.1686	0.954464	3.57532
27.4028	0.954062	3.57537
27.637	0.953666	3.57542
27.8712	0.953275	3.57547
28.1054	0.95289	3.57552
28.3396	0.95251	3.57557
28.5739	0.952135	3.57562
28.8081	0.951766	3.57566
29.0423	0.951402	3.57571
29.2765	0.951043	3.57575
29.5107	0.95069	3.5758
29.7449	0.950342	3.57584
29.9791	0.949999	3.57589
30.2133	0.949661	3.57593
30.4475	0.949328	3.57597
30.6818	0.949	3.57602
30.916	0.948677	3.57606
31.1502	0.94836	3.5761
31.3844	0.948047	3.57614
31.6186	0.947739	3.57618
31.8528	0.947436	3.57622
32.087	0.947138	3.57626
32.3212	0.946845	3.5763
32.5555	0.946556	3.57633
32.7897	0.946273	3.57637
33.0239	0.945993	3.57641
33.2581	0.945719	3.57644
33.4923	0.945449	3.57648
33.7265	0.945183	3.57652
33.9607	0.944922	3.57655
34.1949	0.944665	3.57658
34.4291	0.944413	3.57662
34.6634	0.944165	3.57665
34.8976	0.943921	3.57668
35.1318	0.943681	3.57672
35.366	0.943446	3.57675
35.6002	0.943214	3.57678
35.8344	0.942987	3.57681
36.0686	0.942763	3.57684
36.3028	0.942544	3.57687
36.5371	0.942328	3.5769
36.7713	0.942117	3.57693
37.0055	0.941909	3.57696
37.2397	0.941704	3.57699
37.4739	0.941504	3.57702
37.7081	0.941307	3.57705
37.9423	0.941113	3.57707
38.1765	0.940923	3.5771
38.4107	0.940737	3.57713
38.645	0.940554	3.57715
38.8792	0.940374	3.57718
39.1134	0.940198	3.57721
39.3476	0.940025	3.57723
39.5818	0.939855	3.57726
39.816	0.939689	3.57728
40.0502	0.939525	3.57731
40.2844	0.939365	3.57733
40.5187	0.939207	3.57735
40.7529	0.939053	3.57738
40.9871	0.938901	3.5774
41.2213	0.938752	3.57742
41.4555	0.938607	3.57745
41.6897	0.938464	3.57747
41.9239	0.938323	3.57749
42.1605	0.938184	3.57751
42.3947	0.938049	3.57753
42.6289	0.937917	3.57756
42.8631	0.937787	3.57758
43.0973	0.93766	3.5776
43.3315	0.937535	3.57762
43.5658	0.937413	3.57764
43.8	0.937293	3.57766
44.0342	0.937176	3.57768
44.2684	0.93706	3.5777
44.5026	0.936948	3.57772
44.7368	0.936837	3.57774
44.971	0.936728	3.57775
45.2052	0.936622	3.57777
45.4394	0.936518	3.57779
45.6737	0.936416	3.57781
45.9079	0.936315	3.57783
46.1421	0.936217	3.57785
46.3763	0.936121	3.57786
46.6105	0.936027	3.57788
46.8447	0.935935	3.5779
47.0789	0.935844	3.57792
47.3131	0.935756	3.57793
47.5474	0.935669	3.57795
47.7816	0.935584	3.57797
48.0158	0.935501	3.57798
48.25	0.935419	3.578
48.4842	0.935339	3.57801
48.7184	0.935261	3.57803
48.9526	0.935184	3.57805
49.1868	0.935109	3.57806
49.421	0.935036	3.57808
49.6553	0.934964	3.57809
49.8895	0.934893	3.57811
50.1237	0.934824	3.57812
50.3579	0.934756	3.57814
50.5921	0.93469	3.57815
50.8263	0.934626	3.57817
51.0605	0.934562	3.57818
51.2947	0.9345	3.57819
51.529	0.934439	3.57821
51.7632	0.93438	3.57822
51.9974	0.934321	3.57824
52.2316	0.934264	3.57825
52.4658	0.934209	3.57826
52.7	0.934154	3.57828
52.9342	0.9341	3.57829
53.1684	0.934048	3.5783
53.4027	0.933997	3.57832
53.6369	0.933947	3.57833
53.8711	0.933898	3.57834
54.1053	0.93385	3.57836
54.3395	0.933803	3.57837
54.5737	0.933757	3.57838
54.8079	0.933712	3.57839
55.0421	0.933668	3.57841
55.2763	0.933625	3.57842
55.5106	0.933583	3.57843
55.7448	0.933542	3.57844
55.979	0.933501	3.57846
56.2132	0.933462	3.57847
56.4474	0.933424	3.57848
56.6816	0.933386	3.57849
56.9158	0.933349	3.5785
57.15	0.933313	3.57852
57.3843	0.933278	3.57853
57.6185	0.933243	3.57854
57.8527	0.93321	3.57855
58.0869	0.933177	3.57856
58.3211	0.933145	3.57857
58.5553	0.933113	3.57858
58.7895	0.933082	3.5786
59.0237	0.933052	3.57861
59.2579	0.933023	3.57862
59.4922	0.932994	3.57863
59.7264	0.932966	3.57864
59.9606	0.932939	3.57865
60.1948	0.932912	3.57866
60.429	0.932886	3.57867
60.6632	0.93286	3.57868
60.8974	0.932835	3.57869
61.1316	0.932811	3.5787
61.3659	0.932787	3.57871
61.6001	0.932763	3.57873
61.8343	0.932741	3.57874
62.0685	0.932718	3.57875
62.3027	0.932697	3.57876
62.5369	0.932676	3.57877
62.7711	0.932655	3.57878
63.0053	0.932635	3.57879
63.2396	0.932615	3.5788
63.4738	0.932596	3.57881
63.708	0.932577	3.57882
63.9422	0.932558	3.57883
64.1764	0.93254	3.57884
64.4106	0.932523	3.57885
64.6448	0.932506	3.57886
64.879	0.932489	3.57887
65.1132	0.932473	3.57888
65.3475	0.932457	3.57889
65.5817	0.932442	3.5789
65.8159	0.932427	3.57891
66.0501	0.932412	3.57892
66.2843	0.932398	3.57893
66.5185	0.932384	3.57894
66.7527	0.93237	3.57894
66.9869	0.932357	3.57895
67.2212	0.932344	3.57896
67.4554	0.932331	3.57897
67.6896	0.932319	3.57898
67.9238	0.932307	3.57899
68.158	0.932295	3.579
68.3922	0.932284	3.57901
68.6264	0.932273	3.57902
68.8606	0.932262	3.57903
69.0948	0.932251	3.57904
69.3291	0.932241	3.57905
69.5633	0.932231	3.57906
69.7975	0.932222	3.57907
70.0317	0.932212	3.57908
70.2659	0.932203	3.57908
70.5001	0.932194	3.57909
70.7343	0.932185	3.5791
70.9685	0.932177	3.57911
71.2028	0.932169	3.57912
71.437	0.932161	3.57913
71.6712	0.932153	3.57914
71.9054	0.932146	3.57915
72.1396	0.932138	3.57916
72.3738	0.932131	3.57917
72.608	0.932124	3.57917
72.8422	0.932118	3.57918
73.0765	0.932111	3.57919
73.3107	0.932105	3.5792
73.5449	0.932099	3.57921
73.7791	0.932093	3.57922
74.0133	0.932087	3.57923
74.2475	0.932082	3.57924
74.4817	0.932076	3.57924
74.7159	0.932071	3.57925
74.9501	0.932066	3.57926
75.1844	0.932061	3.57927
75.4186	0.932056	3.57928
75.6528	0.932052	3.57929
75.887	0.932048	3.5793
76.1212	0.932043	3.57931
76.3554	0.932039	3.57931
76.5896	0.932035	3.57932
76.8238	0.932031	3.57933
77.0581	0.932028	3.57934
77.2923	0.932024	3.57935
77.5265	0.932021	3.57936
77.7607	0.932018	3.57937
77.9949	0.932014	3.57937
78.2291	0.932011	3.57938
78.4633	0.932008	3.57939
78.6975	0.932006	3.5794
78.9317	0.932003	3.57941
79.166	0.932	3.57942
79.4002	0.931998	3.57942
79.6344	0.931996	3.57943
79.8686	0.931993	3.57944
80.1028	0.931991	3.57945
80.337	0.931989	3.57946
80.5712	0.931987	3.57947
80.8054	0.931986	3.57948
81.0397	0.931984	3.57948
81.2739	0.931982	3.57949
81.5081	0.931981	3.5795
81.7423	0.931979	3.57951
81.9765	0.931978	3.57952
82.2107	0.931977	3.57953
82.4449	0.931975	3.57953
82.6791	0.931974	3.57954
82.9133	0.931973	3.57955
83.1476	0.931972	3.57956
83.3818	0.931971	3.57957
83.616	0.931971	3.57958
83.8502	0.93197	3.57958
84.0844	0.931969	3.57959
84.3186	0.931969	3.5796
84.5528	0.931968	3.57961
84.787	0.931968	3.57962
85.0213	0.931967	3.57963
85.2555	0.931967	3.57963
85.4897	0.931967	3.57964
85.7239	0.931967	3.57965
85.9581	0.931966	3.57966
86.1923	0.931966	3.57967
86.4265	0.931966	3.57967
86.6607	0.931966	3.57968
86.895	0.931966	3.57969
87.1292	0.931967	3.5797
87.3634	0.931967	3.57971
87.5976	0.931967	3.57972
87.8318	0.931967	3.57972
88.066	0.931968	3.57973
88.3002	0.931968	3.57974
88.5344	0.931969	3.57975
88.7686	0.931969	3.57976
89.0029	0.93197	3.57976
89.2371	0.93197	3.57977
89.4713	0.931971	3.57978
89.7055	0.931972	3.57979
89.9397	0.931972	3.5798
90.1739	0.931973	3.57981
90.4081	0.931974	3.57981
90.6423	0.931975	3.57982
90.8766	0.931976	3.57983
91.1108	0.931977	3.57984
91.345	0.931978	3.57985
91.5792	0.931978	3.57985
91.8134	0.93198	3.57986
92.0476	0.931981	3.57987
92.2818	0.931982	3.57988
92.516	0.931983	3.57989
92.7502	0.931984	3.57989
92.9845	0.931985	3.5799
93.2187	0.931986	3.57991
93.4529	0.931988	3.57992
93.6871	0.931989	3.57993
93.9213	0.93199	3.57993
94.1555	0.931992	3.57994
94.3897	0.931993	3.57995
94.6239	0.931994	3.57996
94.8582	0.931996	3.57997
95.0924	0.931997	3.57998
95.3266	0.931999	3.57998
95.5608	0.932	3.57999
95.795	0.932002	3.58
96.0292	0.932003	3.58001
96.2634	0.932005	3.58002
96.4976	0.932006	3.58002
96.7319	0.932008	3.58003
96.9661	0.93201	3.58004
97.2003	0.932011	3.58005
97.4345	0.932013	3.58006
97.6687	0.932014	3.58006
97.9029	0.932016	3.58007
98.1371	0.932018	3.58008
98.3713	0.93202	3.58009
98.6055	0.932021	3.5801
98.8398	0.932023	3.5801
99.074	0.932025	3.58011
99.3082	0.932027	3.58012
99.5424	0.932029	3.58013
99.7766	0.93203	3.58014
100.011	0.932032	3.58014
100.245	0.932034	3.58015
100.479	0.932036	3.58016
100.713	0.932038	3.58017
100.948	0.93204	3.58018
101.182	0.932042	3.58018
101.416	0.932044	3.58019
101.65	0.932046	3.5802
101.885	0.932048	3.58021
102.119	0.93205	3.58022
102.353	0.932052	3.58022
102.587	0.932054	3.58023
102.821	0.932056	3.58024
103.056	0.932058	3.58025
103.29	0.93206	3.58026
103.524	0.932062	3.58026
103.758	0.932064	3.58027
103.992	0.932066	3.58028
104.227	0.932068	3.58029
104.461	0.93207	3.5803
104.695	0.932072	3.5803
104.929	0.932074	3.58031
105.163	0.932077	3.58032
105.398	0.932079	3.58033
105.632	0.932081	3.58034
105.866	0.932083	3.58034
106.1	0.932085	3.58035
106.335	0.932087	3.58036
106.569	0.932089	3.58037
106.803	0.932092	3.58038
107.037	0.932094	3.58038
107.271	0.932096	3.58039
107.506	0.932098	3.5804
107.74	0.9321	3.58041
107.974	0.932103	3.58042
108.208	0.932105	3.58042
108.442	0.932107	3.58043
108.677	0.932109	3.58044
108.911	0.932112	3.58045
109.145	0.932114	3.58046
109.379	0.932116	3.58046
109.614	0.932118	3.58047
109.848	0.932121	3.58048
110.082	0.932123	3.58049
110.316	0.932125	3.5805
110.55	0.932127	3.5805
110.785	0.93213	3.58051
111.019	0.932132	3.58052
111.253	0.932134	3.58053
111.487	0.932137	3.58054
111.721	0.932139	3.58054
111.956	0.932141	3.58055
112.19	0.932143	3.58056
112.424	0.932146	3.58057
112.658	0.932148	3.58057
112.892	0.93215	3.58058
113.127	0.932153	3.58059
113.361	0.932155	3.5806
113.595	0.932157	3.58061
113.829	0.93216	3.58061
114.064	0.932162	3.58062
114.298	0.932164	3.58063
114.532	0.932167	3.58064
114.766	0.932169	3.58065
115	0.932171	3.58065
115.235	0.932174	3.58066
115.469	0.932176	3.58067
115.703	0.932179	3.58068
115.937	0.932181	3.58069
116.171	0.932183	3.58069
116.406	0.932186	3.5807
116.64	0.932188	3.58071
116.874	0.93219	3.58072
117.108	0.932193	3.58073
117.342	0.932195	3.58073
117.577	0.932198	3.58074
117.811	0.9322	3.58075
118.045	0.932202	3.58076
118.279	0.932205	3.58077
118.514	0.932207	3.58077
118.748	0.932209	3.58078
118.982	0.932212	3.58079
119.216	0.932214	3.5808
119.45	0.932217	3.58081
119.685	0.932219	3.58081
119.919	0.932221	3.58082
120.153	0.932224	3.58083
120.387	0.932226	3.58084
120.621	0.932229	3.58085
120.856	0.932231	3.58085
121.09	0.932233	3.58086
121.324	0.932236	3.58087
121.558	0.932238	3.58088
121.793	0.932241	3.58088
122.027	0.932243	3.58089
122.261	0.932245	3.5809
122.495	0.932248	3.58091
122.729	0.93225	3.58092
122.964	0.932253	3.58092
123.198	0.932255	3.58093
123.432	0.932257	3.58094
123.666	0.93226	3.58095
123.9	0.932262	3.58096
124.135	0.932265	3.58096
124.369	0.932267	3.58097
124.603	0.93227	3.58098
124.837	0.932272	3.58099
125.071	0.932274	3.581
125.306	0.932277	3.581
125.54	0.932279	3.58101
125.774	0.932282	3.58102
126.008	0.932284	3.58103
126.243	0.932286	3.58104
126.477	0.932289	3.58104
126.711	0.932291	3.58105
126.945	0.932294	3.58106
127.179	0.932296	3.58107
127.414	0.932299	3.58108
127.648	0.932301	3.58108
127.882	0.932303	3.58109
128.116	0.932306	3.5811
128.35	0.932308	3.58111
128.585	0.932311	3.58111
128.819	0.932313	3.58112
129.053	0.932315	3.58113
129.287	0.932318	3.58114
129.522	0.93232	3.58115
129.756	0.932323	3.58115
129.99	0.932325	3.58116
130.224	0.932328	3.58117
130.458	0.93233	3.58118
130.693	0.932332	3.58119
130.927	0.932335	3.58119
131.161	0.932337	3.5812
131.395	0.93234	3.58121
131.629	0.932342	3.58122
131.864	0.932344	3.58123
132.098	0.932347	3.58123
132.332	0.932349	3.58124
132.566	0.932352	3.58125
132.8	0.932354	3.58126
133.035	0.932357	3.58127
133.269	0.932359	3.58127
133.503	0.932361	3.58128
133.737	0.932364	3.58129
133.972	0.932366	3.5813
134.206	0.932369	3.58131
134.44	0.932371	3.58131
134.674	0.932373	3.58132
134.908	0.932376	3.58133
135.143	0.932378	3.58134
135.377	0.932381	3.58134
135.611	0.932383	3.58135
135.845	0.932386	3.58136
136.079	0.932388	3.58137
136.314	0.93239	3.58138
136.548	0.932393	3.58138
136.782	0.932395	3.58139
137.016	0.932398	3.5814
137.251	0.9324	3.58141
137.485	0.932402	3.58142
137.719	0.932405	3.58142
137.953	0.932407	3.58143
138.187	0.93241	3.58144
138.422	0.932412	3.58145
138.656	0.932414	3.58146
138.89	0.932417	3.58146
139.124	0.932419	3.58147
139.358	0.932422	3.58148
139.593	0.932424	3.58149
139.827	0.932426	3.5815
140.061	0.932429	3.5815
140.295	0.932431	3.58151
140.529	0.932434	3.58152
140.764	0.932436	3.58153
140.998	0.932438	3.58154
141.232	0.932441	3.58154
141.466	0.932443	3.58155
141.701	0.932446	3.58156
141.935	0.932448	3.58157
142.169	0.93245	3.58157
142.403	0.932453	3.58158
142.635	0.932455	3.58159
142.869	0.932458	3.5816
143.103	0.93246	3.58161
143.338	0.932462	3.58161
143.572	0.932465	3.58162
143.806	0.932467	3.58163
144.04	0.93247	3.58164
144.275	0.932472	3.58165
144.509	0.932474	3.58165
144.743	0.932477	3.58166
144.977	0.932479	3.58167
145.211	0.932481	3.58168
145.446	0.932484	3.58169
145.68	0.932486	3.58169
145.914	0.932489	3.5817
146.148	0.932491	3.58171
146.382	0.932493	3.58172
146.617	0.932496	3.58173
146.851	0.932498	3.58173
147.085	0.932501	3.58174
147.319	0.932503	3.58175
147.553	0.932505	3.58176
147.788	0.932508	3.58176
148.022	0.93251	3.58177
148.256	0.932512	3.58178
148.49	0.932515	3.58179
148.725	0.932517	3.5818
148.959	0.93252	3.5818
149.193	0.932522	3.58181
149.427	0.932524	3.58182
149.661	0.932527	3.58183
149.896	0.932529	3.58184
150.13	0.932531	3.58184
150.364	0.932534	3.58185
150.598	0.932536	3.58186
150.832	0.932539	3.58187
151.067	0.932541	3.58188
151.301	0.932543	3.58188
151.535	0.932546	3.58189
151.769	0.932548	3.5819
152.004	0.93255	3.58191
152.238	0.932553	3.58192
152.472	0.932555	3.58192
152.706	0.932558	3.58193
152.94	0.93256	3.58194
153.175	0.932562	3.58195
153.409	0.932565	3.58196
153.643	0.932567	3.58196
153.877	0.932569	3.58197
154.111	0.932572	3.58198
154.346	0.932574	3.58199
154.58	0.932576	3.58199
154.814	0.932579	3.582
155.048	0.932581	3.58201
155.282	0.932584	3.58202
155.517	0.932586	3.58203
155.751	0.932588	3.58203
155.985	0.932591	3.58204
156.219	0.932593	3.58205
156.454	0.932595	3.58206
156.688	0.932598	3.58207
156.922	0.9326	3.58207
157.156	0.932602	3.58208
157.39	0.932605	3.58209
157.625	0.932607	3.5821
157.859	0.932609	3.58211
158.093	0.932612	3.58211
158.327	0.932614	3.58212
158.561	0.932616	3.58213
158.796	0.932619	3.58214
159.03	0.932621	3.58215
159.264	0.932624	3.58215
159.498	0.932626	3.58216
159.733	0.932628	3.58217
159.967	0.932631	3.58218
160.201	0.932633	3.58218
160.435	0.932635	3.58219
160.669	0.932638	3.5822
160.904	0.93264	3.58221
161.138	0.932642	3.58222
161.372	0.932645	3.58222
161.606	0.932647	3.58223
161.84	0.932649	3.58224
162.075	0.932652	3.58225
162.309	0.932654	3.58226
162.543	0.932656	3.58226
162.777	0.932659	3.58227
163.011	0.932661	3.58228
163.246	0.932663	3.58229
163.48	0.932666	3.5823
163.714	0.932668	3.5823
163.948	0.93267	3.58231
164.183	0.932673	3.58232
164.417	0.932675	3.58233
164.651	0.932677	3.58234
164.885	0.93268	3.58234
165.119	0.932682	3.58235
165.354	0.932684	3.58236
165.588	0.932687	3.58237
165.822	0.932689	3.58237
166.056	0.932691	3.58238
166.29	0.932694	3.58239
166.525	0.932696	3.5824
166.759	0.932698	3.58241
166.993	0.932701	3.58241
167.227	0.932703	3.58242
167.461	0.932705	3.58243
167.696	0.932708	3.58244
167.93	0.93271	3.58245
168.164	0.932712	3.58245
168.398	0.932715	3.58246
168.633	0.932717	3.58247
168.867	0.932719	3.58248
169.101	0.932722	3.58249
169.335	0.932724	3.58249
169.569	0.932726	3.5825
169.804	0.932729	3.58251
170.038	0.932731	3.58252
170.272	0.932733	3.58253
170.506	0.932736	3.58253
170.74	0.932738	3.58254
170.975	0.93274	3.58255
171.209	0.932742	3.58256
171.443	0.932745	3.58256
171.677	0.932747	3.58257
171.912	0.932749	3.58258
172.146	0.932752	3.58259
172.38	0.932754	3.5826
172.614	0.932756	3.5826
172.848	0.932759	3.58261
173.083	0.932761	3.58262
173.317	0.932763	3.58263
173.551	0.932766	3.58264
173.785	0.932768	3.58264
174.019	0.93277	3.58265
174.254	0.932773	3.58266
174.488	0.932775	3.58267
174.722	0.932777	3.58268
174.956	0.93278	3.58268
175.19	0.932782	3.58269
175.425	0.932784	3.5827
175.659	0.932786	3.58271
175.893	0.932789	3.58272
176.127	0.932791	3.58272
176.362	0.932793	3.58273
176.596	0.932796	3.58274
176.83	0.932798	3.58275
177.064	0.9328	3.58275
177.298	0.932803	3.58276
177.533	0.932805	3.58277
177.767	0.932807	3.58278
178.001	0.932809	3.58279
178.235	0.932812	3.58279
178.469	0.932814	3.5828
178.704	0.932816	3.58281
178.938	0.932819	3.58282
179.172	0.932821	3.58283
179.406	0.932823	3.58283
179.641	0.932826	3.58284
179.875	0.932828	3.58285
180.109	0.93283	3.58286
180.343	0.932832	3.58287
180.577	0.932835	3.58287
180.812	0.932837	3.58288
181.046	0.932839	3.58289
181.28	0.932842	3.5829
181.514	0.932844	3.58291
181.748	0.932846	3.58291
181.983	0.932849	3.58292
182.217	0.932851	3.58293
182.451	0.932853	3.58294
182.685	0.932855	3.58294
182.919	0.932858	3.58295
183.154	0.93286	3.58296
183.388	0.932862	3.58297
183.622	0.932865	3.58298
183.856	0.932867	3.58298
184.091	0.932869	3.58299
184.325	0.932872	3.583
184.559	0.932874	3.58301
184.793	0.932876	3.58302
185.027	0.932878	3.58302
185.262	0.932881	3.58303
185.496	0.932883	3.58304
185.73	0.932885	3.58305
185.964	0.932888	3.58306
186.198	0.93289	3.58306
186.433	0.932892	3.58307
186.667	0.932894	3.58308
186.901	0.932897	3.58309
187.135	0.932899	3.5831
187.37	0.932901	3.5831
187.604	0.932904	3.58311
187.838	0.932906	3.58312
188.072	0.932908	3.58313
188.306	0.93291	3.58313
188.541	0.932913	3.58314
188.775	0.932915	3.58315
189.009	0.932917	3.58316
189.243	0.93292	3.58317
189.477	0.932922	3.58317
189.712	0.932924	3.58318
189.946	0.932926	3.58319
190.18	0.932929	3.5832
190.414	0.932931	3.58321
190.648	0.932933	3.58321
190.883	0.932935	3.58322
191.117	0.932938	3.58323
191.351	0.93294	3.58324
191.585	0.932942	3.58325
191.82	0.932945	3.58325
192.054	0.932947	3.58326
192.288	0.932949	3.58327
192.522	0.932951	3.58328
192.756	0.932954	3.58329
192.991	0.932956	3.58329
193.225	0.932958	3.5833
193.459	0.932961	3.58331
193.693	0.932963	3.58332
193.927	0.932965	3.58332
194.162	0.932967	3.58333
194.396	0.93297	3.58334
194.63	0.932972	3.58335
194.864	0.932974	3.58336
195.099	0.932976	3.58336
195.333	0.932979	3.58337
195.567	0.932981	3.58338
195.801	0.932983	3.58339
196.035	0.932986	3.5834
196.27	0.932988	3.5834
196.504	0.93299	3.58341
196.738	0.932992	3.58342
196.972	0.932995	3.58343
197.206	0.932997	3.58344
197.441	0.932999	3.58344
197.675	0.933001	3.58345
197.909	0.933004	3.58346
198.143	0.933006	3.58347
198.377	0.933008	3.58348
198.612	0.93301	3.58348
198.846	0.933013	3.58349
199.08	0.933015	3.5835
199.314	0.933017	3.58351
199.549	0.93302	3.58351
199.783	0.933022	3.58352
200.017	0.933024	3.58353
200.251	0.933026	3.58354
200.485	0.933029	3.58355
200.72	0.933031	3.58355
200.954	0.933033	3.58356
201.188	0.933035	3.58357
201.422	0.933038	3.58358
201.656	0.93304	3.58359
201.891	0.933042	3.58359
202.125	0.933044	3.5836
202.359	0.933047	3.58361
202.593	0.933049	3.58362
202.827	0.933051	3.58363
203.062	0.933053	3.58363
203.296	0.933056	3.58364
203.53	0.933058	3.58365
203.764	0.93306	3.58366
203.999	0.933063	3.58366
204.233	0.933065	3.58367
204.467	0.933067	3.58368
204.701	0.933069	3.58369
204.935	0.933072	3.5837
205.17	0.933074	3.5837
205.404	0.933076	3.58371
205.638	0.933078	3.58372
205.872	0.933081	3.58373
206.106	0.933083	3.58374
206.341	0.933085	3.58374
206.575	0.933087	3.58375
206.809	0.93309	3.58376
207.043	0.933092	3.58377
207.278	0.933094	3.58378
207.512	0.933096	3.58378
207.746	0.933099	3.58379
207.98	0.933101	3.5838
208.214	0.933103	3.58381
208.449	0.933105	3.58382
208.683	0.933108	3.58382
208.917	0.93311	3.58383
209.151	0.933112	3.58384
209.385	0.933114	3.58385
209.62	0.933117	3.58385
209.854	0.933119	3.58386
210.088	0.933121	3.58387
210.322	0.933123	3.58388
210.556	0.933126	3.58389
210.791	0.933128	3.58389
211.025	0.93313	3.5839
211.259	0.933132	3.58391
211.493	0.933135	3.58392
211.728	0.933137	3.58393
211.962	0.933139	3.58393
212.196	0.933141	3.58394
212.43	0.933144	3.58395
212.664	0.933146	3.58396
212.899	0.933148	3.58397
213.133	0.93315	3.58397
213.367	0.933153	3.58398
213.601	0.933155	3.58399
213.835	0.933157	3.584
214.07	0.933159	3.58401
214.304	0.933162	3.58401
214.538	0.933164	3.58402
214.772	0.933166	3.58403
215.007	0.933168	3.58404
215.241	0.933171	3.58404
215.475	0.933173	3.58405
215.709	0.933175	3.58406
215.943	0.933177	3.58407
216.178	0.93318	3.58408
216.412	0.933182	3.58408
216.646	0.933184	3.58409
216.88	0.933186	3.5841
217.114	0.933189	3.58411
217.349	0.933191	3.58412
217.583	0.933193	3.58412
217.817	0.933195	3.58413
218.051	0.933198	3.58414
218.285	0.9332	3.58415
218.52	0.933202	3.58416
218.754	0.933204	3.58416
218.988	0.933207	3.58417
219.222	0.933209	3.58418
219.457	0.933211	3.58419
219.691	0.933213	3.58419
219.925	0.933216	3.5842
220.159	0.933218	3.58421
220.393	0.93322	3.58422
220.628	0.933222	3.58423
220.862	0.933224	3.58423
221.096	0.933227	3.58424
221.33	0.933229	3.58425
221.564	0.933231	3.58426
221.799	0.933233	3.58427
222.033	0.933236	3.58427
222.267	0.933238	3.58428
222.501	0.93324	3.58429
222.736	0.933242	3.5843
222.97	0.933245	3.58431
223.204	0.933247	3.58431
223.438	0.933249	3.58432
223.672	0.933251	3.58433
223.907	0.933254	3.58434
224.141	0.933256	3.58435
224.375	0.933258	3.58435
224.609	0.93326	3.58436
224.843	0.933263	3.58437
225.078	0.933265	3.58438
225.312	0.933267	3.58438
225.546	0.933269	3.58439
225.78	0.933271	3.5844
226.014	0.933274	3.58441
226.249	0.933276	3.58442
226.483	0.933278	3.58442
226.717	0.93328	3.58443
226.951	0.933283	3.58444
227.186	0.933285	3.58445
227.42	0.933287	3.58446
227.654	0.933289	3.58446
227.888	0.933292	3.58447
228.122	0.933294	3.58448
228.357	0.933296	3.58449
228.591	0.933298	3.5845
228.825	0.933301	3.5845
229.059	0.933303	3.58451
229.293	0.933305	3.58452
229.528	0.933307	3.58453
229.762	0.933309	3.58453
229.996	0.933312	3.58454
230.23	0.933314	3.58455
230.464	0.933316	3.58456
230.699	0.933318	3.58457
230.933	0.933321	3.58457
231.167	0.933323	3.58458
231.401	0.933325	3.58459
231.636	0.933327	3.5846
231.87	0.93333	3.58461
232.104	0.933332	3.58461
232.338	0.933334	3.58462
232.572	0.933336	3.58463
232.807	0.933338	3.58464
233.041	0.933341	3.58465
233.275	0.933343	3.58465
233.509	0.933345	3.58466
233.743	0.933347	3.58467
233.978	0.93335	3.58468
234.212	0.933352	3.58469
234.446	0.933354	3.58469
234.68	0.933356	3.5847
234.915	0.933358	3.58471
235.149	0.933361	3.58472
235.383	0.933363	3.58472
235.617	0.933365	3.58473
235.851	0.933367	3.58474
236.086	0.93337	3.58475
236.32	0.933372	3.58476
236.554	0.933374	3.58476
236.788	0.933376	3.58477
237.022	0.933379	3.58478
237.257	0.933381	3.58479
237.491	0.933383	3.5848
237.725	0.933385	3.5848
237.959	0.933387	3.58481
238.193	0.93339	3.58482
238.428	0.933392	3.58483
238.662	0.933394	3.58484
238.896	0.933396	3.58484
239.13	0.933399	3.58485
239.365	0.933401	3.58486
239.599	0.933403	3.58487
239.833	0.933405	3.58487
240.067	0.933407	3.58488
240.301	0.93341	3.58489
240.536	0.933412	3.5849
240.77	0.933414	3.58491
241.004	0.933416	3.58491
241.238	0.933419	3.58492
241.472	0.933421	3.58493
241.707	0.933423	3.58494
241.941	0.933425	3.58495
242.175	0.933427	3.58495
242.409	0.93343	3.58496
242.644	0.933432	3.58497
242.878	0.933434	3.58498
243.112	0.933436	3.58499
243.346	0.933439	3.58499
243.58	0.933441	3.585
243.815	0.933443	3.58501
244.049	0.933445	3.58502
244.283	0.933447	3.58502
244.517	0.93345	3.58503
244.751	0.933452	3.58504
244.986	0.933454	3.58505
245.22	0.933456	3.58506
245.454	0.933459	3.58506
245.688	0.933461	3.58507
245.922	0.933463	3.58508
246.157	0.933465	3.58509
246.391	0.933467	3.5851
246.625	0.93347	3.5851
246.859	0.933472	3.58511
247.094	0.933474	3.58512
247.328	0.933476	3.58513
247.562	0.933479	3.58514
247.796	0.933481	3.58514
248.03	0.933483	3.58515
248.265	0.933485	3.58516
248.499	0.933487	3.58517
248.733	0.93349	3.58518
248.967	0.933492	3.58518
249.201	0.933494	3.58519
249.436	0.933496	3.5852
249.67	0.933498	3.58521
249.904	0.933501	3.58521
250.138	0.933503	3.58522
250.373	0.933505	3.58523
250.607	0.933507	3.58524
250.841	0.93351	3.58525
251.075	0.933512	3.58525
251.309	0.933514	3.58526
251.544	0.933516	3.58527
251.778	0.933518	3.58528
252.012	0.933521	3.58529
252.246	0.933523	3.58529
252.48	0.933525	3.5853
252.715	0.933527	3.58531
252.949	0.933529	3.58532
253.183	0.933532	3.58533
253.417	0.933534	3.58533
253.651	0.933536	3.58534
253.886	0.933538	3.58535
254.12	0.933541	3.58536
254.354	0.933543	3.58536
254.588	0.933545	3.58537
254.823	0.933547	3.58538
255.057	0.933549	3.58539
255.291	0.933552	3.5854
255.525	0.933554	3.5854
255.759	0.933556	3.58541
255.994	0.933558	3.58542
256.228	0.93356	3.58543
256.462	0.933563	3.58544
256.696	0.933565	3.58544
256.93	0.933567	3.58545
257.165	0.933569	3.58546
257.399	0.933572	3.58547
257.633	0.933574	3.58548
257.867	0.933576	3.58548
258.101	0.933578	3.58549
258.336	0.93358	3.5855
258.57	0.933583	3.58551
258.804	0.933585	3.58551
259.038	0.933587	3.58552
259.273	0.933589	3.58553
259.507	0.933591	3.58554
259.741	0.933594	3.58555
259.975	0.933596	3.58555
260.209	0.933598	3.58556
260.444	0.9336	3.58557
260.678	0.933602	3.58558
260.912	0.933605	3.58559
261.146	0.933607	3.58559
261.38	0.933609	3.5856
261.615	0.933611	3.58561
261.849	0.933614	3.58562
262.083	0.933616	3.58563
262.317	0.933618	3.58563
262.552	0.93362	3.58564
262.786	0.933622	3.58565
263.02	0.933625	3.58566
263.254	0.933627	3.58567
263.488	0.933629	3.58567
263.723	0.933631	3.58568
263.957	0.933633	3.58569
264.191	0.933636	3.5857
264.425	0.933638	3.5857
264.659	0.93364	3.58571
264.894	0.933642	3.58572
265.128	0.933644	3.58573
265.362	0.933647	3.58574
265.596	0.933649	3.58574
265.83	0.933651	3.58575
266.065	0.933653	3.58576
266.299	0.933655	3.58577
266.533	0.933658	3.58578
266.767	0.93366	3.58578
267.002	0.933662	3.58579
267.236	0.933664	3.5858
267.47	0.933667	3.58581
267.704	0.933669	3.58582
267.938	0.933671	3.58582
268.173	0.933673	3.58583
268.407	0.933675	3.58584
268.641	0.933678	3.58585
268.875	0.93368	3.58585
269.109	0.933682	3.58586
269.344	0.933684	3.58587
269.578	0.933686	3.58588
269.812	0.933689	3.58589
270.046	0.933691	3.58589
270.281	0.933693	3.5859
270.515	0.933695	3.58591
270.749	0.933697	3.58592
270.983	0.9337	3.58593
271.217	0.933702	3.58593
271.452	0.933704	3.58594
271.686	0.933706	3.58595
271.92	0.933708	3.58596
272.154	0.933711	3.58597
272.388	0.933713	3.58597
272.623	0.933715	3.58598
272.857	0.933717	3.58599
273.091	0.933719	3.586
273.325	0.933722	3.586
273.559	0.933724	3.58601
273.794	0.933726	3.58602
274.028	0.933728	3.58603
274.262	0.93373	3.58604
274.496	0.933733	3.58604
274.731	0.933735	3.58605
274.965	0.933737	3.58606
275.199	0.933739	3.58607
275.433	0.933741	3.58608
275.667	0.933744	3.58608
275.902	0.933746	3.58609
276.136	0.933748	3.5861
276.37	0.93375	3.58611
276.604	0.933752	3.58612
276.838	0.933755	3.58612
277.073	0.933757	3.58613
277.307	0.933759	3.58614
277.541	0.933761	3.58615
277.775	0.933763	3.58615
278.01	0.933766	3.58616
278.244	0.933768	3.58617
278.478	0.93377	3.58618
278.712	0.933772	3.58619
278.946	0.933774	3.58619
279.181	0.933777	3.5862
279.415	0.933779	3.58621
279.649	0.933781	3.58622
279.883	0.933783	3.58623
280.117	0.933785	3.58623
280.352	0.933788	3.58624
280.586	0.93379	3.58625
280.82	0.933792	3.58626
281.054	0.933794	3.58627
281.288	0.933796	3.58627
281.523	0.933799	3.58628
281.757	0.933801	3.58629
281.991	0.933803	3.5863
282.225	0.933805	3.5863
282.46	0.933807	3.58631
282.694	0.93381	3.58632
282.928	0.933812	3.58633
283.162	0.933814	3.58634
283.396	0.933816	3.58634
283.631	0.933818	3.58635
283.865	0.933821	3.58636
284.099	0.933823	3.58637
284.333	0.933825	3.58638
284.567	0.933827	3.58638
284.802	0.933829	3.58639
285.036	0.933832	3.5864
285.27	0.933834	3.58641
285.504	0.933836	3.58642
285.739	0.933838	3.58642
285.973	0.93384	3.58643
286.207	0.933843	3.58644
286.441	0.933845	3.58645
286.675	0.933847	3.58645
286.91	0.933849	3.58646
287.144	0.933851	3.58647
287.378	0.933854	3.58648
287.612	0.933856	3.58649
287.846	0.933858	3.58649
288.081	0.93386	3.5865
288.315	0.933862	3.58651
288.549	0.933865	3.58652
288.783	0.933867	3.58653
289.017	0.933869	3.58653
289.252	0.933871	3.58654
289.486	0.933873	3.58655
289.72	0.933876	3.58656
289.954	0.933878	3.58657
290.189	0.93388	3.58657
290.423	0.933882	3.58658
290.657	0.933884	3.58659
290.891	0.933887	3.5866
291.125	0.933889	3.5866
291.36	0.933891	3.58661
291.594	0.933893	3.58662
291.828	0.933895	3.58663
292.062	0.933898	3.58664
292.296	0.9339	3.58664
292.531	0.933902	3.58665
292.765	0.933904	3.58666
292.999	0.933906	3.58667
293.233	0.933909	3.58668
293.467	0.933911	3.58668
293.702	0.933913	3.58669
293.936	0.933915	3.5867
294.17	0.933917	3.58671
294.404	0.93392	3.58672
294.639	0.933922	3.58672
294.873	0.933924	3.58673
295.107	0.933926	3.58674
295.341	0.933928	3.58675
295.575	0.93393	3.58675
295.81	0.933933	3.58676
296.044	0.933935	3.58677
296.278	0.933937	3.58678
296.512	0.933939	3.58679
296.746	0.933941	3.58679
296.981	0.933944	3.5868
297.215	0.933946	3.58681
297.449	0.933948	3.58682
297.683	0.93395	3.58683
297.918	0.933952	3.58683
298.152	0.933955	3.58684
298.386	0.933957	3.58685
298.62	0.933959	3.58686
298.854	0.933961	3.58687
299.089	0.933963	3.58687
299.323	0.933966	3.58688
299.557	0.933968	3.58689
299.791	0.93397	3.5869
300.025	0.933972	3.5869
300.26	0.933974	3.58691
300.494	0.933977	3.58692
300.728	0.933979	3.58693
300.962	0.933981	3.58694
301.196	0.933983	3.58694
301.431	0.933985	3.58695
301.665	0.933987	3.58696
301.899	0.93399	3.58697
302.133	0.933992	3.58698
302.368	0.933994	3.58698
302.602	0.933996	3.58699
302.836	0.933998	3.587
303.07	0.934001	3.58701
303.304	0.934003	3.58702
303.539	0.934005	3.58702
303.773	0.934007	3.58703
304.007	0.934009	3.58704
304.241	0.934012	3.58705
304.475	0.934014	3.58705
304.71	0.934016	3.58706
304.944	0.934018	3.58707
305.178	0.93402	3.58708
305.412	0.934023	3.58709
305.647	0.934025	3.58709
305.881	0.934027	3.5871
306.115	0.934029	3.58711
306.349	0.934031	3.58712
306.583	0.934033	3.58713
306.818	0.934036	3.58713
307.052	0.934038	3.58714
307.286	0.93404	3.58715
307.52	0.934042	3.58716
307.754	0.934044	3.58717
307.989	0.934047	3.58717
308.223	0.934049	3.58718
308.457	0.934051	3.58719
308.691	0.934053	3.5872
308.925	0.934055	3.5872
309.16	0.934058	3.58721
309.394	0.93406	3.58722
309.628	0.934062	3.58723
309.862	0.934064	3.58724
310.097	0.934066	3.58724
310.331	0.934069	3.58725
310.565	0.934071	3.58726
310.799	0.934073	3.58727
311.033	0.934075	3.58728
311.268	0.934077	3.58728
311.502	0.934079	3.58729
311.736	0.934082	3.5873
311.97	0.934084	3.58731
312.204	0.934086	3.58732
312.439	0.934088	3.58732
312.673	0.93409	3.58733
312.907	0.934093	3.58734
313.141	0.934095	3.58735
313.376	0.934097	3.58735
313.61	0.934099	3.58736
313.844	0.934101	3.58737
314.078	0.934104	3.58738
314.312	0.934106	3.58739
314.547	0.934108	3.58739
314.781	0.93411	3.5874
315.015	0.934112	3.58741
315.249	0.934114	3.58742
315.483	0.934117	3.58743
315.718	0.934119	3.58743
315.952	0.934121	3.58744
316.186	0.934123	3.58745
316.42	0.934125	3.58746
316.654	0.934128	3.58747
316.889	0.93413	3.58747
317.123	0.934132	3.58748
317.357	0.934134	3.58749
317.591	0.934136	3.5875
317.826	0.934139	3.5875
318.06	0.934141	3.58751
318.294	0.934143	3.58752
318.528	0.934145	3.58753
318.762	0.934147	3.58754
318.997	0.934149	3.58754
319.231	0.934152	3.58755
319.465	0.934154	3.58756
319.699	0.934156	3.58757
319.933	0.934158	3.58758
320.168	0.93416	3.58758
320.402	0.934163	3.58759
320.636	0.934165	3.5876
320.87	0.934167	3.58761
321.104	0.934169	3.58762
321.339	0.934171	3.58762
321.573	0.934173	3.58763
321.807	0.934176	3.58764
322.041	0.934178	3.58765
322.276	0.93418	3.58765
322.51	0.934182	3.58766
322.744	0.934184	3.58767
322.978	0.934187	3.58768
323.212	0.934189	3.58769
323.447	0.934191	3.58769
323.681	0.934193	3.5877
323.915	0.934195	3.58771
324.149	0.934197	3.58772
324.383	0.9342	3.58773
324.618	0.934202	3.58773
324.852	0.934204	3.58774
325.086	0.934206	3.58775
325.32	0.934208	3.58776
325.555	0.934211	3.58777
325.789	0.934213	3.58777
326.023	0.934215	3.58778
326.257	0.934217	3.58779
326.491	0.934219	3.5878
326.726	0.934222	3.5878
326.96	0.934224	3.58781
327.194	0.934226	3.58782
327.428	0.934228	3.58783
327.662	0.93423	3.58784
327.897	0.934232	3.58784
328.131	0.934235	3.58785
328.365	0.934237	3.58786
328.599	0.934239	3.58787
328.833	0.934241	3.58788
329.068	0.934243	3.58788
329.302	0.934246	3.58789
329.536	0.934248	3.5879
329.77	0.93425	3.58791
330.005	0.934252	3.58792
330.239	0.934254	3.58792
330.473	0.934256	3.58793
330.707	0.934259	3.58794
330.941	0.934261	3.58795
331.176	0.934263	3.58795
331.41	0.934265	3.58796
331.644	0.934267	3.58797
331.878	0.93427	3.58798
332.112	0.934272	3.58799
332.347	0.934274	3.58799
332.581	0.934276	3.588
332.815	0.934278	3.58801
333.049	0.93428	3.58802
333.284	0.934283	3.58803
333.518	0.934285	3.58803
333.752	0.934287	3.58804
333.986	0.934289	3.58805
334.22	0.934291	3.58806
334.455	0.934294	3.58807
334.689	0.934296	3.58807
334.923	0.934298	3.58808
335.157	0.9343	3.58809
335.391	0.934302	3.5881
335.626	0.934304	3.5881
335.86	0.934307	3.58811
336.094	0.934309	3.58812
336.328	0.934311	3.58813
336.562	0.934313	3.58814
336.797	0.934315	3.58814
337.031	0.934317	3.58815
337.265	0.93432	3.58816
337.499	0.934322	3.58817
337.734	0.934324	3.58818
337.968	0.934326	3.58818
338.202	0.934328	3.58819
338.436	0.934331	3.5882
338.67	0.934333	3.58821
338.905	0.934335	3.58821
339.139	0.934337	3.58822
339.373	0.934339	3.58823
339.607	0.934341	3.58824
339.841	0.934344	3.58825
340.076	0.934346	3.58825
340.31	0.934348	3.58826
340.544	0.93435	3.58827
340.781	0.934352	3.58828
341.015	0.934355	3.58829
341.249	0.934357	3.58829
341.483	0.934359	3.5883
341.717	0.934361	3.58831
341.952	0.934363	3.58832
342.186	0.934365	3.58833
342.42	0.934368	3.58833
342.654	0.93437	3.58834
342.889	0.934372	3.58835
343.123	0.934374	3.58836
343.357	0.934376	3.58836
343.591	0.934379	3.58837
343.825	0.934381	3.58838
344.06	0.934383	3.58839
344.294	0.934385	3.5884
344.528	0.934387	3.5884
344.762	0.934389	3.58841
344.996	0.934392	3.58842
345.231	0.934394	3.58843
345.465	0.934396	3.58844
345.699	0.934398	3.58844
345.933	0.9344	3.58845
346.168	0.934402	3.58846
346.402	0.934405	3.58847
346.636	0.934407	3.58848
346.87	0.934409	3.58848
347.104	0.934411	3.58849
347.339	0.934413	3.5885
347.573	0.934416	3.58851
347.807	0.934418	3.58851
348.041	0.93442	3.58852
348.275	0.934422	3.58853
348.51	0.934424	3.58854
348.744	0.934426	3.58855
348.978	0.934429	3.58855
349.212	0.934431	3.58856
349.446	0.934433	3.58857
349.681	0.934435	3.58858
349.915	0.934437	3.58859
350.149	0.934439	3.58859
350.383	0.934442	3.5886
350.618	0.934444	3.58861
350.852	0.934446	3.58862
351.086	0.934448	3.58863
351.32	0.93445	3.58863
351.554	0.934453	3.58864
351.789	0.934455	3.58865
352.023	0.934457	3.58866
352.257	0.934459	3.58866
352.491	0.934461	3.58867
352.725	0.934463	3.58868
352.96	0.934466	3.58869
353.194	0.934468	3.5887
353.428	0.93447	3.5887
353.662	0.934472	3.58871
353.897	0.934474	3.58872
354.131	0.934476	3.58873
354.365	0.934479	3.58874
354.599	0.934481	3.58874
354.833	0.934483	3.58875
355.068	0.934485	3.58876
355.302	0.934487	3.58877
355.536	0.93449	3.58877
355.77	0.934492	3.58878
356.004	0.934494	3.58879
356.239	0.934496	3.5888
356.473	0.934498	3.58881
356.707	0.9345	3.58881
356.941	0.934503	3.58882
357.175	0.934505	3.58883
357.41	0.934507	3.58884
357.644	0.934509	3.58885
357.878	0.934511	3.58885
358.112	0.934513	3.58886
358.347	0.934516	3.58887
358.581	0.934518	3.58888
358.815	0.93452	3.58889
359.049	0.934522	3.58889
359.283	0.934524	3.5889
359.518	0.934526	3.58891
359.752	0.934529	3.58892
359.986	0.934531	3.58892
360.22	0.934533	3.58893
360.454	0.934535	3.58894
360.689	0.934537	3.58895
360.923	0.93454	3.58896
361.157	0.934542	3.58896
361.391	0.934544	3.58897
361.625	0.934546	3.58898
361.86	0.934548	3.58899
362.094	0.93455	3.589
362.328	0.934553	3.589
362.562	0.934555	3.58901
362.797	0.934557	3.58902
363.031	0.934559	3.58903
363.265	0.934561	3.58904
363.499	0.934563	3.58904
363.733	0.934566	3.58905
363.968	0.934568	3.58906
364.202	0.93457	3.58907
364.436	0.934572	3.58907
364.67	0.934574	3.58908
364.904	0.934576	3.58909
365.139	0.934579	3.5891
365.373	0.934581	3.58911
365.607	0.934583	3.58911
365.841	0.934585	3.58912
366.076	0.934587	3.58913
366.31	0.934589	3.58914
366.544	0.934592	3.58915
366.778	0.934594	3.58915
367.012	0.934596	3.58916
367.247	0.934598	3.58917
367.481	0.9346	3.58918
367.715	0.934603	3.58919
367.949	0.934605	3.58919
368.183	0.934607	3.5892
368.418	0.934609	3.58921
368.652	0.934611	3.58922
368.886	0.934613	3.58922
369.12	0.934616	3.58923
369.354	0.934618	3.58924
369.589	0.93462	3.58925
369.823	0.934622	3.58926
370.057	0.934624	3.58926
370.291	0.934626	3.58927
370.526	0.934629	3.58928
370.76	0.934631	3.58929
370.994	0.934633	3.5893
371.228	0.934635	3.5893
371.462	0.934637	3.58931
371.697	0.934639	3.58932
371.931	0.934642	3.58933
372.165	0.934644	3.58933
372.399	0.934646	3.58934
372.633	0.934648	3.58935
372.868	0.93465	3.58936
373.102	0.934652	3.58937
373.336	0.934655	3.58937
373.57	0.934657	3.58938
373.805	0.934659	3.58939
374.039	0.934661	3.5894
374.273	0.934663	3.58941
374.507	0.934665	3.58941
374.741	0.934668	3.58942
374.976	0.93467	3.58943
375.21	0.934672	3.58944
375.444	0.934674	3.58945
375.678	0.934676	3.58945
375.912	0.934678	3.58946
376.147	0.934681	3.58947
376.381	0.934683	3.58948
376.615	0.934685	3.58948
376.849	0.934687	3.58949
377.083	0.934689	3.5895
377.318	0.934691	3.58951
377.552	0.934694	3.58952
377.786	0.934696	3.58952
378.02	0.934698	3.58953
378.255	0.9347	3.58954
378.489	0.934702	3.58955
378.723	0.934705	3.58956
378.957	0.934707	3.58956
379.191	0.934709	3.58957
379.426	0.934711	3.58958
379.66	0.934713	3.58959
379.894	0.934715	3.58959
380.128	0.934718	3.5896
380.362	0.93472	3.58961
380.597	0.934722	3.58962
380.831	0.934724	3.58963
381.065	0.934726	3.58963
381.299	0.934728	3.58964
381.534	0.934731	3.58965
381.768	0.934733	3.58966
382.002	0.934735	3.58967
382.236	0.934737	3.58967
382.47	0.934739	3.58968
382.705	0.934741	3.58969
382.939	0.934744	3.5897
383.173	0.934746	3.58971
383.407	0.934748	3.58971
383.641	0.93475	3.58972
383.876	0.934752	3.58973
384.11	0.934754	3.58974
384.344	0.934757	3.58974
384.578	0.934759	3.58975
384.812	0.934761	3.58976
385.047	0.934763	3.58977
385.281	0.934765	3.58978
385.515	0.934767	3.58978
385.749	0.93477	3.58979
385.984	0.934772	3.5898
386.218	0.934774	3.58981
386.452	0.934776	3.58982
386.686	0.934778	3.58982
386.92	0.93478	3.58983
387.155	0.934783	3.58984
387.389	0.934785	3.58985
387.623	0.934787	3.58985
387.857	0.934789	3.58986
388.091	0.934791	3.58987
388.326	0.934793	3.58988
388.56	0.934796	3.58989
388.794	0.934798	3.58989
389.028	0.9348	3.5899
389.262	0.934802	3.58991
389.497	0.934804	3.58992
389.731	0.934806	3.58993
389.965	0.934809	3.58993
390.199	0.934811	3.58994
390.434	0.934813	3.58995
390.668	0.934815	3.58996
390.902	0.934817	3.58997
391.136	0.934819	3.58997
391.37	0.934822	3.58998
391.605	0.934824	3.58999
391.839	0.934826	3.59
392.073	0.934828	3.59
392.307	0.93483	3.59001
392.541	0.934832	3.59002
392.776	0.934835	3.59003
393.01	0.934837	3.59004
393.244	0.934839	3.59004
393.478	0.934841	3.59005
393.713	0.934843	3.59006
393.947	0.934845	3.59007
394.181	0.934848	3.59008
394.415	0.93485	3.59008
394.649	0.934852	3.59009
394.884	0.934854	3.5901
395.118	0.934856	3.59011
395.352	0.934858	3.59012
395.586	0.934861	3.59012
395.82	0.934863	3.59013
396.055	0.934865	3.59014
396.289	0.934867	3.59015
396.523	0.934869	3.59015
396.757	0.934871	3.59016
396.991	0.934873	3.59017
397.226	0.934876	3.59018
397.46	0.934878	3.59019
397.694	0.93488	3.59019
397.928	0.934882	3.5902
398.163	0.934884	3.59021
398.397	0.934886	3.59022
398.631	0.934889	3.59023
398.865	0.934891	3.59023
399.099	0.934893	3.59024
399.334	0.934895	3.59025
399.568	0.934897	3.59026
399.802	0.934899	3.59026
400.036	0.934902	3.59027
400.27	0.934904	3.59028
400.505	0.934906	3.59029
400.739	0.934908	3.5903
400.973	0.93491	3.5903
401.207	0.934912	3.59031
401.442	0.934915	3.59032
401.676	0.934917	3.59033
401.91	0.934919	3.59034
402.144	0.934921	3.59034
402.378	0.934923	3.59035
402.613	0.934925	3.59036
402.847	0.934928	3.59037
403.081	0.93493	3.59038
403.315	0.934932	3.59038
403.549	0.934934	3.59039
403.784	0.934936	3.5904
404.018	0.934938	3.59041
404.252	0.934941	3.59041
404.486	0.934943	3.59042
404.72	0.934945	3.59043
404.955	0.934947	3.59044
405.189	0.934949	3.59045
405.423	0.934951	3.59045
405.657	0.934954	3.59046
405.892	0.934956	3.59047
406.126	0.934958	3.59048
406.36	0.93496	3.59049
406.594	0.934962	3.59049
406.828	0.934964	3.5905
407.063	0.934966	3.59051
407.297	0.934969	3.59052
407.531	0.934971	3.59052
407.765	0.934973	3.59053
407.999	0.934975	3.59054
408.234	0.934977	3.59055
408.468	0.934979	3.59056
408.702	0.934982	3.59056
408.936	0.934984	3.59057
409.171	0.934986	3.59058
409.405	0.934988	3.59059
409.639	0.93499	3.5906
409.873	0.934992	3.5906
410.107	0.934995	3.59061
410.342	0.934997	3.59062
410.576	0.934999	3.59063
410.81	0.935001	3.59063
411.044	0.935003	3.59064
411.278	0.935005	3.59065
411.513	0.935008	3.59066
411.747	0.93501	3.59067
411.981	0.935012	3.59067
412.215	0.935014	3.59068
412.449	0.935016	3.59069
412.684	0.935018	3.5907
412.918	0.935021	3.59071
413.152	0.935023	3.59071
413.386	0.935025	3.59072
413.621	0.935027	3.59073
413.855	0.935029	3.59074
414.089	0.935031	3.59075
414.323	0.935033	3.59075
414.557	0.935036	3.59076
414.792	0.935038	3.59077
415.026	0.93504	3.59078
415.26	0.935042	3.59078
415.494	0.935044	3.59079
415.728	0.935046	3.5908
415.963	0.935049	3.59081
416.197	0.935051	3.59082
416.431	0.935053	3.59082
416.665	0.935055	3.59083
416.899	0.935057	3.59084
417.134	0.935059	3.59085
417.368	0.935062	3.59086
417.602	0.935064	3.59086
417.836	0.935066	3.59087
418.071	0.935068	3.59088
418.305	0.93507	3.59089
418.539	0.935072	3.59089
418.773	0.935075	3.5909
419.007	0.935077	3.59091
419.242	0.935079	3.59092
419.476	0.935081	3.59093
419.71	0.935083	3.59093
419.944	0.935085	3.59094
420.178	0.935087	3.59095
420.413	0.93509	3.59096
420.647	0.935092	3.59097
420.881	0.935094	3.59097
421.115	0.935096	3.59098
421.35	0.935098	3.59099
421.584	0.9351	3.591
421.818	0.935103	3.59101
422.052	0.935105	3.59101
422.286	0.935107	3.59102
422.521	0.935109	3.59103
422.755	0.935111	3.59104
422.989	0.935113	3.59104
423.223	0.935116	3.59105
423.457	0.935118	3.59106
423.692	0.93512	3.59107
423.926	0.935122	3.59108
424.16	0.935124	3.59108
424.394	0.935126	3.59109
424.628	0.935128	3.5911
424.863	0.935131	3.59111
425.097	0.935133	3.59112
425.331	0.935135	3.59112
425.565	0.935137	3.59113
425.8	0.935139	3.59114
426.034	0.935141	3.59115
426.268	0.935144	3.59115
426.502	0.935146	3.59116
426.736	0.935148	3.59117
426.971	0.93515	3.59118
427.205	0.935152	3.59119
427.439	0.935154	3.59119
427.673	0.935157	3.5912
427.907	0.935159	3.59121
428.142	0.935161	3.59122
428.376	0.935163	3.59123
428.61	0.935165	3.59123
428.844	0.935167	3.59124
429.079	0.935169	3.59125
429.313	0.935172	3.59126
429.547	0.935174	3.59127
429.781	0.935176	3.59127
430.015	0.935178	3.59128
430.25	0.93518	3.59129
430.484	0.935182	3.5913
430.718	0.935185	3.5913
430.952	0.935187	3.59131
431.186	0.935189	3.59132
431.421	0.935191	3.59133
431.655	0.935193	3.59134
431.889	0.935195	3.59134
432.123	0.935197	3.59135
432.357	0.9352	3.59136
432.592	0.935202	3.59137
432.826	0.935204	3.59138
433.06	0.935206	3.59138
433.294	0.935208	3.59139
433.529	0.93521	3.5914
433.763	0.935213	3.59141
433.997	0.935215	3.59141
434.231	0.935217	3.59142
434.465	0.935219	3.59143
434.7	0.935221	3.59144
434.934	0.935223	3.59145
435.168	0.935225	3.59145
435.402	0.935228	3.59146
435.636	0.93523	3.59147
435.871	0.935232	3.59148
436.105	0.935234	3.59149
436.339	0.935236	3.59149
436.573	0.935238	3.5915
436.808	0.935241	3.59151
437.042	0.935243	3.59152
437.276	0.935245	3.59152
437.51	0.935247	3.59153
437.744	0.935249	3.59154
437.979	0.935251	3.59155
438.213	0.935254	3.59156
438.447	0.935256	3.59156
438.681	0.935258	3.59157
438.915	0.93526	3.59158
439.15	0.935262	3.59159
439.384	0.935264	3.5916
439.618	0.935266	3.5916
439.852	0.935269	3.59161
440.086	0.935271	3.59162
440.321	0.935273	3.59163
440.555	0.935275	3.59164
440.789	0.935277	3.59164
441.023	0.935279	3.59165
441.258	0.935282	3.59166
441.492	0.935284	3.59167
441.726	0.935286	3.59167
441.96	0.935288	3.59168
442.194	0.93529	3.59169
442.429	0.935292	3.5917
442.663	0.935294	3.59171
442.897	0.935297	3.59171
443.131	0.935299	3.59172
443.365	0.935301	3.59173
443.6	0.935303	3.59174
443.834	0.935305	3.59175
444.068	0.935307	3.59175
444.302	0.93531	3.59176
444.537	0.935312	3.59177
444.771	0.935314	3.59178
445.005	0.935316	3.59178
445.239	0.935318	3.59179
445.473	0.93532	3.5918
445.708	0.935322	3.59181
445.942	0.935325	3.59182
446.176	0.935327	3.59182
446.41	0.935329	3.59183
446.644	0.935331	3.59184
446.879	0.935333	3.59185
447.113	0.935335	3.59186
447.347	0.935337	3.59186
447.581	0.93534	3.59187
447.815	0.935342	3.59188
448.05	0.935344	3.59189
448.284	0.935346	3.59189
448.518	0.935348	3.5919
448.752	0.93535	3.59191
448.987	0.935353	3.59192
449.221	0.935355	3.59193
449.455	0.935357	3.59193
449.689	0.935359	3.59194
449.923	0.935361	3.59195
450.158	0.935363	3.59196
450.392	0.935365	3.59197
450.626	0.935368	3.59197
450.86	0.93537	3.59198
451.094	0.935372	3.59199
451.329	0.935374	3.592
451.563	0.935376	3.592
451.797	0.935378	3.59201
452.031	0.935381	3.59202
452.265	0.935383	3.59203
452.5	0.935385	3.59204
452.734	0.935387	3.59204
452.968	0.935389	3.59205
453.202	0.935391	3.59206
453.437	0.935393	3.59207
453.671	0.935396	3.59208
453.905	0.935398	3.59208
454.139	0.9354	3.59209
454.373	0.935402	3.5921
454.608	0.935404	3.59211
454.842	0.935406	3.59212
455.076	0.935408	3.59212
455.31	0.935411	3.59213
455.544	0.935413	3.59214
455.779	0.935415	3.59215
456.013	0.935417	3.59215
456.247	0.935419	3.59216
456.481	0.935421	3.59217
456.716	0.935424	3.59218
456.95	0.935426	3.59219
457.184	0.935428	3.59219
457.418	0.93543	3.5922
457.652	0.935432	3.59221
457.887	0.935434	3.59222
458.121	0.935436	3.59223
458.355	0.935439	3.59223
458.589	0.935441	3.59224
458.823	0.935443	3.59225
459.058	0.935445	3.59226
459.292	0.935447	3.59226
459.526	0.935449	3.59227
459.76	0.935451	3.59228
459.994	0.935454	3.59229
460.229	0.935456	3.5923
460.463	0.935458	3.5923
460.697	0.93546	3.59231
460.931	0.935462	3.59232
461.166	0.935464	3.59233
461.4	0.935467	3.59234
461.634	0.935469	3.59234
461.868	0.935471	3.59235
462.102	0.935473	3.59236
462.337	0.935475	3.59237
462.571	0.935477	3.59237
462.805	0.935479	3.59238
463.039	0.935482	3.59239
463.273	0.935484	3.5924
463.508	0.935486	3.59241
463.742	0.935488	3.59241
463.976	0.93549	3.59242
464.21	0.935492	3.59243
464.445	0.935494	3.59244
464.679	0.935497	3.59245
464.913	0.935499	3.59245
465.147	0.935501	3.59246
465.381	0.935503	3.59247
465.616	0.935505	3.59248
465.85	0.935507	3.59249
466.084	0.935509	3.59249
466.318	0.935512	3.5925
466.552	0.935514	3.59251
466.787	0.935516	3.59252
467.021	0.935518	3.59252
467.255	0.93552	3.59253
467.489	0.935522	3.59254
467.723	0.935525	3.59255
467.958	0.935527	3.59256
468.192	0.935529	3.59256
468.426	0.935531	3.59257
468.66	0.935533	3.59258
468.895	0.935535	3.59259
469.129	0.935537	3.5926
469.363	0.93554	3.5926
469.597	0.935542	3.59261
469.831	0.935544	3.59262
470.066	0.935546	3.59263
470.3	0.935548	3.59263
470.534	0.93555	3.59264
470.768	0.935552	3.59265
471.002	0.935555	3.59266
471.237	0.935557	3.59267
471.471	0.935559	3.59267
471.705	0.935561	3.59268
471.939	0.935563	3.59269
472.174	0.935565	3.5927
472.408	0.935567	3.59271
472.642	0.93557	3.59271
472.876	0.935572	3.59272
473.11	0.935574	3.59273
473.345	0.935576	3.59274
473.579	0.935578	3.59274
473.813	0.93558	3.59275
474.047	0.935582	3.59276
474.281	0.935585	3.59277
474.516	0.935587	3.59278
474.75	0.935589	3.59278
474.984	0.935591	3.59279
475.218	0.935593	3.5928
475.452	0.935595	3.59281
475.687	0.935598	3.59282
475.921	0.9356	3.59282
476.155	0.935602	3.59283
476.389	0.935604	3.59284
476.624	0.935606	3.59285
476.858	0.935608	3.59285
477.092	0.93561	3.59286
477.326	0.935613	3.59287
477.56	0.935615	3.59288
477.795	0.935617	3.59289
478.029	0.935619	3.59289
478.263	0.935621	3.5929
478.497	0.935623	3.59291
478.731	0.935625	3.59292
478.966	0.935628	3.59293
479.2	0.93563	3.59293
479.434	0.935632	3.59294
479.668	0.935634	3.59295
479.902	0.935636	3.59296
480.137	0.935638	3.59296
480.371	0.93564	3.59297
480.605	0.935643	3.59298
480.839	0.935645	3.59299
481.074	0.935647	3.593
481.308	0.935649	3.593
481.542	0.935651	3.59301
481.776	0.935653	3.59302
482.01	0.935655	3.59303
482.245	0.935658	3.59304
482.479	0.93566	3.59304
482.713	0.935662	3.59305
482.947	0.935664	3.59306
483.181	0.935666	3.59307
483.416	0.935668	3.59308
483.65	0.93567	3.59308
483.884	0.935673	3.59309
484.118	0.935675	3.5931
484.353	0.935677	3.59311
484.587	0.935679	3.59311
484.821	0.935681	3.59312
485.055	0.935683	3.59313
485.289	0.935685	3.59314
485.524	0.935688	3.59315
485.758	0.93569	3.59315
485.992	0.935692	3.59316
486.226	0.935694	3.59317
486.46	0.935696	3.59318
486.695	0.935698	3.59319
486.929	0.9357	3.59319
487.163	0.935703	3.5932
487.397	0.935705	3.59321
487.631	0.935707	3.59322
487.866	0.935709	3.59322
488.1	0.935711	3.59323
488.334	0.935713	3.59324
488.568	0.935715	3.59325
488.803	0.935718	3.59326
489.037	0.93572	3.59326
489.271	0.935722	3.59327
489.505	0.935724	3.59328
489.739	0.935726	3.59329
489.974	0.935728	3.5933
490.208	0.93573	3.5933
490.442	0.935733	3.59331
490.676	0.935735	3.59332
490.91	0.935737	3.59333
491.145	0.935739	3.59333
491.379	0.935741	3.59334
491.613	0.935743	3.59335
491.847	0.935745	3.59336
492.082	0.935748	3.59337
492.316	0.93575	3.59337
492.55	0.935752	3.59338
492.784	0.935754	3.59339
493.018	0.935756	3.5934
493.253	0.935758	3.59341
493.487	0.93576	3.59341
493.721	0.935763	3.59342
493.955	0.935765	3.59343
494.189	0.935767	3.59344
494.424	0.935769	3.59344
494.658	0.935771	3.59345
494.892	0.935773	3.59346
495.126	0.935775	3.59347
495.36	0.935778	3.59348
495.595	0.93578	3.59348
495.829	0.935782	3.59349
496.063	0.935784	3.5935
496.297	0.935786	3.59351
496.532	0.935788	3.59352
496.766	0.93579	3.59352
497	0.935793	3.59353
497.234	0.935795	3.59354
497.468	0.935797	3.59355
497.703	0.935799	3.59355
497.937	0.935801	3.59356
498.171	0.935803	3.59357
498.405	0.935805	3.59358
498.639	0.935808	3.59359
498.874	0.93581	3.59359
499.108	0.935812	3.5936
499.342	0.935814	3.59361
499.576	0.935816	3.59362
499.811	0.935818	3.59363
