0	1.00149	3.55791
0	1.00149	3.55791
0.148129	1.00166	3.5582
0.296257	1.00213	3.55901
0.444386	1.00282	3.56021
0.592514	1.00366	3.56168
0.593996	1.00367	3.5617
0.742124	1.00458	3.56331
0.890253	1.00547	3.56492
1.03838	1.00629	3.56641
1.18651	1.00697	3.56768
1.33316	1.00749	3.56865
1.48129	1.00783	3.56933
1.62941	1.00799	3.5697
1.77754	1.00797	3.56976
1.92567	1.0078	3.56956
2.0738	1.0075	3.56915
2.22193	1.00711	3.5686
2.37006	1.00667	3.56798
2.51819	1.00621	3.56735
2.66631	1.00576	3.56675
2.81444	1.00536	3.56624
2.96257	1.005	3.56584
3.1107	1.0047	3.56555
3.25883	1.00447	3.5654
3.40696	1.00431	3.56538
3.55509	1.0042	3.56547
3.70322	1.00414	3.56564
3.85134	1.00411	3.56589
3.99947	1.00411	3.5662
4.1476	1.00412	3.56654
4.29573	1.00412	3.5669
4.44386	1.00411	3.56724
4.59199	1.00408	3.56754
4.74012	1.004	3.5678
4.88824	1.00389	3.56799
5.03637	1.00374	3.56812
5.1845	1.00356	3.56819
5.33263	1.00334	3.56822
5.48076	1.00309	3.5682
5.62889	1.00283	3.56817
5.77702	1.00255	3.56812
5.92514	1.00227	3.56808
6.07327	1.00199	3.56805
6.2214	1.00171	3.56804
6.36953	1.00144	3.56805
6.51766	1.00117	3.56807
6.66579	1.00091	3.56812
6.81392	1.00066	3.56818
6.96204	1.00042	3.56827
7.11017	1.00018	3.56837
7.2583	0.999944	3.56849
7.40643	0.999712	3.56863
7.55456	0.99948	3.56877
7.70269	0.999244	3.56892
7.85082	0.999004	3.56906
7.99894	0.998756	3.5692
8.14707	0.998499	3.56933
8.2952	0.998231	3.56945
8.44333	0.997954	3.56955
8.59294	0.997666	3.56965
8.74107	0.997372	3.56973
8.8892	0.997071	3.56982
9.03733	0.996766	3.5699
9.18545	0.996457	3.56997
9.33358	0.996145	3.57005
9.48171	0.995831	3.57013
9.62984	0.995516	3.57022
9.77797	0.9952	3.5703
9.9261	0.994884	3.57039
10.0742	0.994567	3.57049
10.2224	0.994251	3.57058
10.3705	0.993934	3.57068
10.5186	0.993618	3.57079
10.6667	0.993303	3.5709
10.8149	0.992986	3.57101
10.963	0.992669	3.57112
11.1111	0.992351	3.57123
11.2593	0.992032	3.57135
11.4074	0.99171	3.57146
11.5555	0.991386	3.57157
11.7036	0.99106	3.57167
11.8518	0.990733	3.57178
11.9999	0.990403	3.57188
12.148	0.990072	3.57198
12.2962	0.989741	3.57208
12.4443	0.989408	3.57218
12.5924	0.989075	3.57228
12.7405	0.988741	3.57238
12.8887	0.988408	3.57248
13.0368	0.988074	3.57258
13.1849	0.987741	3.57268
13.3331	0.987409	3.57278
13.4812	0.987076	3.57288
13.6293	0.986745	3.57297
13.7774	0.986414	3.57308
13.9256	0.986085	3.57318
14.0737	0.985756	3.57328
14.2218	0.985428	3.57338
14.37	0.985102	3.57348
14.5181	0.984776	3.57358
14.6662	0.98445	3.57368
14.8143	0.984126	3.57378
14.9625	0.983802	3.57388
15.1106	0.98348	3.57397
15.2587	0.983158	3.57407
15.4069	0.982838	3.57417
15.555	0.982518	3.57426
15.7031	0.9822	3.57435
15.8512	0.981884	3.57445
15.9994	0.981569	3.57454
16.1475	0.981255	3.57463
16.2956	0.980943	3.57472
16.4438	0.980633	3.57482
16.5919	0.980324	3.57491
16.74	0.980018	3.57499
16.8881	0.979713	3.57508
17.0363	0.97941	3.57517
17.1844	0.979109	3.57526
17.3325	0.978811	3.57535
17.4807	0.978514	3.57543
17.6288	0.97822	3.57552
17.7769	0.977927	3.57561
17.925	0.977637	3.57569
18.0732	0.977349	3.57577
18.2213	0.977064	3.57586
18.3694	0.97678	3.57594
18.5176	0.976499	3.57602
18.6657	0.97622	3.5761
18.8138	0.975943	3.57618
18.9619	0.975669	3.57626
19.1101	0.975397	3.57634
19.2582	0.975128	3.57642
19.4063	0.97486	3.57649
19.5545	0.974596	3.57657
19.7026	0.974334	3.57664
19.8507	0.974074	3.57672
19.9988	0.973817	3.57679
20.147	0.973563	3.57686
20.2951	0.973311	3.57693
20.4432	0.973061	3.577
20.5914	0.972814	3.57707
20.7395	0.97257	3.57714
20.8876	0.972329	3.57721
21.0357	0.97209	3.57728
21.1839	0.971853	3.57735
21.332	0.97162	3.57741
21.4801	0.971389	3.57748
21.6283	0.97116	3.57754
21.7764	0.970934	3.57761
21.9245	0.970711	3.57767
22.0726	0.97049	3.57773
22.2208	0.970272	3.57779
22.3689	0.970057	3.57785
22.5155	0.969846	3.57791
22.6637	0.969636	3.57797
22.8118	0.969428	3.57803
22.9599	0.969223	3.57809
23.1081	0.96902	3.57814
23.2562	0.96882	3.5782
23.4043	0.968623	3.57825
23.5524	0.968428	3.57831
23.7006	0.968236	3.57836
23.8487	0.968046	3.57842
23.9968	0.967859	3.57847
24.145	0.967674	3.57852
24.2931	0.967492	3.57857
24.4412	0.967312	3.57862
24.5893	0.967135	3.57867
24.7375	0.96696	3.57872
24.8856	0.966787	3.57876
25.0337	0.966617	3.57881
25.1819	0.96645	3.57886
25.33	0.966284	3.5789
25.4781	0.966122	3.57895
25.6262	0.965961	3.57899
25.7744	0.965803	3.57904
25.9225	0.965647	3.57908
26.0706	0.965493	3.57912
26.2188	0.965342	3.57916
26.3669	0.965193	3.57921
26.515	0.965046	3.57925
26.6631	0.964901	3.57929
26.8113	0.964758	3.57932
26.9594	0.964618	3.57936
27.1075	0.96448	3.5794
27.2557	0.964344	3.57944
27.4038	0.96421	3.57948
27.5519	0.964078	3.57951
27.7	0.963948	3.57955
27.8482	0.96382	3.57958
27.9963	0.963694	3.57962
28.1444	0.96357	3.57965
28.2926	0.963448	3.57968
28.4407	0.963328	3.57972
28.5888	0.96321	3.57975
28.7369	0.963094	3.57978
28.8851	0.96298	3.57981
29.0332	0.962867	3.57984
29.1813	0.962757	3.57987
29.3295	0.962648	3.5799
29.4776	0.962541	3.57993
29.6257	0.962435	3.57996
29.7738	0.962332	3.57999
29.922	0.96223	3.58002
30.0701	0.96213	3.58004
30.2182	0.962031	3.58007
30.3664	0.961935	3.5801
30.5145	0.961839	3.58012
30.6626	0.961746	3.58015
30.8107	0.961654	3.58017
30.9589	0.961563	3.5802
31.107	0.961474	3.58022
31.2551	0.961387	3.58025
31.4033	0.961301	3.58027
31.5514	0.961217	3.58029
31.6995	0.961134	3.58031
31.8476	0.961052	3.58034
31.9958	0.960972	3.58036
32.1439	0.960893	3.58038
32.292	0.960816	3.5804
32.4402	0.96074	3.58042
32.5883	0.960665	3.58044
32.7364	0.960592	3.58046
32.8845	0.96052	3.58048
33.0327	0.960449	3.5805
33.1808	0.960379	3.58052
33.3289	0.960311	3.58054
33.4771	0.960244	3.58056
33.6252	0.960178	3.58057
33.7733	0.960113	3.58059
33.9215	0.96005	3.58061
34.0696	0.959987	3.58063
34.2177	0.959926	3.58064
34.3658	0.959865	3.58066
34.514	0.959806	3.58067
34.6621	0.959748	3.58069
34.8102	0.959691	3.58071
34.9584	0.959635	3.58072
35.1065	0.95958	3.58074
35.2546	0.959526	3.58075
35.4027	0.959473	3.58077
35.5523	0.959421	3.58078
35.7005	0.95937	3.58079
35.8486	0.959319	3.58081
35.9967	0.95927	3.58082
36.1449	0.959222	3.58083
36.293	0.959174	3.58085
36.4411	0.959128	3.58086
36.5892	0.959082	3.58087
36.7374	0.959037	3.58088
36.8855	0.958993	3.5809
37.0336	0.95895	3.58091
37.1818	0.958908	3.58092
37.3299	0.958866	3.58093
37.478	0.958825	3.58094
37.6261	0.958785	3.58095
37.7743	0.958746	3.58096
37.9224	0.958707	3.58097
38.0705	0.958669	3.58098
38.2187	0.958632	3.58099
38.3668	0.958596	3.581
38.5149	0.95856	3.58101
38.663	0.958525	3.58102
38.8112	0.958491	3.58103
38.9593	0.958457	3.58104
39.1074	0.958424	3.58105
39.2556	0.958391	3.58106
39.4037	0.958359	3.58107
39.5518	0.958328	3.58108
39.6999	0.958297	3.58108
39.8481	0.958267	3.58109
39.9962	0.958238	3.5811
40.1443	0.958209	3.58111
40.2925	0.95818	3.58112
40.4406	0.958152	3.58112
40.5887	0.958125	3.58113
40.7368	0.958098	3.58114
40.885	0.958072	3.58114
41.0331	0.958046	3.58115
41.1812	0.958021	3.58116
41.3294	0.957996	3.58117
41.4775	0.957972	3.58117
41.6256	0.957948	3.58118
41.7737	0.957924	3.58118
41.9219	0.957901	3.58119
42.07	0.957879	3.5812
42.2181	0.957857	3.5812
42.3663	0.957835	3.58121
42.5144	0.957814	3.58121
42.6625	0.957793	3.58122
42.8106	0.957773	3.58123
42.9588	0.957753	3.58123
43.1069	0.957733	3.58124
43.255	0.957714	3.58124
43.4032	0.957695	3.58125
43.5513	0.957676	3.58125
43.6994	0.957658	3.58126
43.8475	0.957641	3.58126
43.9957	0.957623	3.58127
44.1438	0.957606	3.58127
44.2919	0.957589	3.58128
44.4401	0.957573	3.58128
44.5882	0.957557	3.58129
44.7363	0.957541	3.58129
44.8844	0.957526	3.58129
45.0326	0.95751	3.5813
45.1807	0.957495	3.5813
45.3288	0.957481	3.58131
45.477	0.957467	3.58131
45.6251	0.957453	3.58131
45.7732	0.957439	3.58132
45.9213	0.957425	3.58132
46.0695	0.957412	3.58132
46.2176	0.957399	3.58133
46.3657	0.957387	3.58133
46.5139	0.957374	3.58134
46.662	0.957362	3.58134
46.8101	0.95735	3.58134
46.9582	0.957338	3.58134
47.1064	0.957327	3.58135
47.2545	0.957316	3.58135
47.4026	0.957305	3.58135
47.5508	0.957294	3.58136
47.6989	0.957283	3.58136
47.847	0.957273	3.58136
47.9951	0.957263	3.58137
48.1433	0.957253	3.58137
48.2914	0.957243	3.58137
48.4395	0.957234	3.58137
48.5877	0.957224	3.58138
48.7358	0.957215	3.58138
48.8839	0.957206	3.58138
49.032	0.957197	3.58138
49.1802	0.957189	3.58139
49.3283	0.95718	3.58139
49.4764	0.957172	3.58139
49.6246	0.957164	3.58139
49.7727	0.957156	3.5814
49.9208	0.957148	3.5814
50.0689	0.95714	3.5814
50.2171	0.957133	3.5814
50.3652	0.957126	3.5814
50.5133	0.957119	3.58141
50.6615	0.957111	3.58141
50.8096	0.957105	3.58141
50.9577	0.957098	3.58141
51.1058	0.957091	3.58141
51.254	0.957085	3.58142
51.4021	0.957078	3.58142
51.5502	0.957072	3.58142
51.6984	0.957066	3.58142
51.8465	0.95706	3.58142
51.9946	0.957054	3.58142
52.1427	0.957049	3.58143
52.2909	0.957043	3.58143
52.439	0.957038	3.58143
52.5871	0.957032	3.58143
52.7353	0.957027	3.58143
52.8834	0.957022	3.58143
53.0315	0.957017	3.58143
53.1796	0.957012	3.58144
53.3278	0.957007	3.58144
53.4759	0.957002	3.58144
53.624	0.956998	3.58144
53.7722	0.956993	3.58144
53.9203	0.956989	3.58144
54.0684	0.956984	3.58144
54.2165	0.95698	3.58145
54.3647	0.956976	3.58145
54.5128	0.956972	3.58145
54.6609	0.956968	3.58145
54.8091	0.956964	3.58145
54.9572	0.95696	3.58145
55.1053	0.956957	3.58145
55.2535	0.956953	3.58145
55.4016	0.956949	3.58145
55.5497	0.956946	3.58146
55.6978	0.956942	3.58146
55.846	0.956939	3.58146
55.9941	0.956936	3.58146
56.1422	0.956933	3.58146
56.2904	0.956929	3.58146
56.4385	0.956926	3.58146
56.5866	0.956923	3.58146
56.7347	0.95692	3.58146
56.8829	0.956917	3.58146
57.031	0.956915	3.58146
57.1791	0.956912	3.58147
57.3273	0.956909	3.58147
57.4754	0.956907	3.58147
57.6235	0.956904	3.58147
57.7716	0.956901	3.58147
57.9198	0.956899	3.58147
58.0679	0.956897	3.58147
58.216	0.956894	3.58147
58.3642	0.956892	3.58147
58.5123	0.95689	3.58147
58.6604	0.956887	3.58147
58.8085	0.956885	3.58147
58.9567	0.956883	3.58147
59.1048	0.956881	3.58147
59.2529	0.956879	3.58148
59.4011	0.956877	3.58148
59.5492	0.956875	3.58148
59.6973	0.956873	3.58148
59.8454	0.956871	3.58148
59.9936	0.95687	3.58148
60.1417	0.956868	3.58148
60.2898	0.956866	3.58148
60.438	0.956865	3.58148
60.5861	0.956863	3.58148
60.7342	0.956861	3.58148
60.8823	0.95686	3.58148
61.0305	0.956858	3.58148
61.1786	0.956857	3.58148
61.3267	0.956855	3.58148
61.4749	0.956854	3.58148
61.623	0.956852	3.58148
61.7711	0.956851	3.58148
61.9192	0.95685	3.58148
62.0674	0.956848	3.58148
62.2155	0.956847	3.58149
62.3636	0.956846	3.58149
62.5118	0.956845	3.58149
62.6599	0.956844	3.58149
62.808	0.956842	3.58149
62.9561	0.956841	3.58149
63.1043	0.95684	3.58149
63.2524	0.956839	3.58149
63.4005	0.956838	3.58149
63.5487	0.956837	3.58149
63.6968	0.956836	3.58149
63.8449	0.956835	3.58149
63.993	0.956834	3.58149
64.1412	0.956833	3.58149
64.2893	0.956832	3.58149
64.4374	0.956832	3.58149
64.5856	0.956831	3.58149
64.7337	0.95683	3.58149
64.8818	0.956829	3.58149
65.0299	0.956828	3.58149
65.1781	0.956828	3.58149
65.3262	0.956827	3.58149
65.4743	0.956826	3.58149
65.6225	0.956825	3.58149
65.7706	0.956825	3.58149
65.9187	0.956824	3.58149
66.0668	0.956823	3.58149
66.215	0.956823	3.58149
66.3631	0.956822	3.58149
66.5112	0.956822	3.58149
66.6594	0.956821	3.58149
66.8075	0.95682	3.58149
66.9556	0.95682	3.5815
67.1037	0.956819	3.5815
67.2519	0.956819	3.5815
67.4	0.956818	3.5815
67.5481	0.956818	3.5815
67.6963	0.956817	3.5815
67.8444	0.956817	3.5815
67.9925	0.956816	3.5815
68.1406	0.956816	3.5815
68.2888	0.956816	3.5815
68.4369	0.956815	3.5815
68.585	0.956815	3.5815
68.7332	0.956814	3.5815
68.8813	0.956814	3.5815
69.0294	0.956814	3.5815
69.1775	0.956813	3.5815
69.3257	0.956813	3.5815
69.4738	0.956813	3.5815
69.6219	0.956812	3.5815
69.7701	0.956812	3.5815
69.9182	0.956812	3.5815
70.0663	0.956812	3.5815
70.2144	0.956811	3.5815
70.3626	0.956811	3.5815
70.5107	0.956811	3.5815
70.6588	0.956811	3.5815
70.807	0.95681	3.5815
70.9551	0.95681	3.5815
71.1032	0.95681	3.5815
71.2513	0.95681	3.5815
71.3995	0.95681	3.5815
71.5476	0.956809	3.5815
71.6957	0.956809	3.5815
71.8439	0.956809	3.5815
71.992	0.956809	3.5815
72.1401	0.956809	3.5815
72.2882	0.956809	3.5815
72.4364	0.956808	3.5815
72.5845	0.956808	3.5815
72.7326	0.956808	3.5815
72.8808	0.956808	3.5815
73.0289	0.956808	3.5815
73.177	0.956808	3.5815
73.3251	0.956808	3.5815
73.4733	0.956808	3.5815
73.6214	0.956808	3.5815
73.7695	0.956808	3.5815
73.9177	0.956807	3.5815
74.0658	0.956807	3.5815
74.2139	0.956807	3.5815
74.362	0.956807	3.5815
74.5102	0.956807	3.5815
74.6583	0.956807	3.5815
74.8064	0.956807	3.5815
74.9546	0.956807	3.5815
75.1027	0.956807	3.5815
75.2508	0.956807	3.5815
75.3989	0.956807	3.5815
75.5471	0.956807	3.5815
75.6952	0.956807	3.5815
75.8433	0.956807	3.5815
75.9915	0.956807	3.5815
76.1396	0.956807	3.5815
76.2877	0.956807	3.5815
76.4358	0.956807	3.5815
76.584	0.956807	3.5815
76.7321	0.956807	3.5815
76.8802	0.956807	3.5815
77.0284	0.956807	3.5815
77.1765	0.956807	3.5815
77.3246	0.956807	3.5815
77.4727	0.956807	3.5815
77.6209	0.956807	3.5815
77.769	0.956807	3.5815
77.9171	0.956807	3.5815
78.0653	0.956807	3.5815
78.2134	0.956807	3.5815
78.3615	0.956807	3.5815
78.5096	0.956808	3.5815
78.6578	0.956808	3.5815
78.8059	0.956808	3.5815
78.954	0.956808	3.5815
79.1022	0.956808	3.5815
79.2503	0.956808	3.5815
79.3984	0.956808	3.5815
79.5465	0.956808	3.5815
79.6947	0.956808	3.5815
79.8428	0.956808	3.5815
79.9909	0.956808	3.5815
80.1391	0.956808	3.5815
80.2872	0.956808	3.5815
80.4353	0.956808	3.5815
80.5834	0.956809	3.5815
80.7316	0.956809	3.5815
80.8797	0.956809	3.5815
81.0278	0.956809	3.5815
81.176	0.956809	3.5815
81.3241	0.956809	3.5815
81.4722	0.956809	3.5815
81.6203	0.956809	3.5815
81.7685	0.956809	3.5815
81.9166	0.956809	3.5815
82.0647	0.95681	3.5815
82.2129	0.95681	3.5815
82.361	0.95681	3.5815
82.5091	0.95681	3.5815
82.6572	0.95681	3.5815
82.8054	0.95681	3.5815
82.9535	0.95681	3.5815
83.1016	0.95681	3.5815
83.2498	0.956811	3.5815
83.3979	0.956811	3.5815
83.546	0.956811	3.5815
83.6941	0.956811	3.5815
83.8423	0.956811	3.5815
83.9904	0.956811	3.5815
84.1385	0.956811	3.5815
84.2867	0.956811	3.5815
84.4348	0.956812	3.5815
84.5829	0.956812	3.5815
84.731	0.956812	3.5815
84.8792	0.956812	3.5815
85.0273	0.956812	3.5815
85.1754	0.956812	3.5815
85.3236	0.956812	3.5815
85.4717	0.956812	3.5815
85.6198	0.956813	3.5815
85.7679	0.956813	3.5815
85.9161	0.956813	3.5815
86.0642	0.956813	3.5815
86.2123	0.956813	3.5815
86.3605	0.956813	3.5815
86.5086	0.956813	3.5815
86.6567	0.956814	3.5815
86.8048	0.956814	3.5815
86.953	0.956814	3.5815
87.1011	0.956814	3.5815
87.2492	0.956814	3.5815
87.3974	0.956814	3.5815
87.5455	0.956814	3.5815
87.6936	0.956815	3.5815
87.8417	0.956815	3.5815
87.9899	0.956815	3.5815
88.138	0.956815	3.5815
88.2861	0.956815	3.5815
88.4343	0.956815	3.5815
88.5824	0.956815	3.5815
88.7305	0.956816	3.5815
88.8786	0.956816	3.5815
89.0268	0.956816	3.5815
89.1749	0.956816	3.5815
89.323	0.956816	3.5815
89.4712	0.956816	3.5815
89.6193	0.956816	3.5815
89.7674	0.956817	3.5815
89.9155	0.956817	3.5815
90.0637	0.956817	3.5815
90.2118	0.956817	3.5815
90.3599	0.956817	3.5815
90.5081	0.956817	3.5815
90.6562	0.956817	3.5815
90.8043	0.956818	3.5815
90.9524	0.956818	3.5815
91.1006	0.956818	3.5815
91.2487	0.956818	3.5815
91.3968	0.956818	3.5815
91.545	0.956818	3.5815
91.6931	0.956818	3.5815
91.8412	0.956819	3.5815
91.9893	0.956819	3.5815
92.1375	0.956819	3.5815
92.2856	0.956819	3.5815
92.4337	0.956819	3.5815
92.5819	0.956819	3.5815
92.73	0.95682	3.5815
92.8781	0.95682	3.5815
93.0262	0.95682	3.5815
93.1744	0.95682	3.5815
93.3225	0.95682	3.5815
93.4706	0.95682	3.58151
93.6188	0.95682	3.58151
93.7669	0.956821	3.58151
93.915	0.956821	3.58151
94.0631	0.956821	3.58151
94.2113	0.956821	3.58151
94.3594	0.956821	3.58151
94.5075	0.956821	3.58151
94.6557	0.956821	3.58151
94.8038	0.956822	3.58151
94.9519	0.956822	3.58151
95.1	0.956822	3.58151
95.2482	0.956822	3.58151
95.3963	0.956822	3.58151
95.5444	0.956822	3.58151
95.6926	0.956822	3.58151
95.8407	0.956823	3.58151
95.9888	0.956823	3.58151
96.1369	0.956823	3.58151
96.2851	0.956823	3.58151
96.4332	0.956823	3.58151
96.5813	0.956823	3.58151
96.7295	0.956824	3.58151
96.8776	0.956824	3.58151
97.0257	0.956824	3.58151
97.1738	0.956824	3.58151
97.322	0.956824	3.58151
97.4701	0.956824	3.58151
97.6182	0.956824	3.58151
97.7664	0.956825	3.58151
97.9145	0.956825	3.58151
98.0626	0.956825	3.58151
98.2107	0.956825	3.58151
98.3589	0.956825	3.58151
98.507	0.956825	3.58151
98.6551	0.956825	3.58151
98.8033	0.956826	3.58151
98.9514	0.956826	3.58151
99.0995	0.956826	3.58151
99.2476	0.956826	3.58151
99.3958	0.956826	3.58151
99.5439	0.956826	3.58151
99.692	0.956826	3.58151
99.8402	0.956827	3.58151
99.9883	0.956827	3.58151
100.136	0.956827	3.58151
100.285	0.956827	3.58151
100.433	0.956827	3.58151
100.581	0.956827	3.58151
100.729	0.956827	3.58151
100.877	0.956828	3.58151
101.025	0.956828	3.58151
101.173	0.956828	3.58151
101.321	0.956828	3.58151
101.47	0.956828	3.58151
101.618	0.956828	3.58151
101.766	0.956828	3.58151
101.914	0.956828	3.58151
102.062	0.956829	3.58151
102.21	0.956829	3.58151
102.358	0.956829	3.58151
102.506	0.956829	3.58151
102.655	0.956829	3.58151
102.803	0.956829	3.5815
102.951	0.956829	3.5815
103.099	0.95683	3.5815
103.247	0.95683	3.5815
103.395	0.95683	3.5815
103.543	0.95683	3.5815
103.692	0.95683	3.5815
103.84	0.95683	3.5815
103.988	0.95683	3.5815
104.136	0.95683	3.5815
104.284	0.956831	3.5815
104.432	0.956831	3.5815
104.58	0.956831	3.5815
104.728	0.956831	3.5815
104.877	0.956831	3.5815
105.025	0.956831	3.5815
105.173	0.956831	3.5815
105.321	0.956832	3.5815
105.469	0.956832	3.5815
105.617	0.956832	3.5815
105.765	0.956832	3.5815
105.913	0.956832	3.5815
106.062	0.956832	3.5815
106.21	0.956832	3.5815
106.358	0.956832	3.5815
106.506	0.956833	3.5815
106.654	0.956833	3.5815
106.802	0.956833	3.5815
106.95	0.956833	3.5815
107.098	0.956833	3.5815
107.247	0.956833	3.5815
107.395	0.956833	3.5815
107.543	0.956833	3.5815
107.691	0.956834	3.5815
107.839	0.956834	3.5815
107.987	0.956834	3.5815
108.135	0.956834	3.5815
108.283	0.956834	3.5815
108.432	0.956834	3.5815
108.58	0.956834	3.5815
108.728	0.956834	3.5815
108.876	0.956835	3.5815
109.024	0.956835	3.5815
109.172	0.956835	3.5815
109.32	0.956835	3.5815
109.469	0.956835	3.5815
109.617	0.956835	3.5815
109.765	0.956835	3.5815
109.913	0.956835	3.5815
110.061	0.956836	3.5815
110.209	0.956836	3.5815
110.357	0.956836	3.5815
110.505	0.956836	3.5815
110.654	0.956836	3.5815
110.802	0.956836	3.5815
110.95	0.956836	3.5815
111.098	0.956836	3.5815
111.246	0.956836	3.5815
111.394	0.956837	3.5815
111.542	0.956837	3.5815
111.69	0.956837	3.5815
111.839	0.956837	3.5815
111.987	0.956837	3.5815
112.135	0.956837	3.5815
112.283	0.956837	3.5815
112.431	0.956837	3.5815
112.579	0.956837	3.5815
112.727	0.956838	3.5815
112.875	0.956838	3.5815
113.024	0.956838	3.5815
113.172	0.956838	3.5815
113.32	0.956838	3.5815
113.468	0.956838	3.5815
113.616	0.956838	3.5815
113.764	0.956838	3.5815
113.912	0.956838	3.5815
114.061	0.956839	3.5815
114.209	0.956839	3.5815
114.357	0.956839	3.5815
114.505	0.956839	3.5815
114.653	0.956839	3.5815
114.801	0.956839	3.5815
114.949	0.956839	3.5815
115.097	0.956839	3.5815
115.246	0.956839	3.5815
115.394	0.95684	3.5815
115.542	0.95684	3.5815
115.69	0.95684	3.5815
115.838	0.95684	3.5815
115.986	0.95684	3.5815
116.134	0.95684	3.5815
116.282	0.95684	3.5815
116.431	0.95684	3.5815
116.579	0.95684	3.5815
116.727	0.956841	3.5815
116.875	0.956841	3.5815
117.023	0.956841	3.5815
117.171	0.956841	3.5815
117.319	0.956841	3.5815
117.467	0.956841	3.5815
117.616	0.956841	3.5815
117.764	0.956841	3.5815
117.912	0.956841	3.5815
118.06	0.956841	3.5815
118.208	0.956842	3.5815
118.356	0.956842	3.5815
118.504	0.956842	3.5815
118.652	0.956842	3.5815
118.801	0.956842	3.5815
118.949	0.956842	3.5815
119.097	0.956842	3.5815
119.245	0.956842	3.5815
119.393	0.956842	3.5815
119.541	0.956842	3.5815
119.689	0.956843	3.5815
119.838	0.956843	3.5815
119.986	0.956843	3.5815
120.134	0.956843	3.5815
120.282	0.956843	3.5815
120.43	0.956843	3.5815
120.578	0.956843	3.5815
120.726	0.956843	3.5815
120.874	0.956843	3.5815
121.023	0.956843	3.5815
121.171	0.956844	3.5815
121.319	0.956844	3.5815
121.467	0.956844	3.5815
121.615	0.956844	3.5815
121.763	0.956844	3.5815
121.911	0.956844	3.5815
122.059	0.956844	3.5815
122.208	0.956844	3.5815
122.356	0.956844	3.5815
122.504	0.956844	3.5815
122.652	0.956844	3.5815
122.8	0.956845	3.5815
122.948	0.956845	3.5815
123.096	0.956845	3.5815
123.244	0.956845	3.5815
123.393	0.956845	3.5815
123.541	0.956845	3.5815
123.689	0.956845	3.5815
123.837	0.956845	3.5815
123.985	0.956845	3.5815
124.133	0.956845	3.5815
124.281	0.956845	3.5815
124.43	0.956846	3.5815
124.578	0.956846	3.5815
124.726	0.956846	3.5815
124.874	0.956846	3.5815
125.022	0.956846	3.5815
125.17	0.956846	3.5815
125.318	0.956846	3.5815
125.466	0.956846	3.5815
125.615	0.956846	3.5815
125.763	0.956846	3.5815
125.911	0.956846	3.5815
126.059	0.956847	3.5815
126.207	0.956847	3.5815
126.355	0.956847	3.5815
126.503	0.956847	3.5815
126.651	0.956847	3.5815
126.8	0.956847	3.5815
126.948	0.956847	3.5815
127.096	0.956847	3.5815
127.244	0.956847	3.5815
127.392	0.956847	3.5815
127.54	0.956847	3.5815
127.688	0.956847	3.5815
127.836	0.956848	3.5815
127.985	0.956848	3.5815
128.133	0.956848	3.5815
128.281	0.956848	3.5815
128.429	0.956848	3.5815
128.577	0.956848	3.5815
128.725	0.956848	3.5815
128.873	0.956848	3.5815
129.021	0.956848	3.5815
129.17	0.956848	3.5815
129.318	0.956848	3.5815
129.466	0.956848	3.5815
129.614	0.956849	3.5815
129.762	0.956849	3.5815
129.91	0.956849	3.5815
130.058	0.956849	3.5815
130.207	0.956849	3.5815
130.355	0.956849	3.5815
130.503	0.956849	3.5815
130.651	0.956849	3.5815
130.799	0.956849	3.5815
130.947	0.956849	3.5815
131.095	0.956849	3.5815
131.243	0.956849	3.5815
131.392	0.956849	3.5815
131.54	0.95685	3.5815
131.688	0.95685	3.5815
131.836	0.95685	3.5815
131.984	0.95685	3.5815
132.132	0.95685	3.5815
132.28	0.95685	3.5815
132.428	0.95685	3.5815
132.577	0.95685	3.5815
132.725	0.95685	3.5815
132.873	0.95685	3.5815
133.021	0.95685	3.5815
133.169	0.95685	3.5815
133.317	0.95685	3.5815
133.465	0.956851	3.5815
133.613	0.956851	3.5815
133.762	0.956851	3.5815
133.91	0.956851	3.5815
134.058	0.956851	3.5815
134.206	0.956851	3.5815
134.354	0.956851	3.5815
134.502	0.956851	3.5815
134.65	0.956851	3.5815
134.799	0.956851	3.5815
134.947	0.956851	3.5815
135.095	0.956851	3.5815
135.243	0.956851	3.5815
135.391	0.956851	3.5815
135.539	0.956852	3.5815
135.687	0.956852	3.5815
135.835	0.956852	3.5815
135.984	0.956852	3.5815
136.132	0.956852	3.5815
136.28	0.956852	3.5815
136.428	0.956852	3.5815
136.576	0.956852	3.5815
136.724	0.956852	3.5815
136.872	0.956852	3.5815
137.02	0.956852	3.5815
137.169	0.956852	3.5815
137.317	0.956852	3.5815
137.465	0.956852	3.5815
137.613	0.956853	3.5815
137.761	0.956853	3.5815
137.909	0.956853	3.5815
138.057	0.956853	3.5815
138.205	0.956853	3.5815
138.354	0.956853	3.5815
138.502	0.956853	3.5815
138.65	0.956853	3.5815
138.798	0.956853	3.5815
138.946	0.956853	3.5815
139.094	0.956853	3.5815
139.242	0.956853	3.5815
139.39	0.956853	3.5815
139.539	0.956853	3.5815
139.687	0.956853	3.5815
139.835	0.956854	3.5815
139.983	0.956854	3.5815
140.131	0.956854	3.5815
140.279	0.956854	3.5815
140.427	0.956854	3.5815
140.576	0.956854	3.5815
140.724	0.956854	3.5815
140.872	0.956854	3.5815
141.02	0.956854	3.5815
141.168	0.956854	3.5815
141.316	0.956854	3.5815
141.464	0.956854	3.5815
141.612	0.956854	3.5815
141.761	0.956854	3.5815
141.909	0.956854	3.5815
142.057	0.956854	3.5815
142.205	0.956855	3.5815
142.353	0.956855	3.5815
142.501	0.956855	3.5815
142.649	0.956855	3.5815
142.797	0.956855	3.5815
142.946	0.956855	3.5815
143.094	0.956855	3.5815
143.242	0.956855	3.5815
143.39	0.956855	3.5815
143.538	0.956855	3.5815
143.686	0.956855	3.5815
143.834	0.956855	3.5815
143.982	0.956855	3.5815
144.131	0.956855	3.5815
144.279	0.956855	3.5815
144.427	0.956855	3.5815
144.575	0.956855	3.5815
144.723	0.956856	3.5815
144.871	0.956856	3.5815
145.019	0.956856	3.5815
145.168	0.956856	3.5815
145.316	0.956856	3.5815
145.464	0.956856	3.5815
145.612	0.956856	3.5815
145.76	0.956856	3.5815
145.908	0.956856	3.5815
146.056	0.956856	3.5815
146.204	0.956856	3.5815
146.353	0.956856	3.5815
146.501	0.956856	3.5815
146.649	0.956856	3.5815
146.797	0.956856	3.5815
146.945	0.956856	3.5815
147.093	0.956856	3.5815
147.241	0.956857	3.5815
147.389	0.956857	3.5815
147.538	0.956857	3.5815
147.686	0.956857	3.5815
147.834	0.956857	3.5815
147.982	0.956857	3.5815
148.13	0.956857	3.5815
148.278	0.956857	3.5815
148.426	0.956857	3.5815
148.574	0.956857	3.5815
148.723	0.956857	3.5815
148.871	0.956857	3.5815
149.019	0.956857	3.5815
149.167	0.956857	3.5815
149.315	0.956857	3.5815
149.463	0.956857	3.5815
149.611	0.956857	3.5815
149.759	0.956857	3.5815
149.908	0.956857	3.5815
150.056	0.956858	3.5815
150.204	0.956858	3.5815
150.352	0.956858	3.5815
150.5	0.956858	3.5815
150.648	0.956858	3.5815
150.796	0.956858	3.5815
150.945	0.956858	3.5815
151.093	0.956858	3.5815
151.241	0.956858	3.5815
151.389	0.956858	3.5815
151.537	0.956858	3.5815
151.685	0.956858	3.5815
151.833	0.956858	3.5815
151.981	0.956858	3.5815
152.13	0.956858	3.5815
152.278	0.956858	3.5815
152.426	0.956858	3.5815
152.574	0.956858	3.5815
152.722	0.956858	3.5815
152.87	0.956858	3.5815
153.018	0.956859	3.5815
153.166	0.956859	3.5815
153.315	0.956859	3.5815
153.463	0.956859	3.5815
153.611	0.956859	3.5815
153.759	0.956859	3.5815
153.907	0.956859	3.5815
154.055	0.956859	3.5815
154.203	0.956859	3.5815
154.351	0.956859	3.5815
154.5	0.956859	3.5815
154.648	0.956859	3.5815
154.796	0.956859	3.5815
154.944	0.956859	3.5815
155.092	0.956859	3.5815
155.24	0.956859	3.5815
155.388	0.956859	3.5815
155.537	0.956859	3.5815
155.685	0.956859	3.5815
155.833	0.956859	3.5815
155.981	0.956859	3.5815
156.129	0.95686	3.5815
156.277	0.95686	3.5815
156.425	0.95686	3.5815
156.573	0.95686	3.5815
156.722	0.95686	3.5815
156.87	0.95686	3.5815
157.018	0.95686	3.5815
157.166	0.95686	3.5815
157.314	0.95686	3.5815
157.462	0.95686	3.5815
157.61	0.95686	3.5815
157.758	0.95686	3.5815
157.907	0.95686	3.5815
158.055	0.95686	3.5815
158.203	0.95686	3.5815
158.351	0.95686	3.5815
158.499	0.95686	3.5815
158.647	0.95686	3.5815
158.795	0.95686	3.5815
158.943	0.95686	3.5815
159.092	0.95686	3.5815
159.24	0.95686	3.5815
159.388	0.956861	3.5815
159.536	0.956861	3.5815
159.684	0.956861	3.5815
159.832	0.956861	3.5815
159.98	0.956861	3.5815
160.129	0.956861	3.5815
160.277	0.956861	3.5815
160.425	0.956861	3.5815
160.573	0.956861	3.5815
160.721	0.956861	3.5815
160.869	0.956861	3.5815
161.017	0.956861	3.5815
161.165	0.956861	3.5815
161.314	0.956861	3.5815
161.462	0.956861	3.5815
161.61	0.956861	3.5815
161.758	0.956861	3.5815
161.906	0.956861	3.5815
162.054	0.956861	3.5815
162.202	0.956861	3.5815
162.35	0.956861	3.5815
162.499	0.956861	3.5815
162.647	0.956861	3.5815
162.795	0.956861	3.5815
162.943	0.956861	3.5815
163.091	0.956862	3.5815
163.239	0.956862	3.5815
163.387	0.956862	3.5815
163.535	0.956862	3.5815
163.684	0.956862	3.5815
163.832	0.956862	3.5815
163.98	0.956862	3.5815
164.128	0.956862	3.5815
164.276	0.956862	3.5815
164.424	0.956862	3.5815
164.572	0.956862	3.5815
164.72	0.956862	3.5815
164.869	0.956862	3.5815
165.017	0.956862	3.5815
165.165	0.956862	3.5815
165.313	0.956862	3.5815
165.461	0.956862	3.5815
165.609	0.956862	3.5815
165.757	0.956862	3.5815
165.906	0.956862	3.5815
166.054	0.956862	3.5815
166.202	0.956862	3.5815
166.35	0.956862	3.5815
166.498	0.956862	3.5815
166.646	0.956862	3.5815
166.794	0.956862	3.5815
166.942	0.956863	3.5815
167.091	0.956863	3.5815
167.239	0.956863	3.5815
167.387	0.956863	3.5815
167.535	0.956863	3.5815
167.683	0.956863	3.5815
167.831	0.956863	3.5815
167.979	0.956863	3.5815
168.127	0.956863	3.5815
168.276	0.956863	3.5815
168.424	0.956863	3.5815
168.572	0.956863	3.5815
168.72	0.956863	3.5815
168.868	0.956863	3.5815
169.016	0.956863	3.5815
169.164	0.956863	3.5815
169.312	0.956863	3.5815
169.461	0.956863	3.5815
169.609	0.956863	3.5815
169.757	0.956863	3.5815
169.905	0.956863	3.5815
170.053	0.956863	3.5815
170.201	0.956863	3.5815
170.349	0.956863	3.5815
170.498	0.956863	3.5815
170.646	0.956863	3.5815
170.794	0.956863	3.5815
170.942	0.956863	3.5815
171.09	0.956863	3.5815
171.238	0.956864	3.5815
171.386	0.956864	3.5815
171.534	0.956864	3.5815
171.683	0.956864	3.5815
171.831	0.956864	3.5815
171.979	0.956864	3.5815
172.127	0.956864	3.5815
172.275	0.956864	3.5815
172.423	0.956864	3.5815
172.571	0.956864	3.5815
172.719	0.956864	3.5815
172.868	0.956864	3.5815
173.016	0.956864	3.5815
173.164	0.956864	3.5815
173.312	0.956864	3.5815
173.46	0.956864	3.5815
173.608	0.956864	3.5815
173.756	0.956864	3.5815
173.904	0.956864	3.5815
174.053	0.956864	3.5815
174.201	0.956864	3.5815
174.349	0.956864	3.5815
174.497	0.956864	3.5815
174.645	0.956864	3.5815
174.793	0.956864	3.5815
174.941	0.956864	3.5815
175.089	0.956864	3.5815
175.238	0.956864	3.5815
175.386	0.956864	3.5815
175.534	0.956864	3.5815
175.682	0.956864	3.5815
175.83	0.956865	3.5815
175.978	0.956865	3.5815
176.126	0.956865	3.5815
176.275	0.956865	3.5815
176.423	0.956865	3.5815
176.571	0.956865	3.5815
176.719	0.956865	3.5815
176.867	0.956865	3.5815
177.015	0.956865	3.5815
177.163	0.956865	3.5815
177.311	0.956865	3.5815
177.46	0.956865	3.5815
177.608	0.956865	3.5815
177.756	0.956865	3.5815
177.904	0.956865	3.5815
178.052	0.956865	3.5815
178.2	0.956865	3.5815
178.348	0.956865	3.5815
178.496	0.956865	3.5815
178.645	0.956865	3.5815
178.793	0.956865	3.5815
178.941	0.956865	3.5815
179.089	0.956865	3.5815
179.237	0.956865	3.5815
179.385	0.956865	3.5815
179.533	0.956865	3.5815
179.681	0.956865	3.5815
179.83	0.956865	3.5815
179.978	0.956865	3.5815
180.126	0.956865	3.5815
180.274	0.956865	3.5815
180.422	0.956865	3.5815
180.57	0.956865	3.5815
180.718	0.956865	3.5815
180.867	0.956865	3.5815
181.015	0.956866	3.5815
181.163	0.956866	3.5815
181.311	0.956866	3.5815
181.459	0.956866	3.5815
181.607	0.956866	3.5815
181.755	0.956866	3.5815
181.903	0.956866	3.5815
182.052	0.956866	3.5815
182.2	0.956866	3.5815
182.348	0.956866	3.5815
182.496	0.956866	3.5815
182.644	0.956866	3.5815
182.792	0.956866	3.5815
182.94	0.956866	3.5815
183.088	0.956866	3.5815
183.237	0.956866	3.5815
183.385	0.956866	3.5815
183.533	0.956866	3.5815
183.681	0.956866	3.5815
183.829	0.956866	3.5815
183.977	0.956866	3.5815
184.125	0.956866	3.5815
184.273	0.956866	3.5815
184.422	0.956866	3.5815
184.57	0.956866	3.5815
184.718	0.956866	3.5815
184.866	0.956866	3.5815
185.014	0.956866	3.5815
185.162	0.956866	3.5815
185.31	0.956866	3.5815
185.458	0.956866	3.5815
185.607	0.956866	3.5815
185.755	0.956866	3.5815
185.903	0.956866	3.5815
186.051	0.956866	3.5815
186.199	0.956866	3.5815
186.347	0.956866	3.5815
186.495	0.956866	3.5815
186.644	0.956866	3.5815
186.792	0.956867	3.5815
186.94	0.956867	3.5815
187.088	0.956867	3.5815
187.236	0.956867	3.5815
187.384	0.956867	3.5815
187.532	0.956867	3.5815
187.68	0.956867	3.5815
187.829	0.956867	3.5815
187.977	0.956867	3.5815
188.125	0.956867	3.5815
188.273	0.956867	3.5815
188.421	0.956867	3.5815
188.569	0.956867	3.5815
188.717	0.956867	3.5815
188.865	0.956867	3.5815
189.014	0.956867	3.5815
189.162	0.956867	3.5815
189.31	0.956867	3.5815
189.458	0.956867	3.5815
189.606	0.956867	3.5815
189.754	0.956867	3.5815
189.902	0.956867	3.5815
190.05	0.956867	3.5815
190.199	0.956867	3.5815
190.347	0.956867	3.5815
190.495	0.956867	3.5815
190.643	0.956867	3.5815
190.791	0.956867	3.5815
190.939	0.956867	3.5815
191.087	0.956867	3.5815
191.236	0.956867	3.5815
191.384	0.956867	3.5815
191.532	0.956867	3.5815
191.68	0.956867	3.5815
191.828	0.956867	3.5815
191.976	0.956867	3.5815
192.124	0.956867	3.5815
192.272	0.956867	3.5815
192.421	0.956867	3.5815
192.569	0.956867	3.5815
192.717	0.956867	3.5815
192.865	0.956867	3.5815
193.013	0.956867	3.5815
193.161	0.956867	3.5815
193.309	0.956867	3.5815
193.457	0.956868	3.5815
193.606	0.956868	3.5815
193.754	0.956868	3.5815
193.902	0.956868	3.5815
194.05	0.956868	3.5815
194.198	0.956868	3.5815
194.346	0.956868	3.5815
194.494	0.956868	3.5815
194.642	0.956868	3.5815
194.791	0.956868	3.5815
194.939	0.956868	3.5815
195.087	0.956868	3.5815
195.235	0.956868	3.5815
195.383	0.956868	3.5815
195.531	0.956868	3.5815
195.679	0.956868	3.5815
195.827	0.956868	3.5815
195.976	0.956868	3.5815
196.124	0.956868	3.5815
196.272	0.956868	3.5815
196.42	0.956868	3.5815
196.568	0.956868	3.5815
196.716	0.956868	3.5815
196.864	0.956868	3.5815
197.013	0.956868	3.5815
197.161	0.956868	3.5815
197.309	0.956868	3.5815
197.457	0.956868	3.5815
197.605	0.956868	3.5815
197.753	0.956868	3.5815
197.901	0.956868	3.5815
198.049	0.956868	3.5815
198.198	0.956868	3.5815
198.346	0.956868	3.5815
198.494	0.956868	3.5815
198.642	0.956868	3.5815
198.79	0.956868	3.5815
198.938	0.956868	3.5815
199.086	0.956868	3.5815
199.234	0.956868	3.5815
199.383	0.956868	3.5815
199.531	0.956868	3.5815
199.679	0.956868	3.5815
199.827	0.956868	3.5815
199.975	0.956868	3.5815
200.123	0.956868	3.5815
200.271	0.956868	3.5815
200.419	0.956868	3.5815
200.568	0.956868	3.5815
200.716	0.956868	3.5815
200.864	0.956868	3.5815
201.012	0.956868	3.5815
201.16	0.956868	3.5815
201.308	0.956869	3.5815
201.456	0.956869	3.5815
201.605	0.956869	3.5815
201.753	0.956869	3.5815
201.901	0.956869	3.5815
202.049	0.956869	3.5815
202.197	0.956869	3.5815
202.345	0.956869	3.5815
202.493	0.956869	3.5815
202.641	0.956869	3.5815
202.79	0.956869	3.5815
202.938	0.956869	3.5815
203.086	0.956869	3.5815
203.234	0.956869	3.5815
203.382	0.956869	3.5815
203.53	0.956869	3.5815
203.678	0.956869	3.5815
203.826	0.956869	3.5815
203.975	0.956869	3.5815
204.123	0.956869	3.5815
204.271	0.956869	3.5815
204.419	0.956869	3.5815
204.567	0.956869	3.5815
204.715	0.956869	3.5815
204.863	0.956869	3.5815
205.011	0.956869	3.5815
205.16	0.956869	3.5815
205.308	0.956869	3.5815
205.456	0.956869	3.5815
205.604	0.956869	3.5815
205.752	0.956869	3.5815
205.9	0.956869	3.5815
206.048	0.956869	3.5815
206.196	0.956869	3.5815
206.345	0.956869	3.5815
206.493	0.956869	3.5815
206.641	0.956869	3.5815
206.789	0.956869	3.5815
206.937	0.956869	3.5815
207.085	0.956869	3.5815
207.233	0.956869	3.5815
207.382	0.956869	3.5815
207.53	0.956869	3.5815
207.678	0.956869	3.5815
207.826	0.956869	3.5815
207.974	0.956869	3.5815
208.122	0.956869	3.5815
208.27	0.956869	3.5815
208.418	0.956869	3.5815
208.567	0.956869	3.5815
208.715	0.956869	3.5815
208.863	0.956869	3.5815
209.011	0.956869	3.5815
209.159	0.956869	3.5815
209.307	0.956869	3.5815
209.455	0.956869	3.5815
209.603	0.956869	3.5815
209.752	0.956869	3.5815
209.9	0.956869	3.5815
210.048	0.956869	3.5815
210.196	0.956869	3.5815
210.344	0.956869	3.5815
210.492	0.95687	3.5815
210.64	0.95687	3.5815
210.788	0.95687	3.5815
210.937	0.95687	3.5815
211.085	0.95687	3.5815
211.233	0.95687	3.5815
211.381	0.95687	3.5815
211.529	0.95687	3.5815
211.677	0.95687	3.5815
211.825	0.95687	3.5815
211.974	0.95687	3.5815
212.122	0.95687	3.5815
212.27	0.95687	3.5815
212.418	0.95687	3.5815
212.566	0.95687	3.5815
212.714	0.95687	3.5815
212.862	0.95687	3.5815
213.01	0.95687	3.5815
213.159	0.95687	3.5815
213.307	0.95687	3.5815
213.455	0.95687	3.5815
213.603	0.95687	3.5815
213.751	0.95687	3.5815
213.899	0.95687	3.5815
214.047	0.95687	3.5815
214.195	0.95687	3.5815
214.344	0.95687	3.5815
214.492	0.95687	3.5815
214.64	0.95687	3.5815
214.788	0.95687	3.5815
214.936	0.95687	3.5815
215.084	0.95687	3.5815
215.232	0.95687	3.5815
215.38	0.95687	3.5815
215.529	0.95687	3.5815
215.677	0.95687	3.5815
215.825	0.95687	3.5815
215.973	0.95687	3.5815
216.121	0.95687	3.5815
216.269	0.95687	3.5815
216.417	0.95687	3.5815
216.565	0.95687	3.5815
216.714	0.95687	3.5815
216.862	0.95687	3.5815
217.01	0.95687	3.5815
217.158	0.95687	3.5815
217.306	0.95687	3.5815
217.454	0.95687	3.5815
217.602	0.95687	3.5815
217.751	0.95687	3.5815
217.899	0.95687	3.5815
218.047	0.95687	3.5815
218.195	0.95687	3.5815
218.343	0.95687	3.5815
218.491	0.95687	3.5815
218.639	0.95687	3.5815
218.787	0.95687	3.5815
218.936	0.95687	3.5815
219.084	0.95687	3.5815
219.232	0.95687	3.5815
219.38	0.95687	3.5815
219.528	0.95687	3.5815
219.676	0.95687	3.5815
219.824	0.95687	3.5815
219.972	0.95687	3.5815
220.121	0.95687	3.5815
220.269	0.95687	3.5815
220.417	0.95687	3.5815
220.565	0.95687	3.5815
220.713	0.95687	3.5815
220.861	0.95687	3.5815
221.009	0.95687	3.5815
221.157	0.95687	3.5815
221.306	0.95687	3.5815
221.454	0.95687	3.5815
221.602	0.95687	3.5815
221.75	0.95687	3.5815
221.898	0.95687	3.5815
222.046	0.956871	3.5815
222.194	0.956871	3.5815
222.343	0.956871	3.5815
222.491	0.956871	3.5815
222.639	0.956871	3.5815
222.787	0.956871	3.5815
222.935	0.956871	3.5815
223.083	0.956871	3.5815
223.231	0.956871	3.5815
223.379	0.956871	3.5815
223.528	0.956871	3.5815
223.676	0.956871	3.5815
223.824	0.956871	3.5815
223.972	0.956871	3.5815
224.12	0.956871	3.5815
224.268	0.956871	3.5815
224.416	0.956871	3.5815
224.564	0.956871	3.5815
224.713	0.956871	3.5815
224.861	0.956871	3.5815
225.009	0.956871	3.5815
225.157	0.956871	3.5815
225.305	0.956871	3.5815
225.453	0.956871	3.5815
225.601	0.956871	3.5815
225.749	0.956871	3.5815
225.898	0.956871	3.5815
226.046	0.956871	3.5815
226.194	0.956871	3.5815
226.342	0.956871	3.5815
226.49	0.956871	3.5815
226.638	0.956871	3.5815
226.786	0.956871	3.5815
226.935	0.956871	3.5815
227.083	0.956871	3.5815
227.231	0.956871	3.5815
227.379	0.956871	3.5815
227.527	0.956871	3.5815
227.675	0.956871	3.5815
227.823	0.956871	3.5815
227.971	0.956871	3.5815
228.12	0.956871	3.5815
228.268	0.956871	3.5815
228.416	0.956871	3.5815
228.564	0.956871	3.5815
228.712	0.956871	3.5815
228.86	0.956871	3.5815
229.008	0.956871	3.5815
229.156	0.956871	3.5815
229.305	0.956871	3.5815
229.453	0.956871	3.5815
229.601	0.956871	3.5815
229.749	0.956871	3.5815
229.897	0.956871	3.5815
230.045	0.956871	3.5815
230.193	0.956871	3.5815
230.341	0.956871	3.5815
230.49	0.956871	3.5815
230.638	0.956871	3.5815
230.786	0.956871	3.5815
230.934	0.956871	3.5815
231.082	0.956871	3.5815
231.23	0.956871	3.5815
231.378	0.956871	3.5815
231.526	0.956871	3.5815
231.675	0.956871	3.5815
231.823	0.956871	3.5815
231.971	0.956871	3.5815
232.119	0.956871	3.5815
232.267	0.956871	3.5815
232.415	0.956871	3.5815
232.563	0.956871	3.5815
232.712	0.956871	3.5815
232.86	0.956871	3.5815
233.008	0.956871	3.5815
233.156	0.956871	3.5815
233.304	0.956871	3.5815
233.452	0.956871	3.5815
233.6	0.956871	3.5815
233.748	0.956871	3.5815
233.897	0.956871	3.5815
234.045	0.956871	3.5815
234.193	0.956871	3.5815
234.341	0.956871	3.5815
234.489	0.956871	3.5815
234.637	0.956871	3.5815
234.785	0.956871	3.5815
234.933	0.956871	3.5815
235.082	0.956871	3.5815
235.23	0.956871	3.5815
235.378	0.956871	3.5815
235.526	0.956871	3.5815
235.674	0.956871	3.5815
235.822	0.956871	3.5815
235.97	0.956871	3.5815
236.118	0.956871	3.5815
236.267	0.956871	3.5815
236.415	0.956871	3.5815
236.563	0.956871	3.5815
236.711	0.956871	3.5815
236.859	0.956871	3.5815
237.007	0.956871	3.5815
237.155	0.956871	3.5815
237.304	0.956872	3.5815
237.452	0.956872	3.5815
237.6	0.956872	3.5815
237.748	0.956872	3.5815
237.896	0.956872	3.5815
238.044	0.956872	3.5815
238.192	0.956872	3.5815
238.34	0.956872	3.5815
238.489	0.956872	3.5815
238.637	0.956872	3.5815
238.785	0.956872	3.5815
238.933	0.956872	3.5815
239.081	0.956872	3.5815
239.229	0.956872	3.5815
239.377	0.956872	3.5815
239.525	0.956872	3.5815
239.674	0.956872	3.5815
239.822	0.956872	3.5815
239.97	0.956872	3.5815
240.118	0.956872	3.5815
240.266	0.956872	3.5815
240.414	0.956872	3.5815
240.562	0.956872	3.5815
240.71	0.956872	3.5815
240.859	0.956872	3.5815
241.007	0.956872	3.5815
241.155	0.956872	3.5815
241.303	0.956872	3.5815
241.451	0.956872	3.5815
241.599	0.956872	3.5815
241.747	0.956872	3.5815
241.895	0.956872	3.5815
242.044	0.956872	3.5815
242.192	0.956872	3.5815
242.34	0.956872	3.5815
242.488	0.956872	3.5815
242.636	0.956872	3.5815
242.784	0.956872	3.5815
242.932	0.956872	3.5815
243.081	0.956872	3.5815
243.229	0.956872	3.5815
243.377	0.956872	3.5815
243.525	0.956872	3.5815
243.673	0.956872	3.5815
243.821	0.956872	3.5815
243.969	0.956872	3.5815
244.117	0.956872	3.5815
244.266	0.956872	3.5815
244.414	0.956872	3.5815
244.562	0.956872	3.5815
244.71	0.956872	3.5815
244.858	0.956872	3.5815
245.006	0.956872	3.5815
245.154	0.956872	3.5815
245.302	0.956872	3.5815
245.451	0.956872	3.5815
245.599	0.956872	3.5815
245.747	0.956872	3.5815
245.895	0.956872	3.5815
246.043	0.956872	3.5815
246.191	0.956872	3.5815
246.339	0.956872	3.5815
246.487	0.956872	3.5815
246.636	0.956872	3.5815
246.784	0.956872	3.5815
246.932	0.956872	3.5815
247.08	0.956872	3.5815
247.228	0.956872	3.5815
247.376	0.956872	3.5815
247.524	0.956872	3.5815
247.673	0.956872	3.5815
247.821	0.956872	3.5815
247.969	0.956872	3.5815
248.117	0.956872	3.5815
248.265	0.956872	3.5815
248.413	0.956872	3.5815
248.561	0.956872	3.5815
248.709	0.956872	3.5815
248.858	0.956872	3.5815
249.006	0.956872	3.5815
249.154	0.956872	3.5815
249.302	0.956872	3.5815
249.45	0.956872	3.5815
249.598	0.956872	3.5815
249.746	0.956872	3.5815
249.894	0.956872	3.5815
250.043	0.956872	3.5815
250.191	0.956872	3.5815
250.339	0.956872	3.5815
250.487	0.956872	3.5815
250.635	0.956872	3.5815
250.783	0.956872	3.5815
250.931	0.956872	3.5815
251.079	0.956872	3.5815
251.228	0.956872	3.5815
251.376	0.956872	3.5815
251.524	0.956872	3.5815
251.672	0.956872	3.5815
251.82	0.956872	3.5815
251.968	0.956872	3.5815
252.116	0.956872	3.5815
252.264	0.956872	3.5815
252.413	0.956872	3.5815
252.561	0.956872	3.5815
252.709	0.956872	3.5815
252.857	0.956872	3.5815
253.005	0.956872	3.5815
253.153	0.956872	3.5815
253.301	0.956872	3.5815
253.45	0.956872	3.5815
253.598	0.956872	3.5815
253.746	0.956872	3.5815
253.894	0.956872	3.5815
254.042	0.956872	3.5815
254.19	0.956872	3.5815
254.338	0.956872	3.5815
254.486	0.956872	3.5815
254.635	0.956872	3.5815
254.783	0.956872	3.5815
254.931	0.956872	3.5815
255.079	0.956872	3.5815
255.227	0.956872	3.5815
255.375	0.956872	3.5815
255.523	0.956872	3.5815
255.671	0.956872	3.5815
255.82	0.956872	3.5815
255.968	0.956872	3.5815
256.116	0.956872	3.5815
256.264	0.956872	3.5815
256.412	0.956872	3.5815
256.56	0.956872	3.5815
256.708	0.956872	3.5815
256.856	0.956872	3.5815
257.005	0.956872	3.5815
257.153	0.956872	3.5815
257.301	0.956872	3.5815
257.449	0.956872	3.5815
257.597	0.956872	3.5815
257.745	0.956872	3.5815
257.893	0.956872	3.5815
258.042	0.956872	3.5815
258.19	0.956872	3.5815
258.338	0.956872	3.5815
258.486	0.956872	3.5815
258.634	0.956872	3.5815
258.782	0.956872	3.5815
258.93	0.956872	3.5815
259.078	0.956872	3.5815
259.227	0.956872	3.5815
259.375	0.956872	3.5815
259.523	0.956872	3.5815
259.671	0.956872	3.5815
259.819	0.956872	3.5815
259.967	0.956872	3.5815
260.115	0.956873	3.5815
260.263	0.956873	3.5815
260.412	0.956873	3.5815
260.56	0.956873	3.5815
260.708	0.956873	3.5815
260.856	0.956873	3.5815
261.004	0.956873	3.5815
261.152	0.956873	3.5815
261.3	0.956873	3.5815
261.448	0.956873	3.5815
261.597	0.956873	3.5815
261.745	0.956873	3.5815
261.893	0.956873	3.5815
262.041	0.956873	3.5815
262.189	0.956873	3.5815
262.337	0.956873	3.5815
262.485	0.956873	3.5815
262.633	0.956873	3.5815
262.782	0.956873	3.5815
262.93	0.956873	3.5815
263.078	0.956873	3.5815
263.226	0.956873	3.5815
263.374	0.956873	3.5815
263.522	0.956873	3.5815
263.67	0.956873	3.5815
263.819	0.956873	3.5815
263.967	0.956873	3.5815
264.115	0.956873	3.5815
264.263	0.956873	3.5815
264.411	0.956873	3.5815
264.559	0.956873	3.5815
264.707	0.956873	3.5815
264.855	0.956873	3.5815
265.004	0.956873	3.5815
265.152	0.956873	3.5815
265.3	0.956873	3.5815
265.448	0.956873	3.5815
265.596	0.956873	3.5815
265.744	0.956873	3.5815
265.892	0.956873	3.5815
266.04	0.956873	3.5815
266.189	0.956873	3.5815
266.337	0.956873	3.5815
266.485	0.956873	3.5815
266.633	0.956873	3.5815
266.781	0.956873	3.5815
266.929	0.956873	3.5815
267.077	0.956873	3.5815
267.225	0.956873	3.5815
267.374	0.956873	3.5815
267.522	0.956873	3.5815
267.67	0.956873	3.5815
267.818	0.956873	3.5815
267.966	0.956873	3.5815
268.114	0.956873	3.5815
268.262	0.956873	3.5815
268.411	0.956873	3.5815
268.559	0.956873	3.5815
268.707	0.956873	3.5815
268.855	0.956873	3.5815
269.003	0.956873	3.5815
269.151	0.956873	3.5815
269.299	0.956873	3.5815
269.447	0.956873	3.5815
269.596	0.956873	3.5815
269.744	0.956873	3.5815
269.892	0.956873	3.5815
270.04	0.956873	3.5815
270.188	0.956873	3.5815
270.336	0.956873	3.5815
270.484	0.956873	3.5815
270.632	0.956873	3.5815
270.781	0.956873	3.5815
270.929	0.956873	3.5815
271.077	0.956873	3.5815
271.225	0.956873	3.5815
271.373	0.956873	3.5815
271.521	0.956873	3.5815
271.669	0.956873	3.5815
271.817	0.956873	3.5815
271.966	0.956873	3.5815
272.114	0.956873	3.5815
272.262	0.956873	3.5815
272.41	0.956873	3.5815
272.558	0.956873	3.5815
272.706	0.956873	3.5815
272.854	0.956873	3.5815
273.002	0.956873	3.5815
273.151	0.956873	3.5815
273.299	0.956873	3.5815
273.447	0.956873	3.5815
273.595	0.956873	3.5815
273.743	0.956873	3.5815
273.891	0.956873	3.5815
274.039	0.956873	3.5815
274.188	0.956873	3.5815
274.336	0.956873	3.5815
274.484	0.956873	3.5815
274.632	0.956873	3.5815
274.78	0.956873	3.5815
274.928	0.956873	3.5815
275.076	0.956873	3.5815
275.224	0.956873	3.5815
275.373	0.956873	3.5815
275.521	0.956873	3.5815
275.669	0.956873	3.5815
275.817	0.956873	3.5815
275.965	0.956873	3.5815
276.113	0.956873	3.5815
276.261	0.956873	3.5815
276.409	0.956873	3.5815
276.558	0.956873	3.5815
276.706	0.956873	3.5815
276.854	0.956873	3.5815
277.002	0.956873	3.5815
277.15	0.956873	3.5815
277.298	0.956873	3.5815
277.446	0.956873	3.5815
277.594	0.956873	3.5815
277.743	0.956873	3.5815
277.891	0.956873	3.5815
278.039	0.956873	3.5815
278.187	0.956873	3.5815
278.335	0.956873	3.5815
278.483	0.956873	3.5815
278.631	0.956873	3.5815
278.78	0.956873	3.5815
278.928	0.956873	3.5815
279.076	0.956873	3.5815
279.224	0.956873	3.5815
279.372	0.956873	3.5815
279.52	0.956873	3.5815
279.668	0.956873	3.5815
279.816	0.956873	3.5815
279.965	0.956873	3.5815
280.113	0.956873	3.5815
280.261	0.956873	3.5815
280.409	0.956873	3.5815
280.557	0.956873	3.5815
280.705	0.956873	3.5815
280.853	0.956873	3.5815
281.001	0.956873	3.5815
281.15	0.956873	3.5815
281.298	0.956873	3.5815
281.446	0.956873	3.5815
281.594	0.956873	3.5815
281.742	0.956873	3.5815
281.89	0.956873	3.5815
282.038	0.956873	3.5815
282.186	0.956873	3.5815
282.335	0.956873	3.5815
282.483	0.956873	3.5815
282.631	0.956873	3.5815
282.779	0.956873	3.5815
282.927	0.956873	3.5815
283.075	0.956873	3.5815
283.223	0.956873	3.5815
283.371	0.956873	3.5815
283.52	0.956873	3.5815
283.668	0.956873	3.5815
283.816	0.956873	3.5815
283.964	0.956873	3.5815
284.112	0.956873	3.5815
284.26	0.956873	3.5815
284.408	0.956873	3.5815
284.557	0.956873	3.5815
284.705	0.956873	3.5815
284.853	0.956873	3.5815
285.001	0.956873	3.5815
285.149	0.956873	3.5815
285.297	0.956873	3.5815
285.445	0.956873	3.5815
285.593	0.956873	3.5815
285.742	0.956873	3.5815
285.89	0.956873	3.5815
286.038	0.956873	3.5815
286.186	0.956873	3.5815
286.334	0.956873	3.5815
286.482	0.956873	3.5815
286.63	0.956873	3.5815
286.778	0.956873	3.5815
286.927	0.956873	3.5815
287.075	0.956873	3.5815
287.223	0.956873	3.5815
287.371	0.956873	3.5815
287.519	0.956873	3.5815
287.667	0.956873	3.5815
287.815	0.956873	3.5815
287.963	0.956873	3.5815
288.112	0.956873	3.5815
288.26	0.956873	3.5815
288.408	0.956873	3.5815
288.556	0.956873	3.5815
288.704	0.956873	3.5815
288.852	0.956873	3.5815
289	0.956873	3.5815
289.149	0.956873	3.5815
289.297	0.956873	3.5815
289.445	0.956873	3.5815
289.593	0.956873	3.5815
289.741	0.956873	3.5815
289.889	0.956873	3.5815
290.037	0.956873	3.5815
290.185	0.956873	3.5815
290.334	0.956873	3.5815
290.482	0.956873	3.5815
290.63	0.956873	3.5815
290.778	0.956873	3.5815
290.926	0.956873	3.5815
291.074	0.956873	3.5815
291.222	0.956873	3.5815
291.37	0.956873	3.5815
291.519	0.956873	3.5815
291.667	0.956873	3.5815
291.815	0.956873	3.5815
291.963	0.956873	3.5815
292.111	0.956873	3.5815
292.259	0.956873	3.5815
292.407	0.956873	3.5815
292.555	0.956873	3.5815
292.704	0.956873	3.5815
292.852	0.956873	3.5815
293	0.956873	3.5815
293.148	0.956873	3.5815
293.296	0.956873	3.5815
293.444	0.956873	3.5815
293.592	0.956873	3.5815
293.741	0.956873	3.5815
293.889	0.956873	3.5815
294.037	0.956873	3.5815
294.185	0.956873	3.5815
294.333	0.956873	3.5815
294.481	0.956873	3.5815
294.629	0.956873	3.5815
294.777	0.956873	3.5815
294.926	0.956873	3.5815
295.074	0.956873	3.5815
295.222	0.956873	3.5815
295.37	0.956873	3.5815
295.518	0.956873	3.5815
295.666	0.956873	3.5815
295.814	0.956873	3.5815
295.962	0.956873	3.5815
296.111	0.956873	3.5815
296.259	0.956873	3.5815
296.407	0.956873	3.5815
296.555	0.956873	3.5815
296.703	0.956873	3.5815
296.851	0.956873	3.5815
296.999	0.956873	3.5815
297.147	0.956873	3.5815
297.296	0.956873	3.5815
297.444	0.956873	3.5815
297.592	0.956873	3.5815
297.74	0.956873	3.5815
297.888	0.956873	3.5815
298.036	0.956873	3.5815
298.184	0.956873	3.5815
298.332	0.956873	3.5815
298.481	0.956873	3.5815
298.629	0.956873	3.5815
298.777	0.956873	3.5815
298.925	0.956873	3.5815
299.073	0.956873	3.5815
299.221	0.956873	3.5815
299.369	0.956873	3.5815
299.518	0.956873	3.5815
299.666	0.956873	3.5815
299.814	0.956873	3.5815
299.962	0.956873	3.5815
300.11	0.956873	3.5815
300.258	0.956873	3.5815
300.406	0.956873	3.5815
300.554	0.956873	3.5815
300.703	0.956873	3.5815
300.851	0.956873	3.5815
300.999	0.956873	3.5815
301.147	0.956873	3.5815
301.295	0.956873	3.5815
301.443	0.956873	3.5815
301.591	0.956873	3.5815
301.739	0.956873	3.5815
301.888	0.956873	3.5815
302.036	0.956873	3.5815
302.184	0.956873	3.5815
302.332	0.956873	3.5815
302.48	0.956873	3.5815
302.628	0.956873	3.5815
302.776	0.956873	3.5815
302.924	0.956873	3.5815
303.073	0.956873	3.5815
303.221	0.956873	3.5815
303.369	0.956873	3.5815
303.517	0.956873	3.5815
303.665	0.956873	3.5815
303.813	0.956873	3.5815
303.961	0.956873	3.5815
304.11	0.956873	3.5815
304.258	0.956873	3.5815
304.406	0.956873	3.5815
304.554	0.956873	3.5815
304.702	0.956873	3.5815
304.85	0.956873	3.5815
304.998	0.956873	3.5815
305.146	0.956873	3.5815
305.295	0.956873	3.5815
305.443	0.956873	3.5815
305.591	0.956873	3.5815
305.739	0.956873	3.5815
305.887	0.956873	3.5815
306.035	0.956874	3.5815
306.183	0.956874	3.5815
306.331	0.956874	3.5815
306.48	0.956874	3.5815
306.628	0.956874	3.5815
306.776	0.956874	3.5815
306.924	0.956874	3.5815
307.072	0.956874	3.5815
307.22	0.956874	3.5815
307.368	0.956874	3.5815
307.516	0.956874	3.5815
307.665	0.956874	3.5815
307.813	0.956874	3.5815
307.961	0.956874	3.5815
308.109	0.956874	3.5815
308.257	0.956874	3.5815
308.405	0.956874	3.5815
308.553	0.956874	3.5815
308.701	0.956874	3.5815
308.85	0.956874	3.5815
308.998	0.956874	3.5815
309.146	0.956874	3.5815
309.294	0.956874	3.5815
309.442	0.956874	3.5815
309.59	0.956874	3.5815
309.738	0.956874	3.5815
309.887	0.956874	3.5815
310.035	0.956874	3.5815
310.183	0.956874	3.5815
310.331	0.956874	3.5815
310.479	0.956874	3.5815
310.627	0.956874	3.5815
310.775	0.956874	3.5815
310.923	0.956874	3.5815
311.072	0.956874	3.5815
311.22	0.956874	3.5815
311.368	0.956874	3.5815
311.516	0.956874	3.5815
311.664	0.956874	3.5815
311.812	0.956874	3.5815
311.96	0.956874	3.5815
312.108	0.956874	3.5815
312.257	0.956874	3.5815
312.405	0.956874	3.5815
312.553	0.956874	3.5815
312.701	0.956874	3.5815
312.849	0.956874	3.5815
312.997	0.956874	3.5815
313.145	0.956874	3.5815
313.293	0.956874	3.5815
313.442	0.956874	3.5815
313.59	0.956874	3.5815
313.738	0.956874	3.5815
313.886	0.956874	3.5815
314.034	0.956874	3.5815
314.182	0.956874	3.5815
314.33	0.956874	3.5815
314.479	0.956874	3.5815
314.627	0.956874	3.5815
314.775	0.956874	3.5815
314.923	0.956874	3.5815
315.071	0.956874	3.5815
315.219	0.956874	3.5815
315.367	0.956874	3.5815
315.515	0.956874	3.5815
315.664	0.956874	3.5815
315.812	0.956874	3.5815
315.96	0.956874	3.5815
316.108	0.956874	3.5815
316.256	0.956874	3.5815
316.404	0.956874	3.5815
316.552	0.956874	3.5815
316.7	0.956874	3.5815
316.849	0.956874	3.5815
316.997	0.956874	3.5815
317.145	0.956874	3.5815
317.293	0.956874	3.5815
317.441	0.956874	3.5815
317.589	0.956874	3.5815
317.737	0.956874	3.5815
317.885	0.956874	3.5815
318.034	0.956874	3.5815
318.182	0.956874	3.5815
318.33	0.956874	3.5815
318.478	0.956874	3.5815
318.626	0.956874	3.5815
318.774	0.956874	3.5815
318.922	0.956874	3.5815
319.07	0.956874	3.5815
319.219	0.956874	3.5815
319.367	0.956874	3.5815
319.515	0.956874	3.5815
319.663	0.956874	3.5815
319.811	0.956874	3.5815
319.959	0.956874	3.5815
320.107	0.956874	3.5815
320.256	0.956874	3.5815
320.404	0.956874	3.5815
320.552	0.956874	3.5815
320.7	0.956874	3.5815
320.848	0.956874	3.5815
320.996	0.956874	3.5815
321.144	0.956874	3.5815
321.292	0.956874	3.5815
321.441	0.956874	3.5815
321.589	0.956874	3.5815
321.737	0.956874	3.5815
321.885	0.956874	3.5815
322.033	0.956874	3.5815
322.181	0.956874	3.5815
322.329	0.956874	3.5815
322.477	0.956874	3.5815
322.626	0.956874	3.5815
322.774	0.956874	3.5815
322.922	0.956874	3.5815
323.07	0.956874	3.5815
323.218	0.956874	3.5815
323.366	0.956874	3.5815
323.514	0.956874	3.5815
323.662	0.956874	3.5815
323.811	0.956874	3.5815
323.959	0.956874	3.5815
324.107	0.956874	3.5815
324.255	0.956874	3.5815
324.403	0.956874	3.5815
324.551	0.956874	3.5815
324.699	0.956874	3.5815
324.848	0.956874	3.5815
324.996	0.956874	3.5815
325.144	0.956874	3.5815
325.292	0.956874	3.5815
325.44	0.956874	3.5815
325.588	0.956874	3.5815
325.736	0.956874	3.5815
325.884	0.956874	3.5815
326.033	0.956874	3.5815
326.181	0.956874	3.5815
326.329	0.956874	3.5815
326.477	0.956874	3.5815
326.625	0.956874	3.5815
326.773	0.956874	3.5815
326.921	0.956874	3.5815
327.069	0.956874	3.5815
327.218	0.956874	3.5815
327.366	0.956874	3.5815
327.514	0.956874	3.5815
327.662	0.956874	3.5815
327.81	0.956874	3.5815
327.958	0.956874	3.5815
328.106	0.956874	3.5815
328.254	0.956874	3.5815
328.403	0.956874	3.5815
328.551	0.956874	3.5815
328.699	0.956874	3.5815
328.847	0.956874	3.5815
328.995	0.956874	3.5815
329.143	0.956874	3.5815
329.291	0.956874	3.5815
329.439	0.956874	3.5815
329.588	0.956874	3.5815
329.736	0.956874	3.5815
329.884	0.956874	3.5815
330.032	0.956874	3.5815
330.18	0.956874	3.5815
330.328	0.956874	3.5815
330.476	0.956874	3.5815
330.625	0.956874	3.5815
330.773	0.956874	3.5815
330.921	0.956874	3.5815
331.069	0.956874	3.5815
331.217	0.956874	3.5815
331.365	0.956874	3.5815
331.513	0.956874	3.5815
331.661	0.956874	3.5815
331.81	0.956874	3.5815
331.958	0.956874	3.5815
332.106	0.956874	3.5815
332.254	0.956874	3.5815
332.402	0.956874	3.5815
332.55	0.956874	3.5815
332.698	0.956874	3.5815
332.846	0.956874	3.5815
332.995	0.956874	3.5815
333.143	0.956874	3.5815
333.291	0.956874	3.5815
333.439	0.956874	3.5815
333.587	0.956874	3.5815
333.735	0.956874	3.5815
333.883	0.956874	3.5815
334.031	0.956874	3.5815
334.18	0.956874	3.5815
334.328	0.956874	3.5815
334.476	0.956874	3.5815
334.624	0.956874	3.5815
334.772	0.956874	3.5815
334.92	0.956874	3.5815
335.068	0.956874	3.5815
335.217	0.956874	3.5815
335.365	0.956874	3.5815
335.513	0.956874	3.5815
335.661	0.956874	3.5815
335.809	0.956874	3.5815
335.957	0.956874	3.5815
336.105	0.956874	3.5815
336.253	0.956874	3.5815
336.402	0.956874	3.5815
336.55	0.956874	3.5815
336.698	0.956874	3.5815
336.846	0.956874	3.5815
336.994	0.956874	3.5815
337.142	0.956874	3.5815
337.29	0.956874	3.5815
337.438	0.956874	3.5815
337.587	0.956874	3.5815
337.735	0.956874	3.5815
337.883	0.956874	3.5815
338.031	0.956874	3.5815
338.179	0.956874	3.5815
338.327	0.956874	3.5815
338.475	0.956874	3.5815
338.623	0.956874	3.5815
338.772	0.956874	3.5815
338.92	0.956874	3.5815
339.068	0.956874	3.5815
339.216	0.956874	3.5815
339.364	0.956874	3.5815
339.512	0.956874	3.5815
339.66	0.956874	3.5815
339.808	0.956874	3.5815
339.957	0.956874	3.5815
340.105	0.956874	3.5815
340.253	0.956874	3.5815
340.401	0.956874	3.5815
340.549	0.956874	3.5815
340.697	0.956874	3.5815
340.845	0.956874	3.5815
340.994	0.956874	3.5815
341.142	0.956874	3.5815
341.29	0.956874	3.5815
341.438	0.956874	3.5815
341.586	0.956874	3.5815
341.734	0.956874	3.5815
341.882	0.956874	3.5815
342.03	0.956874	3.5815
342.179	0.956874	3.5815
342.327	0.956874	3.5815
342.475	0.956874	3.5815
342.623	0.956874	3.5815
342.771	0.956874	3.5815
342.919	0.956874	3.5815
343.067	0.956874	3.5815
343.215	0.956874	3.5815
343.364	0.956874	3.5815
343.512	0.956874	3.5815
343.66	0.956874	3.5815
343.808	0.956874	3.5815
343.956	0.956874	3.5815
344.104	0.956874	3.5815
344.252	0.956874	3.5815
344.4	0.956874	3.5815
344.549	0.956874	3.5815
344.697	0.956874	3.5815
344.845	0.956874	3.5815
344.993	0.956874	3.5815
345.141	0.956874	3.5815
345.289	0.956874	3.5815
345.437	0.956874	3.5815
345.586	0.956874	3.5815
345.734	0.956874	3.5815
345.882	0.956874	3.5815
346.03	0.956874	3.5815
346.178	0.956874	3.5815
346.326	0.956874	3.5815
346.474	0.956874	3.5815
346.622	0.956874	3.5815
346.771	0.956874	3.5815
346.919	0.956874	3.5815
347.067	0.956874	3.5815
347.215	0.956874	3.5815
347.363	0.956874	3.5815
347.511	0.956874	3.5815
347.659	0.956874	3.5815
347.807	0.956874	3.5815
347.956	0.956874	3.5815
348.104	0.956874	3.5815
348.252	0.956874	3.5815
348.4	0.956874	3.5815
348.548	0.956874	3.5815
348.696	0.956874	3.5815
348.844	0.956874	3.5815
348.992	0.956874	3.5815
349.141	0.956874	3.5815
349.289	0.956874	3.5815
349.437	0.956874	3.5815
349.585	0.956874	3.5815
349.733	0.956874	3.5815
349.881	0.956874	3.5815
350.029	0.956874	3.5815
350.177	0.956874	3.5815
350.326	0.956874	3.5815
350.474	0.956874	3.5815
350.622	0.956874	3.5815
350.77	0.956874	3.5815
350.918	0.956874	3.5815
351.066	0.956874	3.5815
351.214	0.956874	3.5815
351.363	0.956874	3.5815
351.511	0.956874	3.5815
351.659	0.956874	3.5815
351.807	0.956874	3.5815
351.955	0.956874	3.5815
352.103	0.956874	3.5815
352.251	0.956874	3.5815
352.399	0.956874	3.5815
352.548	0.956874	3.5815
352.696	0.956874	3.5815
352.844	0.956874	3.5815
352.992	0.956874	3.5815
353.14	0.956874	3.5815
353.288	0.956874	3.5815
353.436	0.956874	3.5815
353.584	0.956874	3.5815
353.733	0.956874	3.5815
353.881	0.956874	3.5815
354.029	0.956874	3.5815
354.177	0.956874	3.5815
354.325	0.956874	3.5815
354.473	0.956874	3.5815
354.621	0.956874	3.5815
354.769	0.956874	3.5815
354.918	0.956874	3.5815
355.066	0.956874	3.5815
355.214	0.956874	3.5815
355.362	0.956874	3.5815
355.51	0.956874	3.5815
355.658	0.956874	3.5815
355.806	0.956874	3.5815
355.955	0.956874	3.5815
356.103	0.956874	3.5815
356.251	0.956874	3.5815
356.399	0.956874	3.5815
356.547	0.956874	3.5815
356.695	0.956874	3.5815
356.843	0.956874	3.5815
356.991	0.956874	3.5815
357.14	0.956874	3.5815
357.288	0.956874	3.5815
357.436	0.956874	3.5815
357.584	0.956874	3.5815
357.732	0.956874	3.5815
357.88	0.956874	3.5815
358.028	0.956874	3.5815
358.176	0.956874	3.5815
358.325	0.956874	3.5815
358.473	0.956874	3.5815
358.621	0.956874	3.5815
358.769	0.956874	3.5815
358.917	0.956874	3.5815
359.065	0.956874	3.5815
359.213	0.956874	3.5815
359.361	0.956874	3.5815
359.51	0.956874	3.5815
359.658	0.956874	3.5815
359.806	0.956874	3.5815
359.954	0.956874	3.5815
360.102	0.956874	3.5815
360.25	0.956874	3.5815
360.398	0.956874	3.5815
360.547	0.956874	3.5815
360.695	0.956874	3.5815
360.843	0.956874	3.5815
360.991	0.956874	3.5815
361.139	0.956874	3.5815
361.287	0.956874	3.5815
361.435	0.956874	3.5815
361.583	0.956874	3.5815
361.732	0.956874	3.5815
361.88	0.956874	3.5815
362.028	0.956874	3.5815
362.176	0.956874	3.5815
362.324	0.956874	3.5815
362.472	0.956874	3.5815
362.62	0.956874	3.5815
362.768	0.956874	3.5815
362.917	0.956874	3.5815
363.065	0.956874	3.5815
363.213	0.956874	3.5815
363.361	0.956874	3.5815
363.509	0.956874	3.5815
363.657	0.956874	3.5815
363.805	0.956874	3.5815
363.953	0.956874	3.5815
364.102	0.956874	3.5815
364.25	0.956874	3.5815
364.398	0.956874	3.5815
364.546	0.956874	3.5815
364.694	0.956874	3.5815
364.842	0.956874	3.5815
364.99	0.956874	3.5815
365.138	0.956874	3.5815
365.287	0.956874	3.5815
365.435	0.956874	3.5815
365.583	0.956874	3.5815
365.731	0.956874	3.5815
365.879	0.956874	3.5815
366.027	0.956874	3.5815
366.175	0.956874	3.5815
366.324	0.956874	3.5815
366.472	0.956874	3.5815
366.62	0.956874	3.5815
366.768	0.956874	3.5815
366.916	0.956874	3.5815
367.064	0.956874	3.5815
367.212	0.956874	3.5815
367.36	0.956874	3.5815
367.509	0.956874	3.5815
367.657	0.956874	3.5815
367.805	0.956874	3.5815
367.953	0.956874	3.5815
368.101	0.956874	3.5815
368.249	0.956874	3.5815
368.397	0.956874	3.5815
368.545	0.956874	3.5815
368.694	0.956874	3.5815
368.842	0.956874	3.5815
368.99	0.956874	3.5815
369.138	0.956874	3.5815
369.286	0.956874	3.5815
369.434	0.956874	3.5815
369.582	0.956874	3.5815
369.73	0.956874	3.5815
369.879	0.956874	3.5815
370.027	0.956874	3.5815
370.175	0.956874	3.5815
370.323	0.956874	3.5815
370.471	0.956874	3.5815
370.619	0.956874	3.5815
370.767	0.956874	3.5815
370.916	0.956874	3.5815
371.064	0.956874	3.5815
371.212	0.956874	3.5815
371.36	0.956874	3.5815
371.508	0.956874	3.5815
371.656	0.956874	3.5815
371.804	0.956874	3.5815
371.952	0.956874	3.5815
372.101	0.956874	3.5815
372.249	0.956874	3.5815
372.397	0.956874	3.5815
372.545	0.956874	3.5815
372.693	0.956874	3.5815
372.841	0.956874	3.5815
372.989	0.956874	3.5815
373.137	0.956874	3.5815
373.286	0.956874	3.5815
373.434	0.956874	3.5815
373.582	0.956874	3.5815
373.73	0.956874	3.5815
373.878	0.956874	3.5815
374.026	0.956874	3.5815
374.174	0.956874	3.5815
374.322	0.956874	3.5815
374.471	0.956874	3.5815
374.619	0.956874	3.5815
374.767	0.956874	3.5815
374.915	0.956874	3.5815
375.063	0.956874	3.5815
375.211	0.956874	3.5815
375.359	0.956874	3.5815
375.507	0.956874	3.5815
375.656	0.956874	3.5815
375.804	0.956874	3.5815
375.952	0.956874	3.5815
376.1	0.956874	3.5815
376.248	0.956874	3.5815
376.396	0.956874	3.5815
376.544	0.956874	3.5815
376.693	0.956874	3.5815
376.841	0.956874	3.5815
376.989	0.956874	3.5815
377.137	0.956874	3.5815
377.285	0.956874	3.5815
377.433	0.956874	3.5815
377.581	0.956874	3.5815
377.729	0.956874	3.5815
377.878	0.956874	3.5815
378.026	0.956874	3.5815
378.174	0.956874	3.5815
378.322	0.956874	3.5815
378.47	0.956874	3.5815
378.618	0.956874	3.5815
378.766	0.956874	3.5815
378.914	0.956874	3.5815
379.063	0.956874	3.5815
379.211	0.956874	3.5815
379.359	0.956874	3.5815
379.507	0.956874	3.5815
379.655	0.956874	3.5815
379.803	0.956874	3.5815
379.951	0.956874	3.5815
380.099	0.956874	3.5815
380.248	0.956874	3.5815
380.396	0.956874	3.5815
380.544	0.956874	3.5815
380.692	0.956874	3.5815
380.84	0.956874	3.5815
380.988	0.956874	3.5815
381.136	0.956874	3.5815
381.285	0.956874	3.5815
381.433	0.956874	3.5815
381.581	0.956874	3.5815
381.729	0.956874	3.5815
381.877	0.956874	3.5815
382.025	0.956874	3.5815
382.173	0.956874	3.5815
382.321	0.956874	3.5815
382.47	0.956874	3.5815
382.618	0.956874	3.5815
382.766	0.956874	3.5815
382.914	0.956874	3.5815
383.062	0.956874	3.5815
383.21	0.956874	3.5815
383.358	0.956874	3.5815
383.506	0.956874	3.5815
383.655	0.956874	3.5815
383.803	0.956874	3.5815
383.951	0.956874	3.5815
384.099	0.956874	3.5815
384.247	0.956874	3.5815
384.395	0.956874	3.5815
384.543	0.956874	3.5815
384.691	0.956874	3.5815
384.84	0.956874	3.5815
384.988	0.956874	3.5815
385.136	0.956874	3.5815
385.284	0.956874	3.5815
385.432	0.956874	3.5815
385.58	0.956874	3.5815
385.728	0.956874	3.5815
385.876	0.956874	3.5815
386.025	0.956874	3.5815
386.173	0.956874	3.5815
386.321	0.956874	3.5815
386.469	0.956874	3.5815
386.617	0.956874	3.5815
386.765	0.956874	3.5815
386.913	0.956874	3.5815
387.062	0.956874	3.5815
387.21	0.956874	3.5815
387.358	0.956874	3.5815
387.506	0.956874	3.5815
387.654	0.956874	3.5815
387.802	0.956874	3.5815
387.95	0.956874	3.5815
388.098	0.956874	3.5815
388.247	0.956874	3.5815
388.395	0.956874	3.5815
388.543	0.956874	3.5815
388.691	0.956874	3.5815
388.839	0.956874	3.5815
388.987	0.956874	3.5815
389.135	0.956874	3.5815
389.283	0.956874	3.5815
389.432	0.956874	3.5815
389.58	0.956874	3.5815
389.728	0.956874	3.5815
389.876	0.956874	3.5815
390.024	0.956874	3.5815
390.172	0.956874	3.5815
390.32	0.956874	3.5815
390.468	0.956874	3.5815
390.617	0.956874	3.5815
390.765	0.956874	3.5815
390.913	0.956874	3.5815
391.061	0.956874	3.5815
391.209	0.956874	3.5815
391.357	0.956874	3.5815
391.505	0.956874	3.5815
391.654	0.956874	3.5815
391.802	0.956874	3.5815
391.95	0.956874	3.5815
392.098	0.956874	3.5815
392.246	0.956874	3.5815
392.394	0.956874	3.5815
392.542	0.956874	3.5815
392.69	0.956874	3.5815
392.839	0.956874	3.5815
392.987	0.956874	3.5815
393.135	0.956874	3.5815
393.283	0.956874	3.5815
393.431	0.956874	3.5815
393.579	0.956874	3.5815
393.727	0.956874	3.5815
393.875	0.956874	3.5815
394.024	0.956874	3.5815
394.172	0.956874	3.5815
394.32	0.956874	3.5815
394.468	0.956874	3.5815
394.616	0.956874	3.5815
394.764	0.956874	3.5815
394.912	0.956874	3.5815
395.06	0.956874	3.5815
395.209	0.956874	3.5815
395.357	0.956874	3.5815
395.505	0.956874	3.5815
395.653	0.956874	3.5815
395.801	0.956874	3.5815
395.949	0.956874	3.5815
396.097	0.956874	3.5815
396.245	0.956874	3.5815
396.394	0.956874	3.5815
396.542	0.956874	3.5815
396.69	0.956874	3.5815
396.838	0.956874	3.5815
396.986	0.956874	3.5815
397.134	0.956874	3.5815
397.282	0.956874	3.5815
397.431	0.956874	3.5815
397.579	0.956874	3.5815
397.727	0.956874	3.5815
397.875	0.956874	3.5815
398.023	0.956874	3.5815
398.171	0.956874	3.5815
398.319	0.956874	3.5815
398.467	0.956874	3.5815
398.616	0.956874	3.5815
398.764	0.956874	3.5815
398.912	0.956874	3.5815
399.06	0.956874	3.5815
399.208	0.956874	3.5815
399.356	0.956874	3.5815
399.504	0.956874	3.5815
399.652	0.956874	3.5815
399.801	0.956874	3.5815
399.949	0.956874	3.5815
400.097	0.956874	3.5815
400.245	0.956874	3.5815
400.393	0.956874	3.5815
400.541	0.956874	3.5815
400.689	0.956874	3.5815
400.837	0.956874	3.5815
400.986	0.956874	3.5815
401.134	0.956874	3.5815
401.282	0.956874	3.5815
401.43	0.956874	3.5815
401.578	0.956874	3.5815
401.726	0.956874	3.5815
401.874	0.956874	3.5815
402.023	0.956874	3.5815
402.171	0.956874	3.5815
402.319	0.956874	3.5815
402.467	0.956874	3.5815
402.615	0.956874	3.5815
402.763	0.956874	3.5815
402.911	0.956874	3.5815
403.059	0.956874	3.5815
403.208	0.956874	3.5815
403.356	0.956874	3.5815
403.504	0.956874	3.5815
403.652	0.956874	3.5815
403.8	0.956874	3.5815
403.948	0.956874	3.5815
404.096	0.956874	3.5815
404.244	0.956874	3.5815
404.393	0.956874	3.5815
404.541	0.956874	3.5815
404.689	0.956874	3.5815
404.837	0.956874	3.5815
404.985	0.956874	3.5815
405.133	0.956874	3.5815
405.281	0.956874	3.5815
405.429	0.956874	3.5815
405.578	0.956874	3.5815
405.726	0.956874	3.5815
405.874	0.956874	3.5815
406.022	0.956874	3.5815
406.17	0.956874	3.5815
406.318	0.956874	3.5815
406.466	0.956874	3.5815
406.614	0.956874	3.5815
406.763	0.956874	3.5815
406.911	0.956874	3.5815
407.059	0.956874	3.5815
407.207	0.956874	3.5815
407.355	0.956874	3.5815
407.503	0.956874	3.5815
407.651	0.956874	3.5815
407.8	0.956874	3.5815
407.948	0.956874	3.5815
408.096	0.956874	3.5815
408.244	0.956874	3.5815
408.392	0.956874	3.5815
408.54	0.956874	3.5815
408.688	0.956874	3.5815
408.836	0.956874	3.5815
408.985	0.956874	3.5815
409.133	0.956874	3.5815
409.281	0.956874	3.5815
409.429	0.956874	3.5815
409.577	0.956874	3.5815
409.725	0.956874	3.5815
409.873	0.956874	3.5815
410.021	0.956874	3.5815
410.17	0.956874	3.5815
410.318	0.956874	3.5815
410.466	0.956874	3.5815
410.614	0.956874	3.5815
410.762	0.956874	3.5815
410.91	0.956874	3.5815
411.058	0.956874	3.5815
411.206	0.956874	3.5815
411.355	0.956874	3.5815
411.503	0.956874	3.5815
411.651	0.956874	3.5815
411.799	0.956874	3.5815
411.947	0.956874	3.5815
412.095	0.956874	3.5815
412.243	0.956874	3.5815
412.392	0.956874	3.5815
412.54	0.956874	3.5815
412.688	0.956874	3.5815
412.836	0.956874	3.5815
412.984	0.956874	3.5815
413.132	0.956874	3.5815
413.28	0.956874	3.5815
413.428	0.956874	3.5815
413.577	0.956874	3.5815
413.725	0.956874	3.5815
413.873	0.956874	3.5815
414.021	0.956874	3.5815
414.169	0.956874	3.5815
414.317	0.956874	3.5815
414.465	0.956874	3.5815
414.613	0.956874	3.5815
414.762	0.956874	3.5815
414.91	0.956874	3.5815
415.058	0.956874	3.5815
415.206	0.956874	3.5815
415.354	0.956874	3.5815
415.502	0.956874	3.5815
415.65	0.956874	3.5815
415.798	0.956874	3.5815
415.947	0.956874	3.5815
416.095	0.956874	3.5815
416.243	0.956874	3.5815
416.391	0.956874	3.5815
416.539	0.956874	3.5815
416.687	0.956874	3.5815
416.835	0.956874	3.5815
416.983	0.956874	3.5815
417.132	0.956874	3.5815
417.28	0.956874	3.5815
417.428	0.956874	3.5815
417.576	0.956874	3.5815
417.724	0.956874	3.5815
417.872	0.956874	3.5815
418.02	0.956874	3.5815
418.169	0.956874	3.5815
418.317	0.956874	3.5815
418.465	0.956874	3.5815
418.613	0.956874	3.5815
418.761	0.956874	3.5815
418.909	0.956874	3.5815
419.057	0.956874	3.5815
419.205	0.956874	3.5815
419.354	0.956874	3.5815
419.502	0.956874	3.5815
419.65	0.956874	3.5815
419.798	0.956874	3.5815
419.946	0.956874	3.5815
420.094	0.956874	3.5815
420.242	0.956874	3.5815
420.39	0.956874	3.5815
420.539	0.956874	3.5815
420.687	0.956874	3.5815
420.835	0.956874	3.5815
420.983	0.956874	3.5815
421.131	0.956874	3.5815
421.279	0.956874	3.5815
421.427	0.956874	3.5815
421.575	0.956874	3.5815
421.724	0.956874	3.5815
421.872	0.956874	3.5815
422.02	0.956874	3.5815
422.168	0.956874	3.5815
422.316	0.956874	3.5815
422.464	0.956874	3.5815
422.612	0.956874	3.5815
422.761	0.956874	3.5815
422.909	0.956874	3.5815
423.057	0.956874	3.5815
423.205	0.956874	3.5815
423.353	0.956874	3.5815
423.501	0.956874	3.5815
423.649	0.956874	3.5815
423.797	0.956874	3.5815
423.946	0.956874	3.5815
424.094	0.956874	3.5815
424.242	0.956874	3.5815
424.39	0.956874	3.5815
424.538	0.956874	3.5815
424.686	0.956874	3.5815
424.834	0.956874	3.5815
424.982	0.956874	3.5815
425.131	0.956874	3.5815
425.279	0.956874	3.5815
425.427	0.956874	3.5815
425.575	0.956874	3.5815
425.723	0.956874	3.5815
425.871	0.956874	3.5815
426.019	0.956874	3.5815
426.167	0.956874	3.5815
426.316	0.956874	3.5815
426.464	0.956874	3.5815
426.612	0.956874	3.5815
426.76	0.956874	3.5815
426.908	0.956874	3.5815
427.056	0.956874	3.5815
427.204	0.956874	3.5815
427.353	0.956874	3.5815
427.501	0.956874	3.5815
427.649	0.956874	3.5815
427.797	0.956874	3.5815
427.945	0.956874	3.5815
428.093	0.956874	3.5815
428.241	0.956874	3.5815
428.389	0.956874	3.5815
428.538	0.956874	3.5815
428.686	0.956874	3.5815
428.834	0.956874	3.5815
428.982	0.956874	3.5815
429.13	0.956874	3.5815
429.278	0.956874	3.5815
429.426	0.956874	3.5815
429.574	0.956874	3.5815
429.723	0.956874	3.5815
429.871	0.956874	3.5815
430.019	0.956874	3.5815
430.167	0.956874	3.5815
430.315	0.956874	3.5815
430.463	0.956874	3.5815
430.611	0.956874	3.5815
430.759	0.956874	3.5815
430.908	0.956874	3.5815
431.056	0.956874	3.5815
431.204	0.956874	3.5815
431.352	0.956874	3.5815
431.5	0.956874	3.5815
431.648	0.956874	3.5815
431.796	0.956874	3.5815
431.944	0.956874	3.5815
432.093	0.956874	3.5815
432.241	0.956874	3.5815
432.389	0.956874	3.5815
432.537	0.956874	3.5815
432.685	0.956874	3.5815
432.833	0.956874	3.5815
432.981	0.956874	3.5815
433.13	0.956874	3.5815
433.278	0.956874	3.5815
433.426	0.956874	3.5815
433.574	0.956874	3.5815
433.722	0.956874	3.5815
433.87	0.956874	3.5815
434.018	0.956874	3.5815
434.166	0.956874	3.5815
434.315	0.956874	3.5815
434.463	0.956874	3.5815
434.611	0.956874	3.5815
434.759	0.956874	3.5815
434.907	0.956874	3.5815
435.055	0.956874	3.5815
435.203	0.956874	3.5815
435.351	0.956874	3.5815
435.5	0.956874	3.5815
435.648	0.956874	3.5815
435.796	0.956874	3.5815
435.944	0.956874	3.5815
436.092	0.956874	3.5815
436.24	0.956874	3.5815
436.388	0.956874	3.5815
436.536	0.956874	3.5815
436.685	0.956874	3.5815
436.833	0.956874	3.5815
436.981	0.956874	3.5815
437.129	0.956874	3.5815
437.277	0.956874	3.5815
437.425	0.956874	3.5815
437.573	0.956874	3.5815
437.722	0.956874	3.5815
437.87	0.956874	3.5815
438.018	0.956874	3.5815
438.166	0.956874	3.5815
438.314	0.956874	3.5815
438.462	0.956874	3.5815
438.61	0.956874	3.5815
438.758	0.956874	3.5815
438.907	0.956874	3.5815
439.055	0.956874	3.5815
439.203	0.956874	3.5815
439.351	0.956874	3.5815
439.499	0.956874	3.5815
439.647	0.956874	3.5815
439.795	0.956874	3.5815
439.943	0.956874	3.5815
440.092	0.956874	3.5815
440.24	0.956874	3.5815
440.388	0.956874	3.5815
440.536	0.956874	3.5815
440.684	0.956874	3.5815
440.832	0.956874	3.5815
440.98	0.956874	3.5815
441.128	0.956874	3.5815
441.277	0.956874	3.5815
441.425	0.956874	3.5815
441.573	0.956874	3.5815
441.721	0.956874	3.5815
441.869	0.956874	3.5815
442.017	0.956874	3.5815
442.165	0.956874	3.5815
442.313	0.956874	3.5815
442.462	0.956874	3.5815
442.61	0.956874	3.5815
442.758	0.956874	3.5815
442.906	0.956874	3.5815
443.054	0.956874	3.5815
443.202	0.956874	3.5815
443.35	0.956874	3.5815
443.499	0.956874	3.5815
443.647	0.956874	3.5815
443.795	0.956874	3.5815
443.943	0.956874	3.5815
444.091	0.956874	3.5815
444.239	0.956874	3.5815
444.387	0.956874	3.5815
444.535	0.956874	3.5815
444.684	0.956874	3.5815
444.832	0.956874	3.5815
444.98	0.956874	3.5815
445.128	0.956874	3.5815
445.276	0.956874	3.5815
445.424	0.956874	3.5815
445.572	0.956874	3.5815
445.72	0.956874	3.5815
445.869	0.956874	3.5815
446.017	0.956874	3.5815
446.165	0.956874	3.5815
446.313	0.956874	3.5815
446.461	0.956874	3.5815
446.609	0.956874	3.5815
446.757	0.956874	3.5815
446.905	0.956874	3.5815
447.054	0.956874	3.5815
447.202	0.956874	3.5815
447.35	0.956874	3.5815
447.498	0.956874	3.5815
447.646	0.956874	3.5815
447.794	0.956874	3.5815
447.942	0.956874	3.5815
448.091	0.956874	3.5815
448.239	0.956874	3.5815
448.387	0.956874	3.5815
448.535	0.956874	3.5815
448.683	0.956874	3.5815
448.831	0.956874	3.5815
448.979	0.956874	3.5815
449.127	0.956874	3.5815
449.276	0.956874	3.5815
449.424	0.956874	3.5815
449.572	0.956874	3.5815
449.72	0.956874	3.5815
449.868	0.956874	3.5815
450.016	0.956874	3.5815
450.164	0.956874	3.5815
450.312	0.956874	3.5815
450.461	0.956874	3.5815
450.609	0.956874	3.5815
450.757	0.956874	3.5815
450.905	0.956874	3.5815
451.053	0.956874	3.5815
451.201	0.956874	3.5815
451.349	0.956874	3.5815
451.497	0.956874	3.5815
451.646	0.956874	3.5815
451.794	0.956874	3.5815
451.942	0.956874	3.5815
452.09	0.956874	3.5815
452.238	0.956874	3.5815
452.386	0.956874	3.5815
452.534	0.956874	3.5815
452.682	0.956874	3.5815
452.831	0.956874	3.5815
452.979	0.956874	3.5815
453.127	0.956874	3.5815
453.275	0.956874	3.5815
453.423	0.956874	3.5815
453.571	0.956874	3.5815
453.719	0.956874	3.5815
453.868	0.956874	3.5815
454.016	0.956874	3.5815
454.164	0.956874	3.5815
454.312	0.956874	3.5815
454.46	0.956874	3.5815
454.608	0.956874	3.5815
454.756	0.956874	3.5815
454.904	0.956874	3.5815
455.053	0.956874	3.5815
455.201	0.956874	3.5815
455.349	0.956874	3.5815
455.497	0.956874	3.5815
455.645	0.956874	3.5815
455.793	0.956874	3.5815
455.941	0.956874	3.5815
456.089	0.956874	3.5815
456.238	0.956874	3.5815
456.386	0.956874	3.5815
456.534	0.956874	3.5815
456.682	0.956874	3.5815
456.83	0.956874	3.5815
456.978	0.956874	3.5815
457.126	0.956874	3.5815
457.274	0.956874	3.5815
457.423	0.956874	3.5815
457.571	0.956874	3.5815
457.719	0.956874	3.5815
457.867	0.956874	3.5815
458.015	0.956874	3.5815
458.163	0.956874	3.5815
458.311	0.956874	3.5815
458.46	0.956874	3.5815
458.608	0.956874	3.5815
458.756	0.956874	3.5815
458.904	0.956874	3.5815
459.052	0.956874	3.5815
459.2	0.956874	3.5815
459.348	0.956874	3.5815
459.496	0.956874	3.5815
459.645	0.956874	3.5815
459.793	0.956874	3.5815
459.941	0.956874	3.5815
460.089	0.956874	3.5815
460.237	0.956874	3.5815
460.385	0.956874	3.5815
460.533	0.956874	3.5815
460.681	0.956874	3.5815
460.83	0.956874	3.5815
460.978	0.956874	3.5815
461.126	0.956874	3.5815
461.274	0.956874	3.5815
461.422	0.956874	3.5815
461.57	0.956874	3.5815
461.718	0.956874	3.5815
461.866	0.956874	3.5815
462.015	0.956874	3.5815
462.163	0.956874	3.5815
462.311	0.956874	3.5815
462.459	0.956874	3.5815
462.607	0.956874	3.5815
462.755	0.956874	3.5815
462.903	0.956874	3.5815
463.051	0.956874	3.5815
463.2	0.956874	3.5815
463.348	0.956874	3.5815
463.496	0.956874	3.5815
463.644	0.956874	3.5815
463.792	0.956874	3.5815
463.94	0.956874	3.5815
464.088	0.956874	3.5815
464.237	0.956874	3.5815
464.385	0.956874	3.5815
464.533	0.956874	3.5815
464.681	0.956874	3.5815
464.829	0.956874	3.5815
464.977	0.956874	3.5815
465.125	0.956874	3.5815
465.273	0.956874	3.5815
465.422	0.956874	3.5815
465.57	0.956874	3.5815
465.718	0.956874	3.5815
465.866	0.956874	3.5815
466.014	0.956874	3.5815
466.162	0.956874	3.5815
466.31	0.956874	3.5815
466.458	0.956874	3.5815
466.607	0.956874	3.5815
466.755	0.956874	3.5815
466.903	0.956874	3.5815
467.051	0.956874	3.5815
467.199	0.956874	3.5815
467.347	0.956874	3.5815
467.495	0.956874	3.5815
467.643	0.956874	3.5815
467.792	0.956874	3.5815
467.94	0.956874	3.5815
468.088	0.956874	3.5815
468.236	0.956874	3.5815
468.384	0.956874	3.5815
468.532	0.956874	3.5815
468.68	0.956874	3.5815
468.829	0.956874	3.5815
468.977	0.956874	3.5815
469.125	0.956874	3.5815
469.273	0.956874	3.5815
469.421	0.956874	3.5815
469.569	0.956874	3.5815
469.717	0.956874	3.5815
469.865	0.956874	3.5815
470.014	0.956874	3.5815
470.162	0.956874	3.5815
470.31	0.956874	3.5815
470.458	0.956874	3.5815
470.606	0.956874	3.5815
470.754	0.956874	3.5815
470.902	0.956874	3.5815
471.05	0.956874	3.5815
471.199	0.956874	3.5815
471.347	0.956874	3.5815
471.495	0.956874	3.5815
471.643	0.956874	3.5815
471.791	0.956874	3.5815
471.939	0.956874	3.5815
472.087	0.956874	3.5815
472.235	0.956874	3.5815
472.384	0.956874	3.5815
472.532	0.956874	3.5815
472.68	0.956874	3.5815
472.828	0.956874	3.5815
472.976	0.956874	3.5815
473.124	0.956874	3.5815
473.272	0.956874	3.5815
473.42	0.956874	3.5815
473.569	0.956874	3.5815
473.717	0.956874	3.5815
473.865	0.956874	3.5815
474.013	0.956874	3.5815
474.161	0.956874	3.5815
474.309	0.956874	3.5815
474.457	0.956874	3.5815
474.606	0.956874	3.5815
474.754	0.956874	3.5815
474.902	0.956874	3.5815
475.05	0.956874	3.5815
475.198	0.956874	3.5815
475.346	0.956874	3.5815
475.494	0.956874	3.5815
475.642	0.956874	3.5815
475.791	0.956874	3.5815
475.939	0.956874	3.5815
476.087	0.956874	3.5815
476.235	0.956874	3.5815
476.383	0.956874	3.5815
476.531	0.956874	3.5815
476.679	0.956874	3.5815
476.827	0.956874	3.5815
476.976	0.956874	3.5815
477.124	0.956874	3.5815
477.272	0.956874	3.5815
477.42	0.956874	3.5815
477.568	0.956874	3.5815
477.716	0.956874	3.5815
477.864	0.956874	3.5815
478.012	0.956874	3.5815
478.161	0.956874	3.5815
478.309	0.956874	3.5815
478.457	0.956874	3.5815
478.605	0.956874	3.5815
478.753	0.956874	3.5815
478.901	0.956874	3.5815
479.049	0.956874	3.5815
479.198	0.956874	3.5815
479.346	0.956874	3.5815
479.494	0.956874	3.5815
479.642	0.956874	3.5815
479.79	0.956874	3.5815
479.938	0.956874	3.5815
480.086	0.956874	3.5815
480.234	0.956874	3.5815
480.383	0.956874	3.5815
480.531	0.956874	3.5815
480.679	0.956874	3.5815
480.827	0.956874	3.5815
480.975	0.956874	3.5815
481.123	0.956874	3.5815
481.271	0.956874	3.5815
481.419	0.956874	3.5815
481.568	0.956874	3.5815
481.716	0.956874	3.5815
481.864	0.956874	3.5815
482.012	0.956874	3.5815
482.16	0.956874	3.5815
482.308	0.956874	3.5815
482.456	0.956874	3.5815
482.604	0.956874	3.5815
482.753	0.956874	3.5815
482.901	0.956874	3.5815
483.049	0.956874	3.5815
483.197	0.956874	3.5815
483.345	0.956874	3.5815
483.493	0.956874	3.5815
483.641	0.956874	3.5815
483.789	0.956874	3.5815
483.938	0.956874	3.5815
484.086	0.956874	3.5815
484.234	0.956874	3.5815
484.382	0.956874	3.5815
484.53	0.956874	3.5815
484.678	0.956874	3.5815
484.826	0.956874	3.5815
484.975	0.956874	3.5815
485.123	0.956874	3.5815
485.271	0.956874	3.5815
485.419	0.956874	3.5815
485.567	0.956874	3.5815
485.715	0.956874	3.5815
485.863	0.956874	3.5815
486.011	0.956874	3.5815
486.16	0.956874	3.5815
486.308	0.956874	3.5815
486.456	0.956874	3.5815
486.604	0.956874	3.5815
486.752	0.956874	3.5815
486.9	0.956874	3.5815
487.048	0.956874	3.5815
487.196	0.956874	3.5815
487.345	0.956874	3.5815
487.493	0.956874	3.5815
487.641	0.956874	3.5815
487.789	0.956874	3.5815
487.937	0.956874	3.5815
488.085	0.956874	3.5815
488.233	0.956874	3.5815
488.381	0.956874	3.5815
488.53	0.956874	3.5815
488.678	0.956874	3.5815
488.826	0.956874	3.5815
488.974	0.956874	3.5815
489.122	0.956874	3.5815
489.27	0.956874	3.5815
489.418	0.956874	3.5815
489.567	0.956874	3.5815
489.715	0.956874	3.5815
489.863	0.956874	3.5815
490.011	0.956874	3.5815
490.159	0.956874	3.5815
490.307	0.956874	3.5815
490.455	0.956874	3.5815
490.603	0.956874	3.5815
490.752	0.956874	3.5815
490.9	0.956874	3.5815
491.048	0.956874	3.5815
491.196	0.956874	3.5815
491.344	0.956874	3.5815
491.492	0.956874	3.5815
491.64	0.956874	3.5815
491.788	0.956874	3.5815
491.937	0.956874	3.5815
492.085	0.956874	3.5815
492.233	0.956874	3.5815
492.381	0.956874	3.5815
492.529	0.956874	3.5815
492.677	0.956874	3.5815
492.825	0.956874	3.5815
492.973	0.956874	3.5815
493.122	0.956874	3.5815
493.27	0.956874	3.5815
493.418	0.956874	3.5815
493.566	0.956874	3.5815
493.714	0.956874	3.5815
493.862	0.956874	3.5815
494.01	0.956874	3.5815
494.158	0.956874	3.5815
494.307	0.956874	3.5815
494.455	0.956874	3.5815
494.603	0.956874	3.5815
494.751	0.956874	3.5815
494.899	0.956874	3.5815
495.047	0.956874	3.5815
495.195	0.956874	3.5815
495.344	0.956874	3.5815
495.492	0.956874	3.5815
495.64	0.956874	3.5815
495.788	0.956874	3.5815
495.936	0.956874	3.5815
496.084	0.956874	3.5815
496.232	0.956874	3.5815
496.38	0.956874	3.5815
496.529	0.956874	3.5815
496.677	0.956874	3.5815
496.825	0.956874	3.5815
496.973	0.956874	3.5815
497.121	0.956874	3.5815
497.269	0.956874	3.5815
497.417	0.956874	3.5815
497.565	0.956874	3.5815
497.714	0.956874	3.5815
497.862	0.956874	3.5815
498.01	0.956874	3.5815
498.158	0.956874	3.5815
498.306	0.956874	3.5815
498.454	0.956874	3.5815
498.602	0.956874	3.5815
498.75	0.956874	3.5815
498.899	0.956874	3.5815
499.047	0.956874	3.5815
499.195	0.956874	3.5815
499.343	0.956874	3.5815
499.491	0.956874	3.5815
499.639	0.956874	3.5815
499.787	0.956874	3.5815
499.936	0.956874	3.5815
