0	1.00149	3.55791
0	1.00149	3.55791
0.296257	1.00215	3.55904
0.592514	1.00376	3.56185
0.888772	1.00571	3.56534
1.18503	1.00744	3.56851
1.18799	1.00746	3.56854
1.48425	1.00861	3.57071
1.78051	1.00907	3.5717
2.07676	1.00889	3.57162
2.37302	1.00831	3.57088
2.66631	1.00758	3.56996
2.96257	1.0069	3.5692
3.25883	1.00642	3.56883
3.55509	1.00617	3.56893
3.85134	1.00614	3.56944
4.1476	1.00624	3.57026
4.44386	1.0064	3.57123
4.74012	1.0065	3.57216
5.03637	1.00648	3.5729
5.33263	1.00632	3.57342
5.62889	1.00604	3.57378
5.92514	1.00568	3.57403
6.2214	1.00528	3.57426
6.51766	1.00487	3.57451
6.81392	1.00447	3.57481
7.11017	1.00409	3.57518
7.40643	1.00374	3.57563
7.70269	1.0034	3.57615
7.99894	1.00306	3.5767
8.2952	1.00269	3.57723
8.59146	1.00229	3.57773
8.88772	1.00186	3.5782
9.18397	1.0014	3.57865
9.48023	1.00092	3.57908
9.77649	1.00042	3.57951
10.0727	0.999902	3.57993
10.369	0.999381	3.58037
10.6653	0.998858	3.58082
10.9615	0.998333	3.58129
11.2578	0.997803	3.58177
11.554	0.997266	3.58226
11.8503	0.996719	3.58274
12.1465	0.996163	3.58322
12.4428	0.995598	3.58371
12.7391	0.995023	3.58418
13.0353	0.994441	3.58466
13.3316	0.993852	3.58513
13.6278	0.993259	3.58561
13.9241	0.992662	3.58609
14.2203	0.992063	3.58657
14.5166	0.991462	3.58706
14.8129	0.990858	3.58755
15.1091	0.990253	3.58804
15.4054	0.989646	3.58854
15.7016	0.989037	3.58903
15.9979	0.988427	3.58953
16.2941	0.987816	3.59002
16.5904	0.987204	3.59052
16.8867	0.986592	3.59102
17.1859	0.985974	3.59152
17.4821	0.985364	3.59202
17.7784	0.984756	3.59252
18.0747	0.984149	3.59303
18.3709	0.983544	3.59353
18.6672	0.982941	3.59404
18.9634	0.982341	3.59455
19.2597	0.981744	3.59506
19.5559	0.98115	3.59557
19.8522	0.980559	3.59608
20.1485	0.979971	3.59659
20.4447	0.979388	3.5971
20.741	0.978808	3.59762
21.0372	0.978233	3.59813
21.3335	0.977662	3.59865
21.6297	0.977096	3.59916
21.926	0.976536	3.59968
22.2223	0.97598	3.6002
22.5185	0.975429	3.60072
22.8148	0.974884	3.60124
23.111	0.974345	3.60176
23.4073	0.973811	3.60228
23.7035	0.973283	3.60281
23.9998	0.972761	3.60333
24.2961	0.972246	3.60385
24.5923	0.971736	3.60438
24.8886	0.971233	3.60491
25.1848	0.970736	3.60543
25.4811	0.970246	3.60596
25.7773	0.969763	3.60649
26.0736	0.969286	3.60702
26.3699	0.968816	3.60755
26.6661	0.968353	3.60808
26.9624	0.967896	3.60861
27.2586	0.967447	3.60914
27.5549	0.967004	3.60967
27.8511	0.966569	3.6102
28.1474	0.96614	3.61074
28.4437	0.965719	3.61127
28.7399	0.965304	3.6118
29.0362	0.964897	3.61234
29.3324	0.964497	3.61287
29.6287	0.964104	3.61341
29.9249	0.963718	3.61395
30.2212	0.963339	3.61448
30.5175	0.962967	3.61502
30.8137	0.962602	3.61556
31.11	0.962244	3.61609
31.4062	0.961894	3.61663
31.7025	0.96155	3.61717
31.9987	0.961213	3.61771
32.295	0.960884	3.61825
32.5913	0.960561	3.61879
32.8875	0.960245	3.61933
33.1838	0.959936	3.61987
33.48	0.959634	3.62041
33.7763	0.959338	3.62096
34.0725	0.959049	3.6215
34.3688	0.958767	3.62204
34.6651	0.958492	3.62258
34.9613	0.958223	3.62312
35.2576	0.95796	3.62367
35.5538	0.957705	3.62421
35.8501	0.957455	3.62475
36.1463	0.957212	3.6253
36.4426	0.956975	3.62584
36.7389	0.956744	3.62639
37.0351	0.95652	3.62693
37.3314	0.956301	3.62748
37.6276	0.956089	3.62802
37.9239	0.955882	3.62857
38.2201	0.955682	3.62911
38.5164	0.955487	3.62966
38.8127	0.955298	3.63021
39.1089	0.955115	3.63075
39.4052	0.954937	3.6313
39.7014	0.954765	3.63185
39.9977	0.954599	3.63239
40.2939	0.954437	3.63294
40.5902	0.954282	3.63349
40.8865	0.954131	3.63403
41.1827	0.953986	3.63458
41.479	0.953845	3.63513
41.7752	0.95371	3.63568
42.0715	0.95358	3.63623
42.3677	0.953455	3.63678
42.664	0.953334	3.63732
42.9603	0.953219	3.63787
43.2565	0.953108	3.63842
43.5528	0.953002	3.63897
43.849	0.9529	3.63952
44.1453	0.952803	3.64007
44.4415	0.95271	3.64062
44.7378	0.952622	3.64117
45.0311	0.952538	3.64171
45.3274	0.952458	3.64226
45.6236	0.952383	3.64281
45.9199	0.952311	3.64336
46.2161	0.952243	3.64391
46.5124	0.952179	3.64446
46.8086	0.95212	3.64501
47.1049	0.952064	3.64556
47.4012	0.952011	3.64611
47.6974	0.951963	3.64666
47.9937	0.951918	3.64721
48.2899	0.951877	3.64776
48.5862	0.951839	3.64831
48.8824	0.951805	3.64886
49.1787	0.951774	3.64941
49.475	0.951746	3.64997
49.7712	0.951722	3.65052
50.0675	0.951701	3.65107
50.3637	0.951683	3.65162
50.66	0.951668	3.65217
50.9562	0.951656	3.65272
51.2525	0.951647	3.65327
51.5488	0.951641	3.65382
51.845	0.951638	3.65437
52.1413	0.951638	3.65493
52.4375	0.951641	3.65548
52.7338	0.951646	3.65603
53.03	0.951654	3.65658
53.3263	0.951664	3.65713
53.6226	0.951678	3.65768
53.9188	0.951693	3.65823
54.2151	0.951711	3.65879
54.5113	0.951732	3.65934
54.8076	0.951755	3.65989
55.1038	0.95178	3.66044
55.4001	0.951808	3.66099
55.6964	0.951837	3.66154
55.9926	0.951869	3.6621
56.2889	0.951903	3.66265
56.5851	0.951939	3.6632
56.8814	0.951978	3.66375
57.1776	0.952018	3.6643
57.4739	0.95206	3.66485
57.7702	0.952104	3.66541
58.0664	0.952151	3.66596
58.3627	0.952198	3.66651
58.6589	0.952248	3.66706
58.9552	0.9523	3.66761
59.2514	0.952353	3.66817
59.5477	0.952408	3.66872
59.844	0.952465	3.66927
60.1402	0.952523	3.66982
60.4365	0.952583	3.67037
60.7327	0.952644	3.67092
61.029	0.952707	3.67148
61.3252	0.952772	3.67203
61.6215	0.952838	3.67258
61.9178	0.952905	3.67313
62.214	0.952974	3.67368
62.5103	0.953044	3.67424
62.8065	0.953116	3.67479
63.1028	0.953189	3.67534
63.399	0.953263	3.67589
63.6953	0.953338	3.67644
63.9916	0.953415	3.67699
64.2878	0.953493	3.67755
64.5841	0.953572	3.6781
64.8803	0.953652	3.67865
65.1766	0.953733	3.6792
65.4728	0.953815	3.67975
65.7691	0.953899	3.68031
66.0654	0.953983	3.68086
66.3616	0.954068	3.68141
66.6579	0.954155	3.68196
66.9541	0.954242	3.68251
67.2504	0.954331	3.68306
67.5466	0.95442	3.68362
67.8429	0.95451	3.68417
68.1392	0.954601	3.68472
68.4354	0.954693	3.68527
68.7317	0.954786	3.68582
69.0279	0.95488	3.68637
69.3242	0.954974	3.68692
69.6204	0.955069	3.68748
69.9167	0.955165	3.68803
70.213	0.955262	3.68858
70.5092	0.955359	3.68913
70.8055	0.955457	3.68968
71.1047	0.955557	3.69024
71.4009	0.955656	3.69079
71.6972	0.955756	3.69134
71.9935	0.955857	3.69189
72.2897	0.955958	3.69244
72.586	0.95606	3.69299
72.8822	0.956163	3.69355
73.1785	0.956266	3.6941
73.4747	0.95637	3.69465
73.771	0.956474	3.6952
74.0673	0.956579	3.69575
74.3635	0.956684	3.6963
74.6598	0.956789	3.69685
74.956	0.956896	3.6974
75.2523	0.957002	3.69795
75.5485	0.957109	3.69851
75.8448	0.957217	3.69906
76.1411	0.957325	3.69961
76.4373	0.957433	3.70016
76.7336	0.957542	3.70071
77.0298	0.957651	3.70126
77.3261	0.957761	3.70181
77.6224	0.957871	3.70236
77.9186	0.957981	3.70291
78.2149	0.958092	3.70346
78.5111	0.958203	3.70401
78.8074	0.958314	3.70456
79.1036	0.958426	3.70512
79.3999	0.958538	3.70567
79.6962	0.95865	3.70622
79.9924	0.958762	3.70677
80.2887	0.958875	3.70732
80.5849	0.958988	3.70787
80.8812	0.959101	3.70842
81.1774	0.959215	3.70897
81.4737	0.959329	3.70952
81.77	0.959443	3.71007
82.0662	0.959557	3.71062
82.3625	0.959671	3.71117
82.6587	0.959786	3.71172
82.955	0.959901	3.71227
83.2512	0.960016	3.71282
83.5475	0.960131	3.71337
83.8438	0.960246	3.71392
84.14	0.960362	3.71447
84.4363	0.960477	3.71502
84.7325	0.960593	3.71557
85.0288	0.960709	3.71612
85.325	0.960825	3.71667
85.6213	0.960941	3.71722
85.9176	0.961058	3.71777
86.2138	0.961174	3.71832
86.5101	0.961291	3.71887
86.8063	0.961408	3.71942
87.1026	0.961524	3.71997
87.3988	0.961641	3.72052
87.6951	0.961758	3.72107
87.9914	0.961875	3.72162
88.2876	0.961992	3.72217
88.5839	0.96211	3.72272
88.8801	0.962227	3.72327
89.1764	0.962344	3.72382
89.4726	0.962462	3.72437
89.7689	0.962579	3.72492
90.0652	0.962697	3.72547
90.3614	0.962814	3.72602
90.6577	0.962932	3.72657
90.9539	0.963049	3.72712
91.2502	0.963167	3.72767
91.5464	0.963285	3.72822
91.8427	0.963402	3.72877
92.139	0.96352	3.72932
92.4352	0.963638	3.72987
92.7315	0.963756	3.73042
93.0277	0.963873	3.73097
93.324	0.963991	3.73151
93.6202	0.964109	3.73206
93.9165	0.964226	3.73261
94.2128	0.964344	3.73316
94.509	0.964462	3.73371
94.8053	0.96458	3.73426
95.1015	0.964697	3.73481
95.3978	0.964815	3.73536
95.694	0.964933	3.73591
95.9903	0.96505	3.73646
96.2866	0.965168	3.73701
96.5828	0.965285	3.73756
96.8791	0.965403	3.73811
97.1753	0.96552	3.73865
97.4716	0.965638	3.7392
97.7678	0.965755	3.73975
98.0641	0.965872	3.7403
98.3604	0.965989	3.74085
98.6566	0.966107	3.7414
98.9529	0.966224	3.74195
99.2491	0.966341	3.7425
99.5454	0.966458	3.74305
99.8416	0.966575	3.74359
100.138	0.966692	3.74414
100.434	0.966809	3.74469
100.73	0.966925	3.74524
101.027	0.967042	3.74579
101.323	0.967159	3.74634
101.619	0.967275	3.74689
101.915	0.967392	3.74744
102.212	0.967508	3.74799
102.508	0.967624	3.74853
102.804	0.967741	3.74908
103.1	0.967857	3.74963
103.397	0.967973	3.75018
103.693	0.968089	3.75073
103.989	0.968205	3.75128
104.285	0.96832	3.75183
104.582	0.968436	3.75237
104.878	0.968552	3.75292
105.174	0.968667	3.75347
105.471	0.968783	3.75402
105.767	0.968898	3.75457
106.063	0.969013	3.75512
106.359	0.969128	3.75567
106.656	0.969243	3.75621
106.952	0.969358	3.75676
107.248	0.969473	3.75731
107.544	0.969588	3.75786
107.841	0.969702	3.75841
108.137	0.969817	3.75896
108.433	0.969931	3.7595
108.729	0.970045	3.76005
109.026	0.97016	3.7606
109.322	0.970274	3.76115
109.618	0.970387	3.7617
109.914	0.970501	3.76225
110.211	0.970615	3.76279
110.507	0.970729	3.76334
110.803	0.970842	3.76389
111.099	0.970955	3.76444
111.396	0.971069	3.76499
111.692	0.971182	3.76554
111.988	0.971295	3.76608
112.284	0.971407	3.76663
112.581	0.97152	3.76718
112.877	0.971633	3.76773
113.173	0.971745	3.76828
113.469	0.971858	3.76882
113.766	0.97197	3.76937
114.062	0.972082	3.76992
114.358	0.972194	3.77047
114.655	0.972306	3.77102
114.951	0.972418	3.77157
115.247	0.972529	3.77211
115.543	0.972641	3.77266
115.84	0.972752	3.77321
116.136	0.972863	3.77376
116.432	0.972974	3.77431
116.728	0.973085	3.77485
117.025	0.973196	3.7754
117.321	0.973307	3.77595
117.617	0.973417	3.7765
117.913	0.973528	3.77705
118.21	0.973638	3.77759
118.506	0.973748	3.77814
118.802	0.973858	3.77869
119.098	0.973968	3.77924
119.395	0.974078	3.77979
119.691	0.974187	3.78033
119.987	0.974297	3.78088
120.283	0.974406	3.78143
120.58	0.974515	3.78198
120.876	0.974624	3.78253
121.172	0.974733	3.78308
121.468	0.974842	3.78362
121.765	0.974951	3.78417
122.061	0.975059	3.78472
122.357	0.975168	3.78527
122.653	0.975276	3.78582
122.95	0.975384	3.78636
123.246	0.975492	3.78691
123.542	0.9756	3.78746
123.838	0.975707	3.78801
124.135	0.975815	3.78856
124.431	0.975922	3.7891
124.727	0.976029	3.78965
125.024	0.976137	3.7902
125.32	0.976244	3.79075
125.616	0.97635	3.7913
125.912	0.976457	3.79184
126.209	0.976564	3.79239
126.505	0.97667	3.79294
126.801	0.976776	3.79349
127.097	0.976882	3.79404
127.394	0.976988	3.79458
127.69	0.977094	3.79513
127.986	0.9772	3.79568
128.282	0.977306	3.79623
128.579	0.977411	3.79678
128.875	0.977516	3.79732
129.171	0.977621	3.79787
129.467	0.977726	3.79842
129.764	0.977831	3.79897
130.06	0.977936	3.79952
130.356	0.978041	3.80006
130.652	0.978145	3.80061
130.949	0.978249	3.80116
131.245	0.978353	3.80171
131.541	0.978457	3.80226
131.837	0.978561	3.80281
132.134	0.978665	3.80335
132.43	0.978768	3.8039
132.726	0.978872	3.80445
133.022	0.978975	3.805
133.319	0.979078	3.80555
133.615	0.979181	3.80609
133.911	0.979284	3.80664
134.207	0.979387	3.80719
134.504	0.979489	3.80774
134.8	0.979592	3.80829
135.096	0.979694	3.80884
135.393	0.979796	3.80938
135.689	0.979898	3.80993
135.985	0.98	3.81048
136.281	0.980102	3.81103
136.578	0.980203	3.81158
136.874	0.980305	3.81213
137.17	0.980406	3.81267
137.466	0.980507	3.81322
137.763	0.980608	3.81377
138.059	0.980709	3.81432
138.355	0.98081	3.81487
138.651	0.980911	3.81542
138.948	0.981011	3.81596
139.244	0.981111	3.81651
139.54	0.981211	3.81706
139.836	0.981311	3.81761
140.133	0.981411	3.81816
140.429	0.981511	3.81871
140.725	0.981611	3.81926
141.021	0.98171	3.8198
141.318	0.981809	3.82035
141.614	0.981909	3.8209
141.91	0.982008	3.82145
142.206	0.982106	3.822
142.503	0.982205	3.82255
142.799	0.982304	3.8231
143.095	0.982402	3.82364
143.391	0.982501	3.82419
143.688	0.982599	3.82474
143.984	0.982697	3.82529
144.28	0.982795	3.82584
144.576	0.982892	3.82639
144.873	0.98299	3.82694
145.169	0.983088	3.82749
145.465	0.983185	3.82803
145.762	0.983282	3.82858
146.058	0.983379	3.82913
146.354	0.983476	3.82968
146.65	0.983573	3.83023
146.947	0.98367	3.83078
147.243	0.983766	3.83133
147.539	0.983862	3.83188
147.835	0.983959	3.83243
148.132	0.984055	3.83297
148.428	0.984151	3.83352
148.724	0.984247	3.83407
149.02	0.984342	3.83462
149.317	0.984438	3.83517
149.613	0.984533	3.83572
149.909	0.984628	3.83627
150.205	0.984724	3.83682
150.502	0.984819	3.83737
150.798	0.984913	3.83792
151.094	0.985008	3.83847
151.39	0.985103	3.83902
151.687	0.985197	3.83956
151.983	0.985291	3.84011
152.279	0.985386	3.84066
152.575	0.98548	3.84121
152.872	0.985574	3.84176
153.168	0.985667	3.84231
153.464	0.985761	3.84286
153.76	0.985854	3.84341
154.057	0.985948	3.84396
154.353	0.986041	3.84451
154.649	0.986134	3.84506
154.945	0.986227	3.84561
155.242	0.98632	3.84616
155.538	0.986412	3.84671
155.834	0.986505	3.84726
156.131	0.986597	3.84781
156.427	0.98669	3.84836
156.723	0.986782	3.84891
157.019	0.986874	3.84946
157.316	0.986966	3.85001
157.612	0.987057	3.85056
157.908	0.987149	3.85111
158.204	0.987241	3.85166
158.501	0.987332	3.85221
158.797	0.987423	3.85276
159.093	0.987514	3.85331
159.389	0.987605	3.85386
159.686	0.987696	3.85441
159.982	0.987787	3.85496
160.278	0.987877	3.85551
160.574	0.987968	3.85606
160.871	0.988058	3.85661
161.167	0.988148	3.85716
161.463	0.988238	3.85771
161.759	0.988328	3.85826
162.056	0.988418	3.85881
162.352	0.988507	3.85936
162.648	0.988597	3.85991
162.944	0.988686	3.86046
163.241	0.988775	3.86101
163.537	0.988864	3.86156
163.833	0.988953	3.86211
164.129	0.989042	3.86267
164.426	0.989131	3.86322
164.722	0.98922	3.86377
165.018	0.989308	3.86432
165.314	0.989396	3.86487
165.611	0.989485	3.86542
165.907	0.989573	3.86597
166.203	0.989661	3.86652
166.5	0.989748	3.86707
166.796	0.989836	3.86762
167.092	0.989924	3.86817
167.388	0.990011	3.86873
167.685	0.990098	3.86928
167.981	0.990185	3.86983
168.277	0.990273	3.87038
168.573	0.990359	3.87093
168.87	0.990446	3.87148
169.166	0.990533	3.87203
169.462	0.990619	3.87259
169.758	0.990706	3.87314
170.055	0.990792	3.87369
170.351	0.990878	3.87424
170.647	0.990964	3.87479
170.943	0.99105	3.87534
171.24	0.991136	3.8759
171.536	0.991222	3.87645
171.832	0.991307	3.877
172.128	0.991393	3.87755
172.425	0.991478	3.8781
172.721	0.991563	3.87865
173.017	0.991648	3.87921
173.313	0.991733	3.87976
173.61	0.991818	3.88031
173.906	0.991902	3.88086
174.202	0.991987	3.88142
174.498	0.992071	3.88197
174.795	0.992156	3.88252
175.091	0.99224	3.88307
175.387	0.992324	3.88363
175.683	0.992408	3.88418
175.98	0.992492	3.88473
176.276	0.992575	3.88528
176.572	0.992659	3.88584
176.869	0.992742	3.88639
177.165	0.992825	3.88694
177.461	0.992909	3.88749
177.757	0.992992	3.88805
178.054	0.993075	3.8886
178.35	0.993157	3.88915
178.646	0.99324	3.88971
178.942	0.993323	3.89026
179.239	0.993405	3.89081
179.535	0.993488	3.89136
179.831	0.99357	3.89192
180.127	0.993652	3.89247
180.424	0.993734	3.89302
180.72	0.993816	3.89358
181.016	0.993897	3.89413
181.312	0.993979	3.89468
181.609	0.994061	3.89524
181.905	0.994142	3.89579
182.201	0.994223	3.89635
182.497	0.994304	3.8969
182.794	0.994385	3.89745
183.09	0.994466	3.89801
183.386	0.994547	3.89856
183.682	0.994628	3.89911
183.979	0.994708	3.89967
184.275	0.994789	3.90022
184.571	0.994869	3.90078
184.867	0.994949	3.90133
185.164	0.995029	3.90189
185.46	0.995109	3.90244
185.756	0.995189	3.90299
186.052	0.995269	3.90355
186.349	0.995348	3.9041
186.645	0.995428	3.90466
186.941	0.995507	3.90521
187.238	0.995587	3.90577
187.534	0.995666	3.90632
187.83	0.995745	3.90688
188.126	0.995824	3.90743
188.423	0.995902	3.90799
188.719	0.995981	3.90854
189.015	0.99606	3.9091
189.311	0.996138	3.90965
189.608	0.996216	3.91021
189.904	0.996295	3.91076
190.2	0.996373	3.91132
190.496	0.996451	3.91187
190.793	0.996529	3.91243
191.089	0.996606	3.91298
191.385	0.996684	3.91354
191.681	0.996762	3.91409
191.978	0.996839	3.91465
192.274	0.996916	3.91521
192.57	0.996994	3.91576
192.866	0.997071	3.91632
193.163	0.997148	3.91687
193.459	0.997225	3.91743
193.755	0.997301	3.91799
194.051	0.997378	3.91854
194.348	0.997454	3.9191
194.644	0.997531	3.91966
194.94	0.997607	3.92021
195.236	0.997683	3.92077
195.533	0.997759	3.92132
195.829	0.997835	3.92188
196.125	0.997911	3.92244
196.421	0.997987	3.92299
196.718	0.998063	3.92355
197.014	0.998138	3.92411
197.31	0.998214	3.92466
197.607	0.998289	3.92522
197.903	0.998364	3.92578
198.199	0.998439	3.92634
198.495	0.998514	3.92689
198.792	0.998589	3.92745
199.088	0.998664	3.92801
199.384	0.998739	3.92857
199.68	0.998813	3.92912
199.977	0.998888	3.92968
200.273	0.998962	3.93024
200.569	0.999036	3.9308
200.865	0.99911	3.93135
201.162	0.999184	3.93191
201.458	0.999258	3.93247
201.754	0.999332	3.93303
202.05	0.999406	3.93359
202.347	0.999479	3.93414
202.643	0.999553	3.9347
202.939	0.999626	3.93526
203.235	0.999699	3.93582
203.532	0.999772	3.93638
203.828	0.999845	3.93694
204.124	0.999918	3.93749
204.42	0.999991	3.93805
204.717	1.00006	3.93861
205.013	1.00014	3.93917
205.309	1.00021	3.93973
205.605	1.00028	3.94029
205.902	1.00035	3.94085
206.198	1.00043	3.94141
206.494	1.0005	3.94197
206.79	1.00057	3.94253
207.087	1.00064	3.94309
207.383	1.00071	3.94365
207.679	1.00079	3.9442
207.976	1.00086	3.94476
208.272	1.00093	3.94532
208.568	1.001	3.94588
208.864	1.00107	3.94644
209.161	1.00114	3.947
209.457	1.00121	3.94756
209.753	1.00128	3.94812
210.049	1.00135	3.94868
210.346	1.00143	3.94925
210.642	1.0015	3.94981
210.938	1.00157	3.95037
211.234	1.00164	3.95093
211.531	1.00171	3.95149
211.827	1.00178	3.95205
212.123	1.00185	3.95261
212.419	1.00192	3.95317
212.716	1.00199	3.95373
213.012	1.00206	3.95429
213.308	1.00213	3.95485
213.604	1.0022	3.95541
213.901	1.00227	3.95598
214.197	1.00234	3.95654
214.493	1.00241	3.9571
214.789	1.00247	3.95766
215.086	1.00254	3.95822
215.382	1.00261	3.95878
215.678	1.00268	3.95935
215.974	1.00275	3.95991
216.271	1.00282	3.96047
216.567	1.00289	3.96103
216.863	1.00296	3.96159
217.159	1.00302	3.96216
217.456	1.00309	3.96272
217.752	1.00316	3.96328
218.048	1.00323	3.96384
218.345	1.0033	3.96441
218.641	1.00337	3.96497
218.937	1.00343	3.96553
219.233	1.0035	3.9661
219.53	1.00357	3.96666
219.826	1.00364	3.96722
220.122	1.0037	3.96779
220.418	1.00377	3.96835
220.715	1.00384	3.96891
221.011	1.00391	3.96948
221.307	1.00397	3.97004
221.603	1.00404	3.9706
221.9	1.00411	3.97117
222.196	1.00417	3.97173
222.492	1.00424	3.97229
222.788	1.00431	3.97286
223.085	1.00437	3.97342
223.381	1.00444	3.97399
223.677	1.0045	3.97455
223.973	1.00457	3.97512
224.27	1.00464	3.97568
224.566	1.0047	3.97625
224.862	1.00477	3.97681
225.158	1.00483	3.97738
225.455	1.0049	3.97794
225.751	1.00497	3.97851
226.047	1.00503	3.97907
226.343	1.0051	3.97964
226.64	1.00516	3.9802
226.936	1.00523	3.98077
227.232	1.00529	3.98133
227.528	1.00536	3.9819
227.825	1.00542	3.98246
228.121	1.00549	3.98303
228.417	1.00555	3.9836
228.714	1.00562	3.98416
229.01	1.00568	3.98473
229.306	1.00575	3.98529
229.602	1.00581	3.98586
229.899	1.00587	3.98643
230.195	1.00594	3.98699
230.491	1.006	3.98756
230.787	1.00607	3.98813
231.084	1.00613	3.98869
231.38	1.00619	3.98926
231.676	1.00626	3.98983
231.972	1.00632	3.9904
232.269	1.00639	3.99096
232.565	1.00645	3.99153
232.861	1.00651	3.9921
233.157	1.00658	3.99267
233.454	1.00664	3.99323
233.75	1.0067	3.9938
234.046	1.00677	3.99437
234.342	1.00683	3.99494
234.639	1.00689	3.9955
234.935	1.00695	3.99607
235.231	1.00702	3.99664
235.527	1.00708	3.99721
235.824	1.00714	3.99778
236.12	1.0072	3.99835
236.416	1.00727	3.99892
236.712	1.00733	3.99948
237.009	1.00739	4.00005
237.305	1.00745	4.00062
237.601	1.00751	4.00119
237.897	1.00758	4.00176
238.194	1.00764	4.00233
238.49	1.0077	4.0029
238.786	1.00776	4.00347
239.083	1.00782	4.00404
239.379	1.00788	4.00461
239.675	1.00794	4.00518
239.971	1.00801	4.00575
240.268	1.00807	4.00632
240.564	1.00813	4.00689
240.86	1.00819	4.00746
241.156	1.00825	4.00803
241.453	1.00831	4.0086
241.749	1.00837	4.00917
242.045	1.00843	4.00974
242.341	1.00849	4.01031
242.638	1.00855	4.01089
242.934	1.00861	4.01146
243.23	1.00867	4.01203
243.526	1.00873	4.0126
243.823	1.00879	4.01317
244.119	1.00885	4.01374
244.415	1.00891	4.01432
244.711	1.00897	4.01489
245.008	1.00903	4.01546
245.304	1.00909	4.01603
245.6	1.00915	4.0166
245.896	1.00921	4.01718
246.193	1.00927	4.01775
246.489	1.00933	4.01832
246.785	1.00939	4.01889
247.081	1.00945	4.01947
247.378	1.00951	4.02004
247.674	1.00957	4.02061
247.97	1.00963	4.02119
248.267	1.00968	4.02176
248.563	1.00974	4.02233
248.859	1.0098	4.02291
249.155	1.00986	4.02348
249.452	1.00992	4.02405
249.748	1.00998	4.02463
250.044	1.01004	4.0252
250.34	1.01009	4.02578
250.637	1.01015	4.02635
250.933	1.01021	4.02692
251.229	1.01027	4.0275
251.525	1.01033	4.02807
251.822	1.01038	4.02865
252.118	1.01044	4.02922
252.414	1.0105	4.0298
252.71	1.01056	4.03037
253.007	1.01061	4.03095
253.303	1.01067	4.03152
253.599	1.01073	4.0321
253.895	1.01079	4.03268
254.192	1.01084	4.03325
254.488	1.0109	4.03383
254.784	1.01096	4.0344
255.08	1.01101	4.03498
255.377	1.01107	4.03556
255.673	1.01113	4.03613
255.969	1.01118	4.03671
256.265	1.01124	4.03729
256.562	1.0113	4.03786
256.858	1.01135	4.03844
257.154	1.01141	4.03902
257.45	1.01147	4.03959
257.747	1.01152	4.04017
258.043	1.01158	4.04075
258.339	1.01163	4.04133
258.636	1.01169	4.0419
258.932	1.01175	4.04248
259.228	1.0118	4.04306
259.524	1.01186	4.04364
259.821	1.01191	4.04421
260.117	1.01197	4.04479
260.413	1.01202	4.04537
260.709	1.01208	4.04595
261.006	1.01214	4.04653
261.302	1.01219	4.04711
261.598	1.01225	4.04769
261.894	1.0123	4.04827
262.191	1.01236	4.04885
262.487	1.01241	4.04942
262.783	1.01247	4.05
263.079	1.01252	4.05058
263.376	1.01257	4.05116
263.672	1.01263	4.05174
263.968	1.01268	4.05232
264.264	1.01274	4.0529
264.561	1.01279	4.05348
264.857	1.01285	4.05406
265.153	1.0129	4.05464
265.449	1.01295	4.05523
265.746	1.01301	4.05581
266.042	1.01306	4.05639
266.338	1.01312	4.05697
266.634	1.01317	4.05755
266.931	1.01322	4.05813
267.227	1.01328	4.05871
267.523	1.01333	4.05929
267.819	1.01339	4.05988
268.116	1.01344	4.06046
268.412	1.01349	4.06104
268.708	1.01355	4.06162
269.005	1.0136	4.0622
269.301	1.01365	4.06279
269.597	1.0137	4.06337
269.893	1.01376	4.06395
270.19	1.01381	4.06454
270.486	1.01386	4.06512
270.782	1.01392	4.0657
271.078	1.01397	4.06629
271.375	1.01402	4.06687
271.671	1.01407	4.06745
271.967	1.01413	4.06804
272.263	1.01418	4.06862
272.56	1.01423	4.0692
272.856	1.01428	4.06979
273.152	1.01434	4.07037
273.448	1.01439	4.07096
273.745	1.01444	4.07154
274.041	1.01449	4.07213
274.337	1.01454	4.07271
274.633	1.01459	4.0733
274.93	1.01465	4.07388
275.226	1.0147	4.07447
275.522	1.01475	4.07505
275.818	1.0148	4.07564
276.115	1.01485	4.07622
276.411	1.0149	4.07681
276.707	1.01496	4.0774
277.003	1.01501	4.07798
277.3	1.01506	4.07857
277.596	1.01511	4.07915
277.892	1.01516	4.07974
278.188	1.01521	4.08033
278.485	1.01526	4.08091
278.781	1.01531	4.0815
279.077	1.01536	4.08209
279.374	1.01541	4.08268
279.67	1.01546	4.08326
279.966	1.01551	4.08385
280.262	1.01556	4.08444
280.559	1.01562	4.08503
280.855	1.01567	4.08562
281.151	1.01572	4.0862
281.447	1.01577	4.08679
281.744	1.01582	4.08738
282.04	1.01587	4.08797
282.336	1.01592	4.08856
282.632	1.01597	4.08915
282.929	1.01602	4.08974
283.225	1.01606	4.09033
283.521	1.01611	4.09091
283.817	1.01616	4.0915
284.114	1.01621	4.09209
284.41	1.01626	4.09268
284.706	1.01631	4.09327
285.002	1.01636	4.09386
285.299	1.01641	4.09445
285.595	1.01646	4.09505
285.891	1.01651	4.09564
286.187	1.01656	4.09623
286.484	1.01661	4.09682
286.78	1.01666	4.09741
287.076	1.0167	4.098
287.372	1.01675	4.09859
287.669	1.0168	4.09918
287.965	1.01685	4.09978
288.261	1.0169	4.10037
288.557	1.01695	4.10096
288.854	1.017	4.10155
289.15	1.01704	4.10214
289.446	1.01709	4.10274
289.743	1.01714	4.10333
290.039	1.01719	4.10392
290.335	1.01724	4.10451
290.631	1.01728	4.10511
290.928	1.01733	4.1057
291.224	1.01738	4.1063
291.52	1.01743	4.10689
291.816	1.01748	4.10748
292.113	1.01752	4.10808
292.409	1.01757	4.10867
292.705	1.01762	4.10926
293.001	1.01767	4.10986
293.298	1.01771	4.11045
293.594	1.01776	4.11105
293.89	1.01781	4.11164
294.186	1.01785	4.11224
294.483	1.0179	4.11283
294.779	1.01795	4.11343
295.075	1.018	4.11403
295.371	1.01804	4.11462
295.668	1.01809	4.11522
295.964	1.01814	4.11581
296.26	1.01818	4.11641
296.556	1.01823	4.11701
296.853	1.01828	4.1176
297.149	1.01832	4.1182
297.445	1.01837	4.1188
297.741	1.01842	4.11939
298.038	1.01846	4.11999
298.334	1.01851	4.12059
298.63	1.01855	4.12119
298.926	1.0186	4.12178
299.223	1.01865	4.12238
299.519	1.01869	4.12298
299.815	1.01874	4.12358
300.112	1.01878	4.12418
300.408	1.01883	4.12477
300.704	1.01888	4.12537
301	1.01892	4.12597
301.297	1.01897	4.12657
301.593	1.01901	4.12717
301.889	1.01906	4.12777
302.185	1.0191	4.12837
302.482	1.01915	4.12897
302.778	1.01919	4.12957
303.074	1.01924	4.13017
303.37	1.01928	4.13077
303.667	1.01933	4.13137
303.963	1.01937	4.13197
304.259	1.01942	4.13257
304.555	1.01946	4.13317
304.852	1.01951	4.13377
305.148	1.01955	4.13437
305.444	1.0196	4.13498
305.74	1.01964	4.13558
306.037	1.01969	4.13618
306.333	1.01973	4.13678
306.629	1.01978	4.13738
306.925	1.01982	4.13799
307.222	1.01986	4.13859
307.518	1.01991	4.13919
307.814	1.01995	4.13979
308.11	1.02	4.1404
308.407	1.02004	4.141
308.703	1.02008	4.1416
308.999	1.02013	4.14221
309.295	1.02017	4.14281
309.592	1.02022	4.14341
309.888	1.02026	4.14402
310.184	1.0203	4.14462
310.481	1.02035	4.14523
310.777	1.02039	4.14583
311.073	1.02043	4.14644
311.369	1.02048	4.14704
311.666	1.02052	4.14765
311.962	1.02056	4.14825
312.258	1.02061	4.14886
312.554	1.02065	4.14946
312.851	1.02069	4.15007
313.147	1.02074	4.15068
313.443	1.02078	4.15128
313.739	1.02082	4.15189
314.036	1.02087	4.15249
314.332	1.02091	4.1531
314.628	1.02095	4.15371
314.924	1.02099	4.15432
315.221	1.02104	4.15492
315.517	1.02108	4.15553
315.813	1.02112	4.15614
316.109	1.02116	4.15675
316.406	1.02121	4.15735
316.702	1.02125	4.15796
316.998	1.02129	4.15857
317.294	1.02133	4.15918
317.591	1.02138	4.15979
317.887	1.02142	4.1604
318.183	1.02146	4.16101
318.479	1.0215	4.16162
318.776	1.02154	4.16222
319.072	1.02159	4.16283
319.368	1.02163	4.16344
319.664	1.02167	4.16405
319.961	1.02171	4.16466
320.257	1.02175	4.16527
320.553	1.02179	4.16589
320.85	1.02184	4.1665
321.146	1.02188	4.16711
321.442	1.02192	4.16772
321.738	1.02196	4.16833
322.035	1.022	4.16894
322.331	1.02204	4.16955
322.627	1.02208	4.17017
322.923	1.02212	4.17078
323.22	1.02217	4.17139
323.516	1.02221	4.172
323.812	1.02225	4.17261
324.108	1.02229	4.17323
324.405	1.02233	4.17384
324.701	1.02237	4.17445
324.997	1.02241	4.17507
325.293	1.02245	4.17568
325.59	1.02249	4.17629
325.886	1.02253	4.17691
326.182	1.02257	4.17752
326.478	1.02261	4.17814
326.775	1.02265	4.17875
327.071	1.02269	4.17937
327.367	1.02273	4.17998
327.663	1.02277	4.1806
327.96	1.02281	4.18121
328.256	1.02285	4.18183
328.552	1.02289	4.18244
328.848	1.02293	4.18306
329.145	1.02297	4.18368
329.441	1.02301	4.18429
329.737	1.02305	4.18491
330.033	1.02309	4.18553
330.33	1.02313	4.18614
330.626	1.02317	4.18676
330.922	1.02321	4.18738
331.219	1.02325	4.18799
331.515	1.02329	4.18861
331.811	1.02333	4.18923
332.107	1.02337	4.18985
332.404	1.02341	4.19047
332.7	1.02345	4.19109
332.996	1.02349	4.1917
333.292	1.02353	4.19232
333.589	1.02357	4.19294
333.885	1.02361	4.19356
334.181	1.02364	4.19418
334.477	1.02368	4.1948
334.774	1.02372	4.19542
335.07	1.02376	4.19604
335.366	1.0238	4.19666
335.662	1.02384	4.19728
335.959	1.02388	4.1979
336.255	1.02392	4.19852
336.551	1.02395	4.19914
336.847	1.02399	4.19977
337.144	1.02403	4.20039
337.44	1.02407	4.20101
337.736	1.02411	4.20163
338.032	1.02415	4.20225
338.329	1.02418	4.20288
338.625	1.02422	4.2035
338.921	1.02426	4.20412
339.217	1.0243	4.20474
339.514	1.02434	4.20537
339.81	1.02437	4.20599
340.106	1.02441	4.20661
340.402	1.02445	4.20724
340.699	1.02449	4.20786
340.995	1.02453	4.20849
341.291	1.02456	4.20911
341.588	1.0246	4.20973
341.884	1.02464	4.21036
342.18	1.02468	4.21098
342.476	1.02471	4.21161
342.773	1.02475	4.21224
343.069	1.02479	4.21286
343.365	1.02482	4.21349
343.661	1.02486	4.21411
343.958	1.0249	4.21474
344.254	1.02494	4.21537
344.55	1.02497	4.21599
344.846	1.02501	4.21662
345.143	1.02505	4.21725
345.439	1.02508	4.21787
345.735	1.02512	4.2185
346.031	1.02516	4.21913
346.328	1.02519	4.21976
346.624	1.02523	4.22039
346.92	1.02527	4.22101
347.216	1.0253	4.22164
347.513	1.02534	4.22227
347.809	1.02538	4.2229
348.105	1.02541	4.22353
348.401	1.02545	4.22416
348.698	1.02549	4.22479
348.994	1.02552	4.22542
349.29	1.02556	4.22605
349.586	1.0256	4.22668
349.883	1.02563	4.22731
350.179	1.02567	4.22794
350.475	1.0257	4.22857
350.771	1.02574	4.2292
351.068	1.02578	4.22983
351.364	1.02581	4.23047
351.66	1.02585	4.2311
351.957	1.02588	4.23173
352.253	1.02592	4.23236
352.549	1.02595	4.23299
352.845	1.02599	4.23363
353.142	1.02603	4.23426
353.438	1.02606	4.23489
353.734	1.0261	4.23553
354.03	1.02613	4.23616
354.327	1.02617	4.23679
354.623	1.0262	4.23743
354.919	1.02624	4.23806
355.215	1.02627	4.2387
355.512	1.02631	4.23933
355.808	1.02634	4.23997
356.104	1.02638	4.2406
356.4	1.02641	4.24124
356.697	1.02645	4.24187
356.993	1.02648	4.24251
357.289	1.02652	4.24314
357.585	1.02655	4.24378
357.882	1.02659	4.24442
358.178	1.02662	4.24505
358.474	1.02666	4.24569
358.77	1.02669	4.24633
359.067	1.02673	4.24696
359.363	1.02676	4.2476
359.659	1.0268	4.24824
359.955	1.02683	4.24888
360.252	1.02686	4.24952
360.548	1.0269	4.25015
360.844	1.02693	4.25079
361.14	1.02697	4.25143
361.437	1.027	4.25207
361.733	1.02704	4.25271
362.029	1.02707	4.25335
362.326	1.0271	4.25399
362.622	1.02714	4.25463
362.918	1.02717	4.25527
363.214	1.02721	4.25591
363.511	1.02724	4.25655
363.807	1.02727	4.25719
364.103	1.02731	4.25783
364.399	1.02734	4.25847
364.696	1.02737	4.25912
364.992	1.02741	4.25976
365.288	1.02744	4.2604
365.584	1.02748	4.26104
365.881	1.02751	4.26169
366.177	1.02754	4.26233
366.473	1.02758	4.26297
366.769	1.02761	4.26361
367.066	1.02764	4.26426
367.362	1.02768	4.2649
367.658	1.02771	4.26555
367.954	1.02774	4.26619
368.251	1.02777	4.26683
368.547	1.02781	4.26748
368.843	1.02784	4.26812
369.139	1.02787	4.26877
369.436	1.02791	4.26941
369.732	1.02794	4.27006
370.028	1.02797	4.27071
370.324	1.028	4.27135
370.621	1.02804	4.272
370.917	1.02807	4.27265
371.213	1.0281	4.27329
371.509	1.02814	4.27394
371.806	1.02817	4.27459
372.102	1.0282	4.27523
372.398	1.02823	4.27588
372.695	1.02827	4.27653
372.991	1.0283	4.27718
373.287	1.02833	4.27783
373.583	1.02836	4.27847
373.88	1.02839	4.27912
374.176	1.02843	4.27977
374.472	1.02846	4.28042
374.768	1.02849	4.28107
375.065	1.02852	4.28172
375.361	1.02855	4.28237
375.657	1.02859	4.28302
375.953	1.02862	4.28367
376.25	1.02865	4.28432
376.546	1.02868	4.28498
376.842	1.02871	4.28563
377.138	1.02875	4.28628
377.435	1.02878	4.28693
377.731	1.02881	4.28758
378.027	1.02884	4.28823
378.323	1.02887	4.28889
378.62	1.0289	4.28954
378.916	1.02893	4.29019
379.212	1.02897	4.29085
379.508	1.029	4.2915
379.805	1.02903	4.29215
380.101	1.02906	4.29281
380.397	1.02909	4.29346
380.693	1.02912	4.29412
380.99	1.02915	4.29477
381.286	1.02918	4.29543
381.582	1.02922	4.29608
381.879	1.02925	4.29674
382.175	1.02928	4.29739
382.471	1.02931	4.29805
382.767	1.02934	4.2987
383.064	1.02937	4.29936
383.36	1.0294	4.30002
383.656	1.02943	4.30068
383.952	1.02946	4.30133
384.249	1.02949	4.30199
384.545	1.02952	4.30265
384.841	1.02955	4.30331
385.137	1.02958	4.30396
385.434	1.02961	4.30462
385.73	1.02964	4.30528
386.026	1.02968	4.30594
386.322	1.02971	4.3066
386.619	1.02974	4.30726
386.915	1.02977	4.30792
387.211	1.0298	4.30858
387.507	1.02983	4.30924
387.804	1.02986	4.3099
388.1	1.02989	4.31056
388.396	1.02992	4.31122
388.692	1.02995	4.31188
388.989	1.02998	4.31254
389.285	1.03001	4.31321
389.581	1.03004	4.31387
389.877	1.03007	4.31453
390.174	1.0301	4.31519
390.47	1.03013	4.31586
390.766	1.03015	4.31652
391.062	1.03018	4.31718
391.359	1.03021	4.31785
391.655	1.03024	4.31851
391.951	1.03027	4.31917
392.248	1.0303	4.31984
392.544	1.03033	4.3205
392.84	1.03036	4.32117
393.136	1.03039	4.32183
393.433	1.03042	4.3225
393.729	1.03045	4.32316
394.025	1.03048	4.32383
394.321	1.03051	4.3245
394.618	1.03054	4.32516
394.914	1.03057	4.32583
395.21	1.03059	4.3265
395.506	1.03062	4.32716
395.803	1.03065	4.32783
396.099	1.03068	4.3285
396.395	1.03071	4.32917
396.691	1.03074	4.32984
396.988	1.03077	4.3305
397.284	1.0308	4.33117
397.58	1.03083	4.33184
397.876	1.03085	4.33251
398.173	1.03088	4.33318
398.469	1.03091	4.33385
398.765	1.03094	4.33452
399.061	1.03097	4.33519
399.358	1.031	4.33586
399.654	1.03102	4.33653
399.95	1.03105	4.3372
400.246	1.03108	4.33788
400.543	1.03111	4.33855
400.839	1.03114	4.33922
401.135	1.03117	4.33989
401.431	1.03119	4.34056
401.728	1.03122	4.34124
402.024	1.03125	4.34191
402.32	1.03128	4.34258
402.617	1.03131	4.34326
402.913	1.03133	4.34393
403.209	1.03136	4.34461
403.505	1.03139	4.34528
403.802	1.03142	4.34595
404.098	1.03145	4.34663
404.394	1.03147	4.3473
404.69	1.0315	4.34798
404.987	1.03153	4.34866
405.283	1.03156	4.34933
405.579	1.03158	4.35001
405.875	1.03161	4.35069
406.172	1.03164	4.35136
406.468	1.03167	4.35204
406.764	1.03169	4.35272
407.06	1.03172	4.35339
407.357	1.03175	4.35407
407.653	1.03178	4.35475
407.949	1.0318	4.35543
408.245	1.03183	4.35611
408.542	1.03186	4.35679
408.838	1.03188	4.35747
409.134	1.03191	4.35815
409.43	1.03194	4.35883
409.727	1.03197	4.35951
410.023	1.03199	4.36019
410.319	1.03202	4.36087
410.615	1.03205	4.36155
410.912	1.03207	4.36223
411.208	1.0321	4.36291
411.504	1.03213	4.36359
411.8	1.03215	4.36428
412.097	1.03218	4.36496
412.393	1.03221	4.36564
412.689	1.03223	4.36632
412.986	1.03226	4.36701
413.282	1.03229	4.36769
413.578	1.03231	4.36837
413.874	1.03234	4.36906
414.171	1.03237	4.36974
414.467	1.03239	4.37043
414.763	1.03242	4.37111
415.059	1.03244	4.3718
415.356	1.03247	4.37248
415.652	1.0325	4.37317
415.948	1.03252	4.37386
416.244	1.03255	4.37454
416.541	1.03258	4.37523
416.837	1.0326	4.37592
417.133	1.03263	4.3766
417.429	1.03265	4.37729
417.726	1.03268	4.37798
418.022	1.03271	4.37867
418.318	1.03273	4.37935
418.614	1.03276	4.38004
418.911	1.03278	4.38073
419.207	1.03281	4.38142
419.503	1.03283	4.38211
419.799	1.03286	4.3828
420.096	1.03289	4.38349
420.392	1.03291	4.38418
420.688	1.03294	4.38487
420.984	1.03296	4.38556
421.281	1.03299	4.38625
421.577	1.03301	4.38695
421.873	1.03304	4.38764
422.169	1.03306	4.38833
422.466	1.03309	4.38902
422.762	1.03311	4.38971
423.058	1.03314	4.39041
423.355	1.03317	4.3911
423.651	1.03319	4.39179
423.947	1.03322	4.39249
424.243	1.03324	4.39318
424.54	1.03327	4.39388
424.836	1.03329	4.39457
425.132	1.03332	4.39527
425.428	1.03334	4.39596
425.725	1.03337	4.39666
426.021	1.03339	4.39735
426.317	1.03342	4.39805
426.613	1.03344	4.39875
426.91	1.03346	4.39944
427.206	1.03349	4.40014
427.502	1.03351	4.40084
427.798	1.03354	4.40154
428.095	1.03356	4.40223
428.391	1.03359	4.40293
428.687	1.03361	4.40363
428.983	1.03364	4.40433
429.28	1.03366	4.40503
429.576	1.03369	4.40573
429.872	1.03371	4.40643
430.168	1.03373	4.40713
430.465	1.03376	4.40783
430.761	1.03378	4.40853
431.057	1.03381	4.40923
431.353	1.03383	4.40993
431.65	1.03386	4.41063
431.946	1.03388	4.41134
432.242	1.0339	4.41204
432.538	1.03393	4.41274
432.835	1.03395	4.41344
433.131	1.03398	4.41415
433.427	1.034	4.41485
433.724	1.03402	4.41555
434.02	1.03405	4.41626
434.316	1.03407	4.41696
434.612	1.0341	4.41767
434.909	1.03412	4.41837
435.205	1.03414	4.41908
435.501	1.03417	4.41978
435.797	1.03419	4.42049
436.094	1.03421	4.4212
436.39	1.03424	4.4219
436.686	1.03426	4.42261
436.982	1.03429	4.42332
437.279	1.03431	4.42402
437.575	1.03433	4.42473
437.871	1.03436	4.42544
438.167	1.03438	4.42615
438.464	1.0344	4.42686
438.76	1.03443	4.42757
439.056	1.03445	4.42828
439.352	1.03447	4.42898
439.649	1.0345	4.42969
439.945	1.03452	4.4304
440.241	1.03454	4.43112
440.537	1.03456	4.43183
440.834	1.03459	4.43254
441.13	1.03461	4.43325
441.426	1.03463	4.43396
441.722	1.03466	4.43467
442.019	1.03468	4.43539
442.315	1.0347	4.4361
442.611	1.03473	4.43681
442.907	1.03475	4.43752
443.204	1.03477	4.43824
443.5	1.03479	4.43895
443.796	1.03482	4.43967
444.093	1.03484	4.44038
444.389	1.03486	4.4411
444.685	1.03488	4.44181
444.981	1.03491	4.44253
445.278	1.03493	4.44324
445.574	1.03495	4.44396
445.87	1.03497	4.44468
446.166	1.035	4.44539
446.463	1.03502	4.44611
446.759	1.03504	4.44683
447.055	1.03506	4.44755
447.351	1.03509	4.44826
447.648	1.03511	4.44898
447.944	1.03513	4.4497
448.24	1.03515	4.45042
448.536	1.03517	4.45114
448.833	1.0352	4.45186
449.129	1.03522	4.45258
449.425	1.03524	4.4533
449.721	1.03526	4.45402
450.018	1.03528	4.45474
450.314	1.03531	4.45546
450.61	1.03533	4.45619
450.906	1.03535	4.45691
451.203	1.03537	4.45763
451.499	1.03539	4.45835
451.795	1.03542	4.45908
452.091	1.03544	4.4598
452.388	1.03546	4.46052
452.684	1.03548	4.46125
452.98	1.0355	4.46197
453.276	1.03552	4.4627
453.573	1.03555	4.46342
453.869	1.03557	4.46415
454.165	1.03559	4.46487
454.462	1.03561	4.4656
454.758	1.03563	4.46632
455.054	1.03565	4.46705
455.35	1.03567	4.46778
455.647	1.0357	4.4685
455.943	1.03572	4.46923
456.239	1.03574	4.46996
456.535	1.03576	4.47069
456.832	1.03578	4.47142
457.128	1.0358	4.47215
457.424	1.03582	4.47288
457.72	1.03584	4.4736
458.017	1.03587	4.47433
458.313	1.03589	4.47507
458.609	1.03591	4.4758
458.905	1.03593	4.47653
459.202	1.03595	4.47726
459.498	1.03597	4.47799
459.794	1.03599	4.47872
460.09	1.03601	4.47945
460.387	1.03603	4.48019
460.683	1.03605	4.48092
460.979	1.03607	4.48165
461.275	1.03609	4.48239
461.572	1.03612	4.48312
461.868	1.03614	4.48386
462.164	1.03616	4.48459
462.46	1.03618	4.48532
462.757	1.0362	4.48606
463.053	1.03622	4.4868
463.349	1.03624	4.48753
463.645	1.03626	4.48827
463.942	1.03628	4.489
464.238	1.0363	4.48974
464.534	1.03632	4.49048
464.831	1.03634	4.49122
465.127	1.03636	4.49196
465.423	1.03638	4.49269
465.719	1.0364	4.49343
466.016	1.03642	4.49417
466.312	1.03644	4.49491
466.608	1.03646	4.49565
466.904	1.03648	4.49639
467.201	1.0365	4.49713
467.497	1.03652	4.49787
467.793	1.03654	4.49861
468.089	1.03656	4.49936
468.386	1.03658	4.5001
468.682	1.0366	4.50084
468.978	1.03662	4.50158
469.274	1.03664	4.50232
469.571	1.03666	4.50307
469.867	1.03668	4.50381
470.163	1.0367	4.50456
470.459	1.03672	4.5053
470.756	1.03674	4.50604
471.052	1.03676	4.50679
471.348	1.03678	4.50754
471.644	1.0368	4.50828
471.941	1.03682	4.50903
472.237	1.03684	4.50977
472.533	1.03686	4.51052
472.829	1.03688	4.51127
473.126	1.0369	4.51201
473.422	1.03692	4.51276
473.718	1.03693	4.51351
474.014	1.03695	4.51426
474.311	1.03697	4.51501
474.607	1.03699	4.51576
474.903	1.03701	4.51651
475.2	1.03703	4.51726
475.496	1.03705	4.51801
475.792	1.03707	4.51876
476.088	1.03709	4.51951
476.385	1.03711	4.52026
476.681	1.03713	4.52101
476.977	1.03715	4.52176
477.273	1.03716	4.52252
477.57	1.03718	4.52327
477.866	1.0372	4.52402
478.162	1.03722	4.52478
478.458	1.03724	4.52553
478.755	1.03726	4.52628
479.051	1.03728	4.52704
479.347	1.0373	4.52779
479.643	1.03732	4.52855
479.94	1.03733	4.52931
480.236	1.03735	4.53006
480.532	1.03737	4.53082
480.828	1.03739	4.53157
481.125	1.03741	4.53233
481.421	1.03743	4.53309
481.717	1.03745	4.53385
482.013	1.03746	4.53461
482.31	1.03748	4.53536
482.606	1.0375	4.53612
482.902	1.03752	4.53688
483.198	1.03754	4.53764
483.495	1.03756	4.5384
483.791	1.03757	4.53916
484.087	1.03759	4.53992
484.383	1.03761	4.54068
484.68	1.03763	4.54145
484.976	1.03765	4.54221
485.272	1.03766	4.54297
485.569	1.03768	4.54373
485.865	1.0377	4.5445
486.161	1.03772	4.54526
486.457	1.03774	4.54602
486.754	1.03776	4.54679
487.05	1.03777	4.54755
487.346	1.03779	4.54832
487.642	1.03781	4.54908
487.939	1.03783	4.54985
488.235	1.03784	4.55061
488.531	1.03786	4.55138
488.827	1.03788	4.55215
489.124	1.0379	4.55291
489.42	1.03792	4.55368
489.716	1.03793	4.55445
490.012	1.03795	4.55522
490.309	1.03797	4.55599
490.605	1.03799	4.55676
490.901	1.038	4.55753
491.197	1.03802	4.5583
491.494	1.03804	4.55907
491.79	1.03806	4.55984
492.086	1.03807	4.56061
492.382	1.03809	4.56138
492.679	1.03811	4.56215
492.975	1.03813	4.56292
493.271	1.03814	4.56369
493.567	1.03816	4.56447
493.864	1.03818	4.56524
494.16	1.03819	4.56601
494.456	1.03821	4.56679
494.752	1.03823	4.56756
495.049	1.03825	4.56834
495.345	1.03826	4.56911
495.641	1.03828	4.56989
495.938	1.0383	4.57066
496.234	1.03831	4.57144
496.53	1.03833	4.57222
496.826	1.03835	4.57299
497.123	1.03837	4.57377
497.419	1.03838	4.57455
497.715	1.0384	4.57533
498.011	1.03842	4.5761
498.308	1.03843	4.57688
498.604	1.03845	4.57766
498.9	1.03847	4.57844
499.196	1.03848	4.57922
499.493	1.0385	4.58
499.789	1.03852	4.58078
