0	1.00149	3.55791
0	1.00149	3.55791
0.236554	1.00192	3.55864
0.470766	1.00301	3.56054
0.702636	1.00445	3.56307
0.936848	1.00595	3.56579
1.17106	1.00726	3.56818
1.40761	1.0082	3.56994
1.64183	1.00868	3.57093
1.87604	1.00872	3.57115
2.11025	1.00838	3.57074
2.34212	1.0078	3.56995
2.57633	1.00711	3.56901
2.81054	1.00642	3.56811
3.04475	1.00582	3.56741
3.27897	1.00535	3.56698
3.51318	1.00504	3.56685
3.74739	1.00487	3.567
3.9816	1.0048	3.56736
4.21581	1.0048	3.56788
4.45003	1.00482	3.56847
4.68424	1.0048	3.56902
4.91845	1.0047	3.56946
5.155	1.00452	3.56977
5.38922	1.00425	3.56994
5.62343	1.0039	3.57
5.85764	1.00351	3.57
6.09185	1.00308	3.56998
6.32606	1.00264	3.56997
6.56027	1.0022	3.56997
6.79449	1.00177	3.57
7.0287	1.00136	3.57009
7.26291	1.00096	3.57022
7.49712	1.00058	3.57041
7.73133	1.0002	3.57063
7.96555	0.999821	3.57086
8.19976	0.999426	3.57108
8.43397	0.999011	3.57129
8.66818	0.998575	3.57147
8.90239	0.998119	3.57164
9.13661	0.997645	3.57179
9.37082	0.997156	3.57193
9.60503	0.996655	3.57207
9.83924	0.996144	3.5722
10.0735	0.995628	3.57233
10.3077	0.995108	3.57246
10.5419	0.994587	3.57261
10.7761	0.994065	3.57277
11.0103	0.993542	3.57294
11.2445	0.993017	3.57311
11.4787	0.992488	3.57329
11.7129	0.991955	3.57346
11.9471	0.991415	3.57364
12.1814	0.99087	3.57381
12.4156	0.990321	3.57397
12.6498	0.989766	3.57414
12.884	0.989208	3.5743
13.1182	0.988645	3.57447
13.3524	0.98808	3.57463
13.5866	0.987513	3.57479
13.8208	0.986945	3.57495
14.0551	0.986377	3.57512
14.2893	0.985808	3.57528
14.5235	0.985239	3.57545
14.7577	0.984671	3.57562
14.9919	0.984102	3.57579
15.2261	0.983533	3.57596
15.4603	0.982964	3.57613
15.6945	0.982395	3.57629
15.9288	0.981827	3.57646
16.163	0.98126	3.57663
16.3972	0.980693	3.5768
16.6314	0.980127	3.57697
16.8656	0.979563	3.57713
17.0998	0.979001	3.5773
17.334	0.978441	3.57746
17.5682	0.977883	3.57763
17.8024	0.977327	3.5778
18.0367	0.976774	3.57796
18.2685	0.97623	3.57813
18.5027	0.975682	3.5783
18.737	0.975138	3.57846
18.9712	0.974597	3.57863
19.2054	0.974059	3.57879
19.4396	0.973525	3.57896
19.6738	0.972994	3.57913
19.908	0.972467	3.57929
20.1422	0.971943	3.57945
20.3764	0.971424	3.57962
20.6106	0.970909	3.57978
20.8449	0.970397	3.57995
21.0791	0.96989	3.58011
21.3133	0.969388	3.58027
21.5475	0.96889	3.58044
21.7817	0.968396	3.5806
22.0159	0.967908	3.58076
22.2501	0.967423	3.58092
22.4843	0.966944	3.58108
22.7186	0.96647	3.58124
22.9528	0.966	3.58141
23.187	0.965536	3.58157
23.4212	0.965076	3.58173
23.6554	0.964621	3.58188
23.8896	0.964172	3.58204
24.1238	0.963728	3.5822
24.358	0.963289	3.58236
24.5922	0.962855	3.58252
24.8265	0.962426	3.58268
25.0607	0.962003	3.58283
25.2949	0.961585	3.58299
25.5291	0.961172	3.58315
25.7633	0.960765	3.5833
25.9975	0.960363	3.58346
26.2317	0.959967	3.58361
26.4659	0.959575	3.58377
26.7002	0.959189	3.58392
26.9344	0.958809	3.58408
27.1686	0.958434	3.58423
27.4028	0.958064	3.58438
27.637	0.957699	3.58454
27.8712	0.95734	3.58469
28.1054	0.956986	3.58484
28.3396	0.956638	3.58499
28.5739	0.956294	3.58514
28.8081	0.955956	3.58529
29.0423	0.955623	3.58544
29.2765	0.955296	3.58559
29.5107	0.954973	3.58574
29.7449	0.954656	3.58589
29.9791	0.954344	3.58604
30.2133	0.954036	3.58619
30.4475	0.953734	3.58634
30.6818	0.953437	3.58649
30.916	0.953145	3.58663
31.1502	0.952858	3.58678
31.3844	0.952576	3.58693
31.6186	0.952298	3.58707
31.8528	0.952026	3.58722
32.087	0.951758	3.58736
32.3212	0.951495	3.58751
32.5555	0.951237	3.58765
32.7897	0.950983	3.5878
33.0239	0.950734	3.58794
33.2581	0.950489	3.58809
33.4923	0.950249	3.58823
33.7265	0.950013	3.58837
33.9607	0.949782	3.58852
34.1949	0.949555	3.58866
34.4291	0.949333	3.5888
34.6634	0.949114	3.58894
34.8976	0.9489	3.58909
35.1318	0.94869	3.58923
35.366	0.948485	3.58937
35.6002	0.948283	3.58951
35.8344	0.948085	3.58965
36.0686	0.947891	3.58979
36.3028	0.947701	3.58993
36.5371	0.947515	3.59007
36.7713	0.947333	3.59021
37.0055	0.947155	3.59035
37.2397	0.94698	3.59049
37.4739	0.946809	3.59062
37.7081	0.946642	3.59076
37.9423	0.946478	3.5909
38.1765	0.946317	3.59104
38.4107	0.94616	3.59118
38.645	0.946007	3.59131
38.8792	0.945857	3.59145
39.1134	0.94571	3.59159
39.3476	0.945566	3.59172
39.5818	0.945426	3.59186
39.816	0.945289	3.59199
40.0502	0.945155	3.59213
40.2844	0.945024	3.59227
40.5187	0.944896	3.5924
40.7529	0.94477	3.59254
40.9871	0.944648	3.59267
41.2213	0.944529	3.59281
41.4555	0.944413	3.59294
41.6897	0.944299	3.59308
41.9239	0.944188	3.59321
42.1605	0.944079	3.59334
42.3947	0.943974	3.59348
42.6289	0.943871	3.59361
42.8631	0.94377	3.59374
43.0973	0.943673	3.59388
43.3315	0.943577	3.59401
43.5658	0.943484	3.59414
43.8	0.943394	3.59428
44.0342	0.943306	3.59441
44.2684	0.94322	3.59454
44.5026	0.943137	3.59467
44.7368	0.943055	3.59481
44.971	0.942976	3.59494
45.2052	0.942899	3.59507
45.4394	0.942825	3.5952
45.6737	0.942752	3.59533
45.9079	0.942681	3.59546
46.1421	0.942613	3.59559
46.3763	0.942546	3.59572
46.6105	0.942482	3.59585
46.8447	0.942419	3.59599
47.0789	0.942358	3.59612
47.3131	0.942299	3.59625
47.5474	0.942242	3.59638
47.7816	0.942186	3.59651
48.0158	0.942133	3.59664
48.25	0.942081	3.59677
48.4842	0.94203	3.5969
48.7184	0.941982	3.59703
48.9526	0.941935	3.59715
49.1868	0.941889	3.59728
49.421	0.941845	3.59741
49.6553	0.941803	3.59754
49.8895	0.941762	3.59767
50.1237	0.941723	3.5978
50.3579	0.941685	3.59793
50.5921	0.941648	3.59806
50.8263	0.941613	3.59819
51.0605	0.941579	3.59831
51.2947	0.941547	3.59844
51.529	0.941516	3.59857
51.7632	0.941486	3.5987
51.9974	0.941458	3.59883
52.2316	0.94143	3.59895
52.4658	0.941404	3.59908
52.7	0.941379	3.59921
52.9342	0.941356	3.59934
53.1684	0.941333	3.59947
53.4027	0.941312	3.59959
53.6369	0.941291	3.59972
53.8711	0.941272	3.59985
54.1053	0.941254	3.59997
54.3395	0.941237	3.6001
54.5737	0.941221	3.60023
54.8079	0.941205	3.60036
55.0421	0.941191	3.60048
55.2763	0.941178	3.60061
55.5106	0.941166	3.60074
55.7448	0.941154	3.60086
55.979	0.941144	3.60099
56.2132	0.941135	3.60112
56.4474	0.941126	3.60124
56.6816	0.941118	3.60137
56.9158	0.941111	3.60149
57.15	0.941105	3.60162
57.3843	0.9411	3.60175
57.6185	0.941095	3.60187
57.8527	0.941091	3.602
58.0869	0.941088	3.60213
58.3211	0.941086	3.60225
58.5553	0.941084	3.60238
58.7895	0.941083	3.6025
59.0237	0.941083	3.60263
59.2579	0.941084	3.60275
59.4922	0.941085	3.60288
59.7264	0.941087	3.60301
59.9606	0.941089	3.60313
60.1948	0.941092	3.60326
60.429	0.941096	3.60338
60.6632	0.9411	3.60351
60.8974	0.941105	3.60363
61.1316	0.941111	3.60376
61.3659	0.941117	3.60388
61.6001	0.941124	3.60401
61.8343	0.941131	3.60413
62.0685	0.941138	3.60426
62.3027	0.941147	3.60438
62.5369	0.941155	3.60451
62.7711	0.941165	3.60463
63.0053	0.941174	3.60476
63.2396	0.941184	3.60488
63.4738	0.941195	3.60501
63.708	0.941206	3.60513
63.9422	0.941218	3.60526
64.1764	0.94123	3.60538
64.4106	0.941242	3.60551
64.6448	0.941255	3.60563
64.879	0.941268	3.60576
65.1132	0.941282	3.60588
65.3475	0.941296	3.60601
65.5817	0.941311	3.60613
65.8159	0.941325	3.60625
66.0501	0.941341	3.60638
66.2843	0.941356	3.6065
66.5185	0.941372	3.60663
66.7527	0.941388	3.60675
66.9869	0.941405	3.60688
67.2212	0.941422	3.607
67.4554	0.941439	3.60712
67.6896	0.941457	3.60725
67.9238	0.941475	3.60737
68.158	0.941493	3.6075
68.3922	0.941512	3.60762
68.6264	0.94153	3.60774
68.8606	0.941549	3.60787
69.0948	0.941569	3.60799
69.3291	0.941588	3.60812
69.5633	0.941608	3.60824
69.7975	0.941629	3.60836
70.0317	0.941649	3.60849
70.2659	0.94167	3.60861
70.5001	0.941691	3.60874
70.7343	0.941712	3.60886
70.9685	0.941733	3.60898
71.2028	0.941755	3.60911
71.437	0.941777	3.60923
71.6712	0.941799	3.60935
71.9054	0.941821	3.60948
72.1396	0.941844	3.6096
72.3738	0.941866	3.60973
72.608	0.941889	3.60985
72.8422	0.941912	3.60997
73.0765	0.941936	3.6101
73.3107	0.941959	3.61022
73.5449	0.941983	3.61034
73.7791	0.942007	3.61047
74.0133	0.942031	3.61059
74.2475	0.942055	3.61071
74.4817	0.942079	3.61084
74.7159	0.942104	3.61096
74.9501	0.942129	3.61108
75.1844	0.942153	3.61121
75.4186	0.942178	3.61133
75.6528	0.942204	3.61145
75.887	0.942229	3.61158
76.1212	0.942254	3.6117
76.3554	0.94228	3.61182
76.5896	0.942306	3.61195
76.8238	0.942332	3.61207
77.0581	0.942358	3.61219
77.2923	0.942384	3.61232
77.5265	0.94241	3.61244
77.7607	0.942436	3.61256
77.9949	0.942463	3.61269
78.2291	0.942489	3.61281
78.4633	0.942516	3.61293
78.6975	0.942543	3.61306
78.9317	0.94257	3.61318
79.166	0.942597	3.6133
79.4002	0.942624	3.61342
79.6344	0.942651	3.61355
79.8686	0.942679	3.61367
80.1028	0.942706	3.61379
80.337	0.942734	3.61392
80.5712	0.942761	3.61404
80.8054	0.942789	3.61416
81.0397	0.942817	3.61428
81.2739	0.942845	3.61441
81.5081	0.942873	3.61453
81.7423	0.942901	3.61465
81.9765	0.942929	3.61478
82.2107	0.942957	3.6149
82.4449	0.942985	3.61502
82.6791	0.943014	3.61514
82.9133	0.943042	3.61527
83.1476	0.94307	3.61539
83.3818	0.943099	3.61551
83.616	0.943128	3.61564
83.8502	0.943156	3.61576
84.0844	0.943185	3.61588
84.3186	0.943214	3.616
84.5528	0.943243	3.61613
84.787	0.943272	3.61625
85.0213	0.943301	3.61637
85.2555	0.94333	3.61649
85.4897	0.943359	3.61662
85.7239	0.943388	3.61674
85.9581	0.943417	3.61686
86.1923	0.943446	3.61699
86.4265	0.943476	3.61711
86.6607	0.943505	3.61723
86.895	0.943534	3.61735
87.1292	0.943564	3.61748
87.3634	0.943593	3.6176
87.5976	0.943623	3.61772
87.8318	0.943652	3.61784
88.066	0.943682	3.61797
88.3002	0.943712	3.61809
88.5344	0.943741	3.61821
88.7686	0.943771	3.61833
89.0029	0.943801	3.61846
89.2371	0.94383	3.61858
89.4713	0.94386	3.6187
89.7055	0.94389	3.61882
89.9397	0.94392	3.61894
90.1739	0.94395	3.61907
90.4081	0.94398	3.61919
90.6423	0.94401	3.61931
90.8766	0.94404	3.61943
91.1108	0.94407	3.61956
91.345	0.9441	3.61968
91.5792	0.94413	3.6198
91.8134	0.94416	3.61992
92.0476	0.94419	3.62005
92.2818	0.94422	3.62017
92.516	0.94425	3.62029
92.7502	0.94428	3.62041
92.9845	0.944311	3.62054
93.2187	0.944341	3.62066
93.4529	0.944371	3.62078
93.6871	0.944401	3.6209
93.9213	0.944431	3.62102
94.1555	0.944462	3.62115
94.3897	0.944492	3.62127
94.6239	0.944522	3.62139
94.8582	0.944553	3.62151
95.0924	0.944583	3.62163
95.3266	0.944613	3.62176
95.5608	0.944644	3.62188
95.795	0.944674	3.622
96.0292	0.944704	3.62212
96.2634	0.944735	3.62225
96.4976	0.944765	3.62237
96.7319	0.944796	3.62249
96.9661	0.944826	3.62261
97.2003	0.944857	3.62273
97.4345	0.944887	3.62286
97.6687	0.944917	3.62298
97.9029	0.944948	3.6231
98.1371	0.944978	3.62322
98.3713	0.945009	3.62334
98.6055	0.945039	3.62347
98.8398	0.94507	3.62359
99.074	0.9451	3.62371
99.3082	0.945131	3.62383
99.5424	0.945161	3.62395
99.7766	0.945192	3.62408
100.011	0.945222	3.6242
100.245	0.945253	3.62432
100.479	0.945283	3.62444
100.713	0.945314	3.62456
100.948	0.945344	3.62469
101.182	0.945375	3.62481
101.416	0.945405	3.62493
101.65	0.945436	3.62505
101.885	0.945467	3.62517
102.119	0.945497	3.6253
102.353	0.945528	3.62542
102.587	0.945558	3.62554
102.821	0.945589	3.62566
103.056	0.945619	3.62578
103.29	0.94565	3.6259
103.524	0.94568	3.62603
103.758	0.945711	3.62615
103.992	0.945741	3.62627
104.227	0.945772	3.62639
104.461	0.945802	3.62651
104.695	0.945833	3.62664
104.929	0.945863	3.62676
105.163	0.945894	3.62688
105.398	0.945924	3.627
105.632	0.945955	3.62712
105.866	0.945985	3.62724
106.1	0.946016	3.62737
106.335	0.946046	3.62749
106.569	0.946077	3.62761
106.803	0.946107	3.62773
107.037	0.946138	3.62785
107.271	0.946168	3.62797
107.506	0.946199	3.6281
107.74	0.946229	3.62822
107.974	0.94626	3.62834
108.208	0.94629	3.62846
108.442	0.946321	3.62858
108.677	0.946351	3.6287
108.911	0.946382	3.62883
109.145	0.946412	3.62895
109.379	0.946442	3.62907
109.614	0.946473	3.62919
109.848	0.946503	3.62931
110.082	0.946534	3.62943
110.316	0.946564	3.62955
110.55	0.946595	3.62968
110.785	0.946625	3.6298
111.019	0.946655	3.62992
111.253	0.946686	3.63004
111.487	0.946716	3.63016
111.721	0.946746	3.63028
111.956	0.946777	3.63041
112.19	0.946807	3.63053
112.424	0.946838	3.63065
112.658	0.946868	3.63077
112.892	0.946898	3.63089
113.127	0.946928	3.63101
113.361	0.946959	3.63113
113.595	0.946989	3.63126
113.829	0.947019	3.63138
114.064	0.94705	3.6315
114.298	0.94708	3.63162
114.532	0.94711	3.63174
114.766	0.94714	3.63186
115	0.947171	3.63198
115.235	0.947201	3.63211
115.469	0.947231	3.63223
115.703	0.947261	3.63235
115.937	0.947292	3.63247
116.171	0.947322	3.63259
116.406	0.947352	3.63271
116.64	0.947382	3.63283
116.874	0.947412	3.63296
117.108	0.947443	3.63308
117.342	0.947473	3.6332
117.577	0.947503	3.63332
117.811	0.947533	3.63344
118.045	0.947563	3.63356
118.279	0.947593	3.63368
118.514	0.947623	3.6338
118.748	0.947653	3.63393
118.982	0.947683	3.63405
119.216	0.947714	3.63417
119.45	0.947744	3.63429
119.685	0.947774	3.63441
119.919	0.947804	3.63453
120.153	0.947834	3.63465
120.387	0.947864	3.63477
120.621	0.947894	3.6349
120.856	0.947924	3.63502
121.09	0.947954	3.63514
121.324	0.947984	3.63526
121.558	0.948014	3.63538
121.793	0.948044	3.6355
122.027	0.948074	3.63562
122.261	0.948103	3.63574
122.495	0.948133	3.63586
122.729	0.948163	3.63599
122.964	0.948193	3.63611
123.198	0.948223	3.63623
123.432	0.948253	3.63635
123.666	0.948283	3.63647
123.9	0.948313	3.63659
124.135	0.948343	3.63671
124.369	0.948372	3.63683
124.603	0.948402	3.63695
124.837	0.948432	3.63708
125.071	0.948462	3.6372
125.306	0.948492	3.63732
125.54	0.948521	3.63744
125.774	0.948551	3.63756
126.008	0.948581	3.63768
126.243	0.948611	3.6378
126.477	0.94864	3.63792
126.711	0.94867	3.63804
126.945	0.9487	3.63817
127.179	0.948729	3.63829
127.414	0.948759	3.63841
127.648	0.948789	3.63853
127.882	0.948819	3.63865
128.116	0.948848	3.63877
128.35	0.948878	3.63889
128.585	0.948907	3.63901
128.819	0.948937	3.63913
129.053	0.948967	3.63925
129.287	0.948996	3.63937
129.522	0.949026	3.6395
129.756	0.949055	3.63962
129.99	0.949085	3.63974
130.224	0.949114	3.63986
130.458	0.949144	3.63998
130.693	0.949173	3.6401
130.927	0.949203	3.64022
131.161	0.949232	3.64034
131.395	0.949262	3.64046
131.629	0.949291	3.64058
131.864	0.949321	3.6407
132.098	0.94935	3.64083
132.332	0.94938	3.64095
132.566	0.949409	3.64107
132.8	0.949439	3.64119
133.035	0.949468	3.64131
133.269	0.949497	3.64143
133.503	0.949527	3.64155
133.737	0.949556	3.64167
133.972	0.949585	3.64179
134.206	0.949615	3.64191
134.44	0.949644	3.64203
134.674	0.949673	3.64215
134.908	0.949703	3.64227
135.143	0.949732	3.6424
135.377	0.949761	3.64252
135.611	0.949791	3.64264
135.845	0.94982	3.64276
136.079	0.949849	3.64288
136.314	0.949878	3.643
136.548	0.949908	3.64312
136.782	0.949937	3.64324
137.016	0.949966	3.64336
137.251	0.949995	3.64348
137.485	0.950024	3.6436
137.719	0.950053	3.64372
137.953	0.950083	3.64384
138.187	0.950112	3.64396
138.422	0.950141	3.64408
138.656	0.95017	3.64421
138.89	0.950199	3.64433
139.124	0.950228	3.64445
139.358	0.950257	3.64457
139.593	0.950286	3.64469
139.827	0.950315	3.64481
140.061	0.950344	3.64493
140.295	0.950373	3.64505
140.529	0.950402	3.64517
140.764	0.950431	3.64529
140.998	0.95046	3.64541
141.232	0.950489	3.64553
141.466	0.950518	3.64565
141.701	0.950547	3.64577
141.935	0.950576	3.64589
142.169	0.950605	3.64601
142.403	0.950634	3.64613
142.635	0.950663	3.64625
142.869	0.950692	3.64637
143.103	0.95072	3.64649
143.338	0.950749	3.64661
143.572	0.950778	3.64674
143.806	0.950807	3.64686
144.04	0.950836	3.64698
144.275	0.950865	3.6471
144.509	0.950893	3.64722
144.743	0.950922	3.64734
144.977	0.950951	3.64746
145.211	0.95098	3.64758
145.446	0.951008	3.6477
145.68	0.951037	3.64782
145.914	0.951066	3.64794
146.148	0.951095	3.64806
146.382	0.951123	3.64818
146.617	0.951152	3.6483
146.851	0.951181	3.64842
147.085	0.951209	3.64854
147.319	0.951238	3.64866
147.553	0.951267	3.64878
147.788	0.951295	3.6489
148.022	0.951324	3.64902
148.256	0.951353	3.64914
148.49	0.951381	3.64926
148.725	0.95141	3.64938
148.959	0.951438	3.6495
149.193	0.951467	3.64962
149.427	0.951495	3.64974
149.661	0.951524	3.64986
149.896	0.951553	3.64999
150.13	0.951581	3.65011
150.364	0.95161	3.65023
150.598	0.951638	3.65035
150.832	0.951666	3.65047
151.067	0.951695	3.65059
151.301	0.951723	3.65071
151.535	0.951752	3.65083
151.769	0.95178	3.65095
152.004	0.951809	3.65107
152.238	0.951837	3.65119
152.472	0.951865	3.65131
152.706	0.951894	3.65143
152.94	0.951922	3.65155
153.175	0.951951	3.65167
153.409	0.951979	3.65179
153.643	0.952007	3.65191
153.877	0.952036	3.65203
154.111	0.952064	3.65215
154.346	0.952092	3.65227
154.58	0.95212	3.65239
154.814	0.952149	3.65251
155.048	0.952177	3.65263
155.282	0.952205	3.65275
155.517	0.952233	3.65287
155.751	0.952262	3.65299
155.985	0.95229	3.65311
156.219	0.952318	3.65323
156.454	0.952346	3.65335
156.688	0.952374	3.65347
156.922	0.952403	3.65359
157.156	0.952431	3.65371
157.39	0.952459	3.65383
157.625	0.952487	3.65395
157.859	0.952515	3.65407
158.093	0.952543	3.65419
158.327	0.952571	3.65431
158.561	0.952599	3.65443
158.796	0.952628	3.65455
159.03	0.952656	3.65467
159.264	0.952684	3.65479
159.498	0.952712	3.65491
159.733	0.95274	3.65503
159.967	0.952768	3.65515
160.201	0.952796	3.65527
160.435	0.952824	3.65539
160.669	0.952852	3.65551
160.904	0.95288	3.65563
161.138	0.952908	3.65575
161.372	0.952935	3.65587
161.606	0.952963	3.65599
161.84	0.952991	3.65611
162.075	0.953019	3.65623
162.309	0.953047	3.65635
162.543	0.953075	3.65647
162.777	0.953103	3.65659
163.011	0.953131	3.65671
163.246	0.953159	3.65683
163.48	0.953186	3.65695
163.714	0.953214	3.65707
163.948	0.953242	3.65719
164.183	0.95327	3.65731
164.417	0.953298	3.65743
164.651	0.953325	3.65755
164.885	0.953353	3.65767
165.119	0.953381	3.65779
165.354	0.953409	3.65791
165.588	0.953436	3.65803
165.822	0.953464	3.65815
166.056	0.953492	3.65827
166.29	0.953519	3.65839
166.525	0.953547	3.65851
166.759	0.953575	3.65863
166.993	0.953602	3.65875
167.227	0.95363	3.65887
167.461	0.953658	3.65899
167.696	0.953685	3.65911
167.93	0.953713	3.65923
168.164	0.953741	3.65935
168.398	0.953768	3.65946
168.633	0.953796	3.65958
168.867	0.953823	3.6597
169.101	0.953851	3.65982
169.335	0.953878	3.65994
169.569	0.953906	3.66006
169.804	0.953933	3.66018
170.038	0.953961	3.6603
170.272	0.953988	3.66042
170.506	0.954016	3.66054
170.74	0.954043	3.66066
170.975	0.954071	3.66078
171.209	0.954098	3.6609
171.443	0.954126	3.66102
171.677	0.954153	3.66114
171.912	0.95418	3.66126
172.146	0.954208	3.66138
172.38	0.954235	3.6615
172.614	0.954263	3.66162
172.848	0.95429	3.66174
173.083	0.954317	3.66186
173.317	0.954345	3.66198
173.551	0.954372	3.6621
173.785	0.954399	3.66222
174.019	0.954427	3.66234
174.254	0.954454	3.66246
174.488	0.954481	3.66258
174.722	0.954509	3.6627
174.956	0.954536	3.66281
175.19	0.954563	3.66293
175.425	0.95459	3.66305
175.659	0.954617	3.66317
175.893	0.954645	3.66329
176.127	0.954672	3.66341
176.362	0.954699	3.66353
176.596	0.954726	3.66365
176.83	0.954753	3.66377
177.064	0.954781	3.66389
177.298	0.954808	3.66401
177.533	0.954835	3.66413
177.767	0.954862	3.66425
178.001	0.954889	3.66437
178.235	0.954916	3.66449
178.469	0.954943	3.66461
178.704	0.95497	3.66473
178.938	0.954997	3.66485
179.172	0.955025	3.66497
179.406	0.955052	3.66508
179.641	0.955079	3.6652
179.875	0.955106	3.66532
180.109	0.955133	3.66544
180.343	0.95516	3.66556
180.577	0.955187	3.66568
180.812	0.955214	3.6658
181.046	0.955241	3.66592
181.28	0.955267	3.66604
181.514	0.955294	3.66616
181.748	0.955321	3.66628
181.983	0.955348	3.6664
182.217	0.955375	3.66652
182.451	0.955402	3.66664
182.685	0.955429	3.66676
182.919	0.955456	3.66688
183.154	0.955483	3.66699
183.388	0.95551	3.66711
183.622	0.955536	3.66723
183.856	0.955563	3.66735
184.091	0.95559	3.66747
184.325	0.955617	3.66759
184.559	0.955644	3.66771
184.793	0.95567	3.66783
185.027	0.955697	3.66795
185.262	0.955724	3.66807
185.496	0.955751	3.66819
185.73	0.955777	3.66831
185.964	0.955804	3.66843
186.198	0.955831	3.66855
186.433	0.955858	3.66866
186.667	0.955884	3.66878
186.901	0.955911	3.6689
187.135	0.955938	3.66902
187.37	0.955964	3.66914
187.604	0.955991	3.66926
187.838	0.956018	3.66938
188.072	0.956044	3.6695
188.306	0.956071	3.66962
188.541	0.956097	3.66974
188.775	0.956124	3.66986
189.009	0.956151	3.66998
189.243	0.956177	3.67009
189.477	0.956204	3.67021
189.712	0.95623	3.67033
189.946	0.956257	3.67045
190.18	0.956283	3.67057
190.414	0.95631	3.67069
190.648	0.956336	3.67081
190.883	0.956363	3.67093
191.117	0.956389	3.67105
191.351	0.956416	3.67117
191.585	0.956442	3.67129
191.82	0.956469	3.67141
192.054	0.956495	3.67152
192.288	0.956522	3.67164
192.522	0.956548	3.67176
192.756	0.956574	3.67188
192.991	0.956601	3.672
193.225	0.956627	3.67212
193.459	0.956654	3.67224
193.693	0.95668	3.67236
193.927	0.956706	3.67248
194.162	0.956733	3.6726
194.396	0.956759	3.67271
194.63	0.956785	3.67283
194.864	0.956812	3.67295
195.099	0.956838	3.67307
195.333	0.956864	3.67319
195.567	0.95689	3.67331
195.801	0.956917	3.67343
196.035	0.956943	3.67355
196.27	0.956969	3.67367
196.504	0.956995	3.67379
196.738	0.957022	3.6739
196.972	0.957048	3.67402
197.206	0.957074	3.67414
197.441	0.9571	3.67426
197.675	0.957126	3.67438
197.909	0.957153	3.6745
198.143	0.957179	3.67462
198.377	0.957205	3.67474
198.612	0.957231	3.67486
198.846	0.957257	3.67497
199.08	0.957283	3.67509
199.314	0.957309	3.67521
199.549	0.957335	3.67533
199.783	0.957361	3.67545
200.017	0.957388	3.67557
200.251	0.957414	3.67569
200.485	0.95744	3.67581
200.72	0.957466	3.67593
200.954	0.957492	3.67604
201.188	0.957518	3.67616
201.422	0.957544	3.67628
201.656	0.95757	3.6764
201.891	0.957596	3.67652
202.125	0.957622	3.67664
202.359	0.957648	3.67676
202.593	0.957674	3.67688
202.827	0.957699	3.677
203.062	0.957725	3.67711
203.296	0.957751	3.67723
203.53	0.957777	3.67735
203.764	0.957803	3.67747
203.999	0.957829	3.67759
204.233	0.957855	3.67771
204.467	0.957881	3.67783
204.701	0.957907	3.67795
204.935	0.957932	3.67806
205.17	0.957958	3.67818
205.404	0.957984	3.6783
205.638	0.95801	3.67842
205.872	0.958036	3.67854
206.106	0.958061	3.67866
206.341	0.958087	3.67878
206.575	0.958113	3.6789
206.809	0.958139	3.67901
207.043	0.958164	3.67913
207.278	0.95819	3.67925
207.512	0.958216	3.67937
207.746	0.958242	3.67949
207.98	0.958267	3.67961
208.214	0.958293	3.67973
208.449	0.958319	3.67984
208.683	0.958344	3.67996
208.917	0.95837	3.68008
209.151	0.958396	3.6802
209.385	0.958421	3.68032
209.62	0.958447	3.68044
209.854	0.958473	3.68056
210.088	0.958498	3.68068
210.322	0.958524	3.68079
210.556	0.958549	3.68091
210.791	0.958575	3.68103
211.025	0.9586	3.68115
211.259	0.958626	3.68127
211.493	0.958652	3.68139
211.728	0.958677	3.68151
211.962	0.958703	3.68162
212.196	0.958728	3.68174
212.43	0.958754	3.68186
212.664	0.958779	3.68198
212.899	0.958805	3.6821
213.133	0.95883	3.68222
213.367	0.958856	3.68234
213.601	0.958881	3.68245
213.835	0.958906	3.68257
214.07	0.958932	3.68269
214.304	0.958957	3.68281
214.538	0.958983	3.68293
214.772	0.959008	3.68305
215.007	0.959033	3.68317
215.241	0.959059	3.68328
215.475	0.959084	3.6834
215.709	0.959109	3.68352
215.943	0.959135	3.68364
216.178	0.95916	3.68376
216.412	0.959185	3.68388
216.646	0.959211	3.68399
216.88	0.959236	3.68411
217.114	0.959261	3.68423
217.349	0.959287	3.68435
217.583	0.959312	3.68447
217.817	0.959337	3.68459
218.051	0.959362	3.68471
218.285	0.959388	3.68482
218.52	0.959413	3.68494
218.754	0.959438	3.68506
218.988	0.959463	3.68518
219.222	0.959488	3.6853
219.457	0.959514	3.68542
219.691	0.959539	3.68553
219.925	0.959564	3.68565
220.159	0.959589	3.68577
220.393	0.959614	3.68589
220.628	0.959639	3.68601
220.862	0.959665	3.68613
221.096	0.95969	3.68624
221.33	0.959715	3.68636
221.564	0.95974	3.68648
221.799	0.959765	3.6866
222.033	0.95979	3.68672
222.267	0.959815	3.68684
222.501	0.95984	3.68695
222.736	0.959865	3.68707
222.97	0.95989	3.68719
223.204	0.959915	3.68731
223.438	0.95994	3.68743
223.672	0.959965	3.68755
223.907	0.95999	3.68766
224.141	0.960015	3.68778
224.375	0.96004	3.6879
224.609	0.960065	3.68802
224.843	0.96009	3.68814
225.078	0.960115	3.68826
225.312	0.96014	3.68837
225.546	0.960165	3.68849
225.78	0.96019	3.68861
226.014	0.960215	3.68873
226.249	0.960239	3.68885
226.483	0.960264	3.68896
226.717	0.960289	3.68908
226.951	0.960314	3.6892
227.186	0.960339	3.68932
227.42	0.960364	3.68944
227.654	0.960389	3.68956
227.888	0.960413	3.68967
228.122	0.960438	3.68979
228.357	0.960463	3.68991
228.591	0.960488	3.69003
228.825	0.960513	3.69015
229.059	0.960537	3.69026
229.293	0.960562	3.69038
229.528	0.960587	3.6905
229.762	0.960612	3.69062
229.996	0.960636	3.69074
230.23	0.960661	3.69086
230.464	0.960686	3.69097
230.699	0.96071	3.69109
230.933	0.960735	3.69121
231.167	0.96076	3.69133
231.401	0.960784	3.69145
231.636	0.960809	3.69156
231.87	0.960834	3.69168
232.104	0.960858	3.6918
232.338	0.960883	3.69192
232.572	0.960907	3.69204
232.807	0.960932	3.69215
233.041	0.960957	3.69227
233.275	0.960981	3.69239
233.509	0.961006	3.69251
233.743	0.96103	3.69263
233.978	0.961055	3.69275
234.212	0.961079	3.69286
234.446	0.961104	3.69298
234.68	0.961129	3.6931
234.915	0.961153	3.69322
235.149	0.961178	3.69334
235.383	0.961202	3.69345
235.617	0.961226	3.69357
235.851	0.961251	3.69369
236.086	0.961275	3.69381
236.32	0.9613	3.69393
236.554	0.961324	3.69404
236.788	0.961349	3.69416
237.022	0.961373	3.69428
237.257	0.961398	3.6944
237.491	0.961422	3.69452
237.725	0.961446	3.69463
237.959	0.961471	3.69475
238.193	0.961495	3.69487
238.428	0.961519	3.69499
238.662	0.961544	3.69511
238.896	0.961568	3.69522
239.13	0.961592	3.69534
239.365	0.961617	3.69546
239.599	0.961641	3.69558
239.833	0.961665	3.6957
240.067	0.96169	3.69581
240.301	0.961714	3.69593
240.536	0.961738	3.69605
240.77	0.961762	3.69617
241.004	0.961787	3.69628
241.238	0.961811	3.6964
241.472	0.961835	3.69652
241.707	0.961859	3.69664
241.941	0.961884	3.69676
242.175	0.961908	3.69687
242.409	0.961932	3.69699
242.644	0.961956	3.69711
242.878	0.96198	3.69723
243.112	0.962004	3.69735
243.346	0.962029	3.69746
243.58	0.962053	3.69758
243.815	0.962077	3.6977
244.049	0.962101	3.69782
244.283	0.962125	3.69793
244.517	0.962149	3.69805
244.751	0.962173	3.69817
244.986	0.962197	3.69829
245.22	0.962221	3.69841
245.454	0.962245	3.69852
245.688	0.96227	3.69864
245.922	0.962294	3.69876
246.157	0.962318	3.69888
246.391	0.962342	3.69899
246.625	0.962366	3.69911
246.859	0.96239	3.69923
247.094	0.962414	3.69935
247.328	0.962438	3.69947
247.562	0.962462	3.69958
247.796	0.962486	3.6997
248.03	0.962509	3.69982
248.265	0.962533	3.69994
248.499	0.962557	3.70005
248.733	0.962581	3.70017
248.967	0.962605	3.70029
249.201	0.962629	3.70041
249.436	0.962653	3.70053
249.67	0.962677	3.70064
249.904	0.962701	3.70076
250.138	0.962725	3.70088
250.373	0.962748	3.701
250.607	0.962772	3.70111
250.841	0.962796	3.70123
251.075	0.96282	3.70135
251.309	0.962844	3.70147
251.544	0.962868	3.70158
251.778	0.962891	3.7017
252.012	0.962915	3.70182
252.246	0.962939	3.70194
252.48	0.962963	3.70206
252.715	0.962986	3.70217
252.949	0.96301	3.70229
253.183	0.963034	3.70241
253.417	0.963058	3.70253
253.651	0.963081	3.70264
253.886	0.963105	3.70276
254.12	0.963129	3.70288
254.354	0.963152	3.703
254.588	0.963176	3.70311
254.823	0.9632	3.70323
255.057	0.963223	3.70335
255.291	0.963247	3.70347
255.525	0.963271	3.70358
255.759	0.963294	3.7037
255.994	0.963318	3.70382
256.228	0.963342	3.70394
256.462	0.963365	3.70405
256.696	0.963389	3.70417
256.93	0.963412	3.70429
257.165	0.963436	3.70441
257.399	0.963459	3.70453
257.633	0.963483	3.70464
257.867	0.963507	3.70476
258.101	0.96353	3.70488
258.336	0.963554	3.705
258.57	0.963577	3.70511
258.804	0.963601	3.70523
259.038	0.963624	3.70535
259.273	0.963648	3.70547
259.507	0.963671	3.70558
259.741	0.963695	3.7057
259.975	0.963718	3.70582
260.209	0.963741	3.70594
260.444	0.963765	3.70605
260.678	0.963788	3.70617
260.912	0.963812	3.70629
261.146	0.963835	3.70641
261.38	0.963859	3.70652
261.615	0.963882	3.70664
261.849	0.963905	3.70676
262.083	0.963929	3.70688
262.317	0.963952	3.70699
262.552	0.963975	3.70711
262.786	0.963999	3.70723
263.02	0.964022	3.70735
263.254	0.964045	3.70746
263.488	0.964069	3.70758
263.723	0.964092	3.7077
263.957	0.964115	3.70781
264.191	0.964139	3.70793
264.425	0.964162	3.70805
264.659	0.964185	3.70817
264.894	0.964208	3.70828
265.128	0.964232	3.7084
265.362	0.964255	3.70852
265.596	0.964278	3.70864
265.83	0.964301	3.70875
266.065	0.964324	3.70887
266.299	0.964348	3.70899
266.533	0.964371	3.70911
266.767	0.964394	3.70922
267.002	0.964417	3.70934
267.236	0.96444	3.70946
267.47	0.964464	3.70958
267.704	0.964487	3.70969
267.938	0.96451	3.70981
268.173	0.964533	3.70993
268.407	0.964556	3.71004
268.641	0.964579	3.71016
268.875	0.964602	3.71028
269.109	0.964625	3.7104
269.344	0.964648	3.71051
269.578	0.964671	3.71063
269.812	0.964694	3.71075
270.046	0.964718	3.71087
270.281	0.964741	3.71098
270.515	0.964764	3.7111
270.749	0.964787	3.71122
270.983	0.96481	3.71134
271.217	0.964833	3.71145
271.452	0.964856	3.71157
271.686	0.964879	3.71169
271.92	0.964902	3.7118
272.154	0.964925	3.71192
272.388	0.964947	3.71204
272.623	0.96497	3.71216
272.857	0.964993	3.71227
273.091	0.965016	3.71239
273.325	0.965039	3.71251
273.559	0.965062	3.71262
273.794	0.965085	3.71274
274.028	0.965108	3.71286
274.262	0.965131	3.71298
274.496	0.965154	3.71309
274.731	0.965177	3.71321
274.965	0.965199	3.71333
275.199	0.965222	3.71345
275.433	0.965245	3.71356
275.667	0.965268	3.71368
275.902	0.965291	3.7138
276.136	0.965313	3.71391
276.37	0.965336	3.71403
276.604	0.965359	3.71415
276.838	0.965382	3.71427
277.073	0.965405	3.71438
277.307	0.965427	3.7145
277.541	0.96545	3.71462
277.775	0.965473	3.71473
278.01	0.965496	3.71485
278.244	0.965518	3.71497
278.478	0.965541	3.71509
278.712	0.965564	3.7152
278.946	0.965586	3.71532
279.181	0.965609	3.71544
279.415	0.965632	3.71555
279.649	0.965654	3.71567
279.883	0.965677	3.71579
280.117	0.9657	3.71591
280.352	0.965722	3.71602
280.586	0.965745	3.71614
280.82	0.965768	3.71626
281.054	0.96579	3.71637
281.288	0.965813	3.71649
281.523	0.965835	3.71661
281.757	0.965858	3.71673
281.991	0.965881	3.71684
282.225	0.965903	3.71696
282.46	0.965926	3.71708
282.694	0.965948	3.71719
282.928	0.965971	3.71731
283.162	0.965993	3.71743
283.396	0.966016	3.71754
283.631	0.966038	3.71766
283.865	0.966061	3.71778
284.099	0.966083	3.7179
284.333	0.966106	3.71801
284.567	0.966128	3.71813
284.802	0.966151	3.71825
285.036	0.966173	3.71836
285.27	0.966196	3.71848
285.504	0.966218	3.7186
285.739	0.96624	3.71872
285.973	0.966263	3.71883
286.207	0.966285	3.71895
286.441	0.966308	3.71907
286.675	0.96633	3.71918
286.91	0.966352	3.7193
287.144	0.966375	3.71942
287.378	0.966397	3.71953
287.612	0.96642	3.71965
287.846	0.966442	3.71977
288.081	0.966464	3.71988
288.315	0.966487	3.72
288.549	0.966509	3.72012
288.783	0.966531	3.72024
289.017	0.966553	3.72035
289.252	0.966576	3.72047
289.486	0.966598	3.72059
289.72	0.96662	3.7207
289.954	0.966643	3.72082
290.189	0.966665	3.72094
290.423	0.966687	3.72105
290.657	0.966709	3.72117
290.891	0.966732	3.72129
291.125	0.966754	3.72141
291.36	0.966776	3.72152
291.594	0.966798	3.72164
291.828	0.96682	3.72176
292.062	0.966843	3.72187
292.296	0.966865	3.72199
292.531	0.966887	3.72211
292.765	0.966909	3.72222
292.999	0.966931	3.72234
293.233	0.966953	3.72246
293.467	0.966975	3.72257
293.702	0.966998	3.72269
293.936	0.96702	3.72281
294.17	0.967042	3.72292
294.404	0.967064	3.72304
294.639	0.967086	3.72316
294.873	0.967108	3.72327
295.107	0.96713	3.72339
295.341	0.967152	3.72351
295.575	0.967174	3.72363
295.81	0.967196	3.72374
296.044	0.967218	3.72386
296.278	0.96724	3.72398
296.512	0.967262	3.72409
296.746	0.967284	3.72421
296.981	0.967306	3.72433
297.215	0.967328	3.72444
297.449	0.96735	3.72456
297.683	0.967372	3.72468
297.918	0.967394	3.72479
298.152	0.967416	3.72491
298.386	0.967438	3.72503
298.62	0.96746	3.72514
298.854	0.967482	3.72526
299.089	0.967504	3.72538
299.323	0.967526	3.72549
299.557	0.967548	3.72561
299.791	0.96757	3.72573
300.025	0.967591	3.72584
300.26	0.967613	3.72596
300.494	0.967635	3.72608
300.728	0.967657	3.72619
300.962	0.967679	3.72631
301.196	0.967701	3.72643
301.431	0.967722	3.72654
301.665	0.967744	3.72666
301.899	0.967766	3.72678
302.133	0.967788	3.7269
302.368	0.96781	3.72701
302.602	0.967831	3.72713
302.836	0.967853	3.72725
303.07	0.967875	3.72736
303.304	0.967897	3.72748
303.539	0.967918	3.7276
303.773	0.96794	3.72771
304.007	0.967962	3.72783
304.241	0.967984	3.72795
304.475	0.968005	3.72806
304.71	0.968027	3.72818
304.944	0.968049	3.7283
305.178	0.96807	3.72841
305.412	0.968092	3.72853
305.647	0.968114	3.72865
305.881	0.968135	3.72876
306.115	0.968157	3.72888
306.349	0.968179	3.729
306.583	0.9682	3.72911
306.818	0.968222	3.72923
307.052	0.968244	3.72935
307.286	0.968265	3.72946
307.52	0.968287	3.72958
307.754	0.968308	3.7297
307.989	0.96833	3.72981
308.223	0.968352	3.72993
308.457	0.968373	3.73005
308.691	0.968395	3.73016
308.925	0.968416	3.73028
309.16	0.968438	3.73039
309.394	0.968459	3.73051
309.628	0.968481	3.73063
309.862	0.968502	3.73074
310.097	0.968524	3.73086
310.331	0.968545	3.73098
310.565	0.968567	3.73109
310.799	0.968588	3.73121
311.033	0.96861	3.73133
311.268	0.968631	3.73144
311.502	0.968653	3.73156
311.736	0.968674	3.73168
311.97	0.968695	3.73179
312.204	0.968717	3.73191
312.439	0.968738	3.73203
312.673	0.96876	3.73214
312.907	0.968781	3.73226
313.141	0.968803	3.73238
313.376	0.968824	3.73249
313.61	0.968845	3.73261
313.844	0.968867	3.73273
314.078	0.968888	3.73284
314.312	0.968909	3.73296
314.547	0.968931	3.73308
314.781	0.968952	3.73319
315.015	0.968973	3.73331
315.249	0.968995	3.73343
315.483	0.969016	3.73354
315.718	0.969037	3.73366
315.952	0.969058	3.73377
316.186	0.96908	3.73389
316.42	0.969101	3.73401
316.654	0.969122	3.73412
316.889	0.969144	3.73424
317.123	0.969165	3.73436
317.357	0.969186	3.73447
317.591	0.969207	3.73459
317.826	0.969228	3.73471
318.06	0.96925	3.73482
318.294	0.969271	3.73494
318.528	0.969292	3.73506
318.762	0.969313	3.73517
318.997	0.969334	3.73529
319.231	0.969356	3.73541
319.465	0.969377	3.73552
319.699	0.969398	3.73564
319.933	0.969419	3.73575
320.168	0.96944	3.73587
320.402	0.969461	3.73599
320.636	0.969482	3.7361
320.87	0.969503	3.73622
321.104	0.969525	3.73634
321.339	0.969546	3.73645
321.573	0.969567	3.73657
321.807	0.969588	3.73669
322.041	0.969609	3.7368
322.276	0.96963	3.73692
322.51	0.969651	3.73704
322.744	0.969672	3.73715
322.978	0.969693	3.73727
323.212	0.969714	3.73738
323.447	0.969735	3.7375
323.681	0.969756	3.73762
323.915	0.969777	3.73773
324.149	0.969798	3.73785
324.383	0.969819	3.73797
324.618	0.96984	3.73808
324.852	0.969861	3.7382
325.086	0.969882	3.73832
325.32	0.969903	3.73843
325.555	0.969924	3.73855
325.789	0.969945	3.73866
326.023	0.969966	3.73878
326.257	0.969987	3.7389
326.491	0.970007	3.73901
326.726	0.970028	3.73913
326.96	0.970049	3.73925
327.194	0.97007	3.73936
327.428	0.970091	3.73948
327.662	0.970112	3.7396
327.897	0.970133	3.73971
328.131	0.970154	3.73983
328.365	0.970174	3.73994
328.599	0.970195	3.74006
328.833	0.970216	3.74018
329.068	0.970237	3.74029
329.302	0.970258	3.74041
329.536	0.970278	3.74053
329.77	0.970299	3.74064
330.005	0.97032	3.74076
330.239	0.970341	3.74087
330.473	0.970361	3.74099
330.707	0.970382	3.74111
330.941	0.970403	3.74122
331.176	0.970424	3.74134
331.41	0.970444	3.74146
331.644	0.970465	3.74157
331.878	0.970486	3.74169
332.112	0.970507	3.7418
332.347	0.970527	3.74192
332.581	0.970548	3.74204
332.815	0.970569	3.74215
333.049	0.970589	3.74227
333.284	0.97061	3.74239
333.518	0.970631	3.7425
333.752	0.970651	3.74262
333.986	0.970672	3.74273
334.22	0.970693	3.74285
334.455	0.970713	3.74297
334.689	0.970734	3.74308
334.923	0.970754	3.7432
335.157	0.970775	3.74332
335.391	0.970796	3.74343
335.626	0.970816	3.74355
335.86	0.970837	3.74366
336.094	0.970857	3.74378
336.328	0.970878	3.7439
336.562	0.970898	3.74401
336.797	0.970919	3.74413
337.031	0.970939	3.74425
337.265	0.97096	3.74436
337.499	0.97098	3.74448
337.734	0.971001	3.74459
337.968	0.971021	3.74471
338.202	0.971042	3.74483
338.436	0.971062	3.74494
338.67	0.971083	3.74506
338.905	0.971103	3.74517
339.139	0.971124	3.74529
339.373	0.971144	3.74541
339.607	0.971165	3.74552
339.841	0.971185	3.74564
340.076	0.971205	3.74576
340.31	0.971226	3.74587
340.544	0.971246	3.74599
340.781	0.971267	3.7461
341.015	0.971287	3.74622
341.249	0.971308	3.74634
341.483	0.971328	3.74645
341.717	0.971348	3.74657
341.952	0.971369	3.74669
342.186	0.971389	3.7468
342.42	0.971409	3.74692
342.654	0.97143	3.74703
342.889	0.97145	3.74715
343.123	0.97147	3.74727
343.357	0.971491	3.74738
343.591	0.971511	3.7475
343.825	0.971531	3.74761
344.06	0.971552	3.74773
344.294	0.971572	3.74785
344.528	0.971592	3.74796
344.762	0.971612	3.74808
344.996	0.971633	3.74819
345.231	0.971653	3.74831
345.465	0.971673	3.74843
345.699	0.971693	3.74854
345.933	0.971713	3.74866
346.168	0.971734	3.74877
346.402	0.971754	3.74889
346.636	0.971774	3.74901
346.87	0.971794	3.74912
347.104	0.971814	3.74924
347.339	0.971835	3.74936
347.573	0.971855	3.74947
347.807	0.971875	3.74959
348.041	0.971895	3.7497
348.275	0.971915	3.74982
348.51	0.971935	3.74994
348.744	0.971955	3.75005
348.978	0.971976	3.75017
349.212	0.971996	3.75028
349.446	0.972016	3.7504
349.681	0.972036	3.75052
349.915	0.972056	3.75063
350.149	0.972076	3.75075
350.383	0.972096	3.75086
350.618	0.972116	3.75098
350.852	0.972136	3.7511
351.086	0.972156	3.75121
351.32	0.972176	3.75133
351.554	0.972196	3.75144
351.789	0.972216	3.75156
352.023	0.972236	3.75168
352.257	0.972256	3.75179
352.491	0.972276	3.75191
352.725	0.972296	3.75202
352.96	0.972316	3.75214
353.194	0.972336	3.75226
353.428	0.972356	3.75237
353.662	0.972376	3.75249
353.897	0.972396	3.7526
354.131	0.972416	3.75272
354.365	0.972436	3.75284
354.599	0.972456	3.75295
354.833	0.972476	3.75307
355.068	0.972496	3.75318
355.302	0.972516	3.7533
355.536	0.972535	3.75341
355.77	0.972555	3.75353
356.004	0.972575	3.75365
356.239	0.972595	3.75376
356.473	0.972615	3.75388
356.707	0.972635	3.75399
356.941	0.972655	3.75411
357.175	0.972674	3.75423
357.41	0.972694	3.75434
357.644	0.972714	3.75446
357.878	0.972734	3.75457
358.112	0.972754	3.75469
358.347	0.972773	3.75481
358.581	0.972793	3.75492
358.815	0.972813	3.75504
359.049	0.972833	3.75515
359.283	0.972852	3.75527
359.518	0.972872	3.75539
359.752	0.972892	3.7555
359.986	0.972912	3.75562
360.22	0.972931	3.75573
360.454	0.972951	3.75585
360.689	0.972971	3.75596
360.923	0.972991	3.75608
361.157	0.97301	3.7562
361.391	0.97303	3.75631
361.625	0.97305	3.75643
361.86	0.973069	3.75654
362.094	0.973089	3.75666
362.328	0.973109	3.75678
362.562	0.973128	3.75689
362.797	0.973148	3.75701
363.031	0.973168	3.75712
363.265	0.973187	3.75724
363.499	0.973207	3.75736
363.733	0.973226	3.75747
363.968	0.973246	3.75759
364.202	0.973266	3.7577
364.436	0.973285	3.75782
364.67	0.973305	3.75793
364.904	0.973324	3.75805
365.139	0.973344	3.75817
365.373	0.973363	3.75828
365.607	0.973383	3.7584
365.841	0.973403	3.75851
366.076	0.973422	3.75863
366.31	0.973442	3.75875
366.544	0.973461	3.75886
366.778	0.973481	3.75898
367.012	0.9735	3.75909
367.247	0.97352	3.75921
367.481	0.973539	3.75932
367.715	0.973559	3.75944
367.949	0.973578	3.75956
368.183	0.973598	3.75967
368.418	0.973617	3.75979
368.652	0.973636	3.7599
368.886	0.973656	3.76002
369.12	0.973675	3.76013
369.354	0.973695	3.76025
369.589	0.973714	3.76037
369.823	0.973734	3.76048
370.057	0.973753	3.7606
370.291	0.973772	3.76071
370.526	0.973792	3.76083
370.76	0.973811	3.76095
370.994	0.97383	3.76106
371.228	0.97385	3.76118
371.462	0.973869	3.76129
371.697	0.973889	3.76141
371.931	0.973908	3.76152
372.165	0.973927	3.76164
372.399	0.973947	3.76176
372.633	0.973966	3.76187
372.868	0.973985	3.76199
373.102	0.974004	3.7621
373.336	0.974024	3.76222
373.57	0.974043	3.76233
373.805	0.974062	3.76245
374.039	0.974082	3.76257
374.273	0.974101	3.76268
374.507	0.97412	3.7628
374.741	0.974139	3.76291
374.976	0.974159	3.76303
375.21	0.974178	3.76314
375.444	0.974197	3.76326
375.678	0.974216	3.76338
375.912	0.974235	3.76349
376.147	0.974255	3.76361
376.381	0.974274	3.76372
376.615	0.974293	3.76384
376.849	0.974312	3.76395
377.083	0.974331	3.76407
377.318	0.974351	3.76419
377.552	0.97437	3.7643
377.786	0.974389	3.76442
378.02	0.974408	3.76453
378.255	0.974427	3.76465
378.489	0.974446	3.76476
378.723	0.974465	3.76488
378.957	0.974484	3.765
379.191	0.974504	3.76511
379.426	0.974523	3.76523
379.66	0.974542	3.76534
379.894	0.974561	3.76546
380.128	0.97458	3.76557
380.362	0.974599	3.76569
380.597	0.974618	3.7658
380.831	0.974637	3.76592
381.065	0.974656	3.76604
381.299	0.974675	3.76615
381.534	0.974694	3.76627
381.768	0.974713	3.76638
382.002	0.974732	3.7665
382.236	0.974751	3.76661
382.47	0.97477	3.76673
382.705	0.974789	3.76685
382.939	0.974808	3.76696
383.173	0.974827	3.76708
383.407	0.974846	3.76719
383.641	0.974865	3.76731
383.876	0.974884	3.76742
384.11	0.974903	3.76754
384.344	0.974922	3.76765
384.578	0.974941	3.76777
384.812	0.97496	3.76789
385.047	0.974979	3.768
385.281	0.974998	3.76812
385.515	0.975016	3.76823
385.749	0.975035	3.76835
385.984	0.975054	3.76846
386.218	0.975073	3.76858
386.452	0.975092	3.7687
386.686	0.975111	3.76881
386.92	0.97513	3.76893
387.155	0.975148	3.76904
387.389	0.975167	3.76916
387.623	0.975186	3.76927
387.857	0.975205	3.76939
388.091	0.975224	3.7695
388.326	0.975243	3.76962
388.56	0.975261	3.76974
388.794	0.97528	3.76985
389.028	0.975299	3.76997
389.262	0.975318	3.77008
389.497	0.975337	3.7702
389.731	0.975355	3.77031
389.965	0.975374	3.77043
390.199	0.975393	3.77054
390.434	0.975412	3.77066
390.668	0.97543	3.77078
390.902	0.975449	3.77089
391.136	0.975468	3.77101
391.37	0.975486	3.77112
391.605	0.975505	3.77124
391.839	0.975524	3.77135
392.073	0.975543	3.77147
392.307	0.975561	3.77158
392.541	0.97558	3.7717
392.776	0.975599	3.77182
393.01	0.975617	3.77193
393.244	0.975636	3.77205
393.478	0.975654	3.77216
393.713	0.975673	3.77228
393.947	0.975692	3.77239
394.181	0.97571	3.77251
394.415	0.975729	3.77262
394.649	0.975748	3.77274
394.884	0.975766	3.77286
395.118	0.975785	3.77297
395.352	0.975803	3.77309
395.586	0.975822	3.7732
395.82	0.975841	3.77332
396.055	0.975859	3.77343
396.289	0.975878	3.77355
396.523	0.975896	3.77366
396.757	0.975915	3.77378
396.991	0.975933	3.77389
397.226	0.975952	3.77401
397.46	0.97597	3.77413
397.694	0.975989	3.77424
397.928	0.976007	3.77436
398.163	0.976026	3.77447
398.397	0.976044	3.77459
398.631	0.976063	3.7747
398.865	0.976081	3.77482
399.099	0.9761	3.77493
399.334	0.976118	3.77505
399.568	0.976137	3.77516
399.802	0.976155	3.77528
400.036	0.976174	3.7754
400.27	0.976192	3.77551
400.505	0.97621	3.77563
400.739	0.976229	3.77574
400.973	0.976247	3.77586
401.207	0.976266	3.77597
401.442	0.976284	3.77609
401.676	0.976302	3.7762
401.91	0.976321	3.77632
402.144	0.976339	3.77643
402.378	0.976358	3.77655
402.613	0.976376	3.77667
402.847	0.976394	3.77678
403.081	0.976413	3.7769
403.315	0.976431	3.77701
403.549	0.976449	3.77713
403.784	0.976468	3.77724
404.018	0.976486	3.77736
404.252	0.976504	3.77747
404.486	0.976522	3.77759
404.72	0.976541	3.7777
404.955	0.976559	3.77782
405.189	0.976577	3.77794
405.423	0.976596	3.77805
405.657	0.976614	3.77817
405.892	0.976632	3.77828
406.126	0.97665	3.7784
406.36	0.976669	3.77851
406.594	0.976687	3.77863
406.828	0.976705	3.77874
407.063	0.976723	3.77886
407.297	0.976742	3.77897
407.531	0.97676	3.77909
407.765	0.976778	3.7792
407.999	0.976796	3.77932
408.234	0.976814	3.77944
408.468	0.976833	3.77955
408.702	0.976851	3.77967
408.936	0.976869	3.77978
409.171	0.976887	3.7799
409.405	0.976905	3.78001
409.639	0.976923	3.78013
409.873	0.976941	3.78024
410.107	0.97696	3.78036
410.342	0.976978	3.78047
410.576	0.976996	3.78059
410.81	0.977014	3.7807
411.044	0.977032	3.78082
411.278	0.97705	3.78094
411.513	0.977068	3.78105
411.747	0.977086	3.78117
411.981	0.977104	3.78128
412.215	0.977122	3.7814
412.449	0.97714	3.78151
412.684	0.977158	3.78163
412.918	0.977177	3.78174
413.152	0.977195	3.78186
413.386	0.977213	3.78197
413.621	0.977231	3.78209
413.855	0.977249	3.7822
414.089	0.977267	3.78232
414.323	0.977285	3.78244
414.557	0.977303	3.78255
414.792	0.977321	3.78267
415.026	0.977339	3.78278
415.26	0.977357	3.7829
415.494	0.977375	3.78301
415.728	0.977392	3.78313
415.963	0.97741	3.78324
416.197	0.977428	3.78336
416.431	0.977446	3.78347
416.665	0.977464	3.78359
416.899	0.977482	3.7837
417.134	0.9775	3.78382
417.368	0.977518	3.78393
417.602	0.977536	3.78405
417.836	0.977554	3.78417
418.071	0.977572	3.78428
418.305	0.97759	3.7844
418.539	0.977607	3.78451
418.773	0.977625	3.78463
419.007	0.977643	3.78474
419.242	0.977661	3.78486
419.476	0.977679	3.78497
419.71	0.977697	3.78509
419.944	0.977715	3.7852
420.178	0.977732	3.78532
420.413	0.97775	3.78543
420.647	0.977768	3.78555
420.881	0.977786	3.78566
421.115	0.977804	3.78578
421.35	0.977821	3.78589
421.584	0.977839	3.78601
421.818	0.977857	3.78613
422.052	0.977875	3.78624
422.286	0.977892	3.78636
422.521	0.97791	3.78647
422.755	0.977928	3.78659
422.989	0.977946	3.7867
423.223	0.977963	3.78682
423.457	0.977981	3.78693
423.692	0.977999	3.78705
423.926	0.978017	3.78716
424.16	0.978034	3.78728
424.394	0.978052	3.78739
424.628	0.97807	3.78751
424.863	0.978087	3.78762
425.097	0.978105	3.78774
425.331	0.978123	3.78785
425.565	0.97814	3.78797
425.8	0.978158	3.78808
426.034	0.978176	3.7882
426.268	0.978193	3.78832
426.502	0.978211	3.78843
426.736	0.978229	3.78855
426.971	0.978246	3.78866
427.205	0.978264	3.78878
427.439	0.978281	3.78889
427.673	0.978299	3.78901
427.907	0.978317	3.78912
428.142	0.978334	3.78924
428.376	0.978352	3.78935
428.61	0.978369	3.78947
428.844	0.978387	3.78958
429.079	0.978404	3.7897
429.313	0.978422	3.78981
429.547	0.97844	3.78993
429.781	0.978457	3.79004
430.015	0.978475	3.79016
430.25	0.978492	3.79027
430.484	0.97851	3.79039
430.718	0.978527	3.7905
430.952	0.978545	3.79062
431.186	0.978562	3.79074
431.421	0.97858	3.79085
431.655	0.978597	3.79097
431.889	0.978615	3.79108
432.123	0.978632	3.7912
432.357	0.97865	3.79131
432.592	0.978667	3.79143
432.826	0.978685	3.79154
433.06	0.978702	3.79166
433.294	0.978719	3.79177
433.529	0.978737	3.79189
433.763	0.978754	3.792
433.997	0.978772	3.79212
434.231	0.978789	3.79223
434.465	0.978806	3.79235
434.7	0.978824	3.79246
434.934	0.978841	3.79258
435.168	0.978859	3.79269
435.402	0.978876	3.79281
435.636	0.978893	3.79292
435.871	0.978911	3.79304
436.105	0.978928	3.79315
436.339	0.978945	3.79327
436.573	0.978963	3.79338
436.808	0.97898	3.7935
437.042	0.978997	3.79362
437.276	0.979015	3.79373
437.51	0.979032	3.79385
437.744	0.979049	3.79396
437.979	0.979067	3.79408
438.213	0.979084	3.79419
438.447	0.979101	3.79431
438.681	0.979119	3.79442
438.915	0.979136	3.79454
439.15	0.979153	3.79465
439.384	0.97917	3.79477
439.618	0.979188	3.79488
439.852	0.979205	3.795
440.086	0.979222	3.79511
440.321	0.979239	3.79523
440.555	0.979257	3.79534
440.789	0.979274	3.79546
441.023	0.979291	3.79557
441.258	0.979308	3.79569
441.492	0.979325	3.7958
441.726	0.979343	3.79592
441.96	0.97936	3.79603
442.194	0.979377	3.79615
442.429	0.979394	3.79626
442.663	0.979411	3.79638
442.897	0.979428	3.79649
443.131	0.979446	3.79661
443.365	0.979463	3.79672
443.6	0.97948	3.79684
443.834	0.979497	3.79695
444.068	0.979514	3.79707
444.302	0.979531	3.79718
444.537	0.979548	3.7973
444.771	0.979565	3.79742
445.005	0.979583	3.79753
445.239	0.9796	3.79765
445.473	0.979617	3.79776
445.708	0.979634	3.79788
445.942	0.979651	3.79799
446.176	0.979668	3.79811
446.41	0.979685	3.79822
446.644	0.979702	3.79834
446.879	0.979719	3.79845
447.113	0.979736	3.79857
447.347	0.979753	3.79868
447.581	0.97977	3.7988
447.815	0.979787	3.79891
448.05	0.979804	3.79903
448.284	0.979821	3.79914
448.518	0.979838	3.79926
448.752	0.979855	3.79937
448.987	0.979872	3.79949
449.221	0.979889	3.7996
449.455	0.979906	3.79972
449.689	0.979923	3.79983
449.923	0.97994	3.79995
450.158	0.979957	3.80006
450.392	0.979974	3.80018
450.626	0.979991	3.80029
450.86	0.980008	3.80041
451.094	0.980025	3.80052
451.329	0.980042	3.80064
451.563	0.980059	3.80075
451.797	0.980076	3.80087
452.031	0.980092	3.80098
452.265	0.980109	3.8011
452.5	0.980126	3.80121
452.734	0.980143	3.80133
452.968	0.98016	3.80144
453.202	0.980177	3.80156
453.437	0.980194	3.80167
453.671	0.980211	3.80179
453.905	0.980227	3.8019
454.139	0.980244	3.80202
454.373	0.980261	3.80213
454.608	0.980278	3.80225
454.842	0.980295	3.80236
455.076	0.980312	3.80248
455.31	0.980328	3.80259
455.544	0.980345	3.80271
455.779	0.980362	3.80282
456.013	0.980379	3.80294
456.247	0.980396	3.80306
456.481	0.980412	3.80317
456.716	0.980429	3.80329
456.95	0.980446	3.8034
457.184	0.980463	3.80352
457.418	0.980479	3.80363
457.652	0.980496	3.80375
457.887	0.980513	3.80386
458.121	0.98053	3.80398
458.355	0.980546	3.80409
458.589	0.980563	3.80421
458.823	0.98058	3.80432
459.058	0.980596	3.80444
459.292	0.980613	3.80455
459.526	0.98063	3.80467
459.76	0.980646	3.80478
459.994	0.980663	3.8049
460.229	0.98068	3.80501
460.463	0.980696	3.80513
460.697	0.980713	3.80524
460.931	0.98073	3.80536
461.166	0.980746	3.80547
461.4	0.980763	3.80559
461.634	0.98078	3.8057
461.868	0.980796	3.80582
462.102	0.980813	3.80593
462.337	0.98083	3.80605
462.571	0.980846	3.80616
462.805	0.980863	3.80628
463.039	0.980879	3.80639
463.273	0.980896	3.80651
463.508	0.980913	3.80662
463.742	0.980929	3.80674
463.976	0.980946	3.80685
464.21	0.980962	3.80697
464.445	0.980979	3.80708
464.679	0.980995	3.8072
464.913	0.981012	3.80731
465.147	0.981028	3.80743
465.381	0.981045	3.80754
465.616	0.981061	3.80766
465.85	0.981078	3.80777
466.084	0.981095	3.80789
466.318	0.981111	3.808
466.552	0.981128	3.80812
466.787	0.981144	3.80823
467.021	0.981161	3.80835
467.255	0.981177	3.80846
467.489	0.981193	3.80858
467.723	0.98121	3.80869
467.958	0.981226	3.80881
468.192	0.981243	3.80892
468.426	0.981259	3.80904
468.66	0.981276	3.80915
468.895	0.981292	3.80927
469.129	0.981309	3.80938
469.363	0.981325	3.8095
469.597	0.981341	3.80961
469.831	0.981358	3.80973
470.066	0.981374	3.80984
470.3	0.981391	3.80996
470.534	0.981407	3.81007
470.768	0.981423	3.81019
471.002	0.98144	3.8103
471.237	0.981456	3.81042
471.471	0.981473	3.81053
471.705	0.981489	3.81065
471.939	0.981505	3.81076
472.174	0.981522	3.81088
472.408	0.981538	3.81099
472.642	0.981554	3.81111
472.876	0.981571	3.81122
473.11	0.981587	3.81134
473.345	0.981603	3.81145
473.579	0.98162	3.81157
473.813	0.981636	3.81168
474.047	0.981652	3.8118
474.281	0.981668	3.81191
474.516	0.981685	3.81203
474.75	0.981701	3.81214
474.984	0.981717	3.81226
475.218	0.981733	3.81237
475.452	0.98175	3.81249
475.687	0.981766	3.8126
475.921	0.981782	3.81272
476.155	0.981798	3.81283
476.389	0.981815	3.81295
476.624	0.981831	3.81306
476.858	0.981847	3.81318
477.092	0.981863	3.81329
477.326	0.98188	3.81341
477.56	0.981896	3.81352
477.795	0.981912	3.81364
478.029	0.981928	3.81375
478.263	0.981944	3.81387
478.497	0.981961	3.81398
478.731	0.981977	3.8141
478.966	0.981993	3.81421
479.2	0.982009	3.81433
479.434	0.982025	3.81444
479.668	0.982041	3.81456
479.902	0.982057	3.81467
480.137	0.982074	3.81479
480.371	0.98209	3.8149
480.605	0.982106	3.81502
480.839	0.982122	3.81513
481.074	0.982138	3.81525
481.308	0.982154	3.81536
481.542	0.98217	3.81548
481.776	0.982186	3.81559
482.01	0.982202	3.81571
482.245	0.982218	3.81582
482.479	0.982235	3.81594
482.713	0.982251	3.81605
482.947	0.982267	3.81617
483.181	0.982283	3.81628
483.416	0.982299	3.8164
483.65	0.982315	3.81651
483.884	0.982331	3.81663
484.118	0.982347	3.81674
484.353	0.982363	3.81686
484.587	0.982379	3.81697
484.821	0.982395	3.81709
485.055	0.982411	3.8172
485.289	0.982427	3.81732
485.524	0.982443	3.81743
485.758	0.982459	3.81755
485.992	0.982475	3.81766
486.226	0.982491	3.81778
486.46	0.982507	3.81789
486.695	0.982523	3.81801
486.929	0.982539	3.81812
487.163	0.982555	3.81824
487.397	0.982571	3.81835
487.631	0.982587	3.81847
487.866	0.982602	3.81858
488.1	0.982618	3.8187
488.334	0.982634	3.81881
488.568	0.98265	3.81893
488.803	0.982666	3.81904
489.037	0.982682	3.81916
489.271	0.982698	3.81927
489.505	0.982714	3.81939
489.739	0.98273	3.8195
489.974	0.982746	3.81962
490.208	0.982761	3.81973
490.442	0.982777	3.81985
490.676	0.982793	3.81996
490.91	0.982809	3.82007
491.145	0.982825	3.82019
491.379	0.982841	3.8203
491.613	0.982856	3.82042
491.847	0.982872	3.82053
492.082	0.982888	3.82065
492.316	0.982904	3.82076
492.55	0.98292	3.82088
492.784	0.982936	3.82099
493.018	0.982951	3.82111
493.253	0.982967	3.82122
493.487	0.982983	3.82134
493.721	0.982999	3.82145
493.955	0.983014	3.82157
494.189	0.98303	3.82168
494.424	0.983046	3.8218
494.658	0.983062	3.82191
494.892	0.983077	3.82203
495.126	0.983093	3.82214
495.36	0.983109	3.82226
495.595	0.983125	3.82237
495.829	0.98314	3.82249
496.063	0.983156	3.8226
496.297	0.983172	3.82272
496.532	0.983187	3.82283
496.766	0.983203	3.82295
497	0.983219	3.82306
497.234	0.983235	3.82318
497.468	0.98325	3.82329
497.703	0.983266	3.82341
497.937	0.983282	3.82352
498.171	0.983297	3.82364
498.405	0.983313	3.82375
498.639	0.983329	3.82387
498.874	0.983344	3.82398
499.108	0.98336	3.8241
499.342	0.983375	3.82421
499.576	0.983391	3.82433
499.811	0.983407	3.82444
