0	1.00149	3.55791
0	1.00149	3.55791
0.165613	1.0017	3.55827
0.331226	1.00228	3.55927
0.498495	1.00313	3.56075
0.664107	1.00413	3.56251
0.82972	1.00517	3.56437
0.995333	1.00614	3.56615
1.15929	1.00697	3.56767
1.3249	1.00762	3.56887
1.49052	1.00804	3.5697
1.65613	1.00823	3.57014
1.82174	1.00821	3.5702
1.98735	1.00799	3.56994
2.15297	1.00763	3.56945
2.31858	1.00717	3.56881
2.48419	1.00667	3.56812
2.6498	1.00617	3.56745
2.81542	1.00571	3.56686
2.98103	1.0053	3.5664
3.14664	1.00497	3.56608
3.31226	1.00472	3.56593
3.47787	1.00455	3.56592
3.64348	1.00444	3.56605
3.80909	1.00439	3.56629
3.97471	1.00438	3.56661
4.14032	1.00439	3.56699
4.30593	1.0044	3.5674
4.47155	1.0044	3.5678
4.63716	1.00437	3.56816
4.80277	1.00429	3.56846
4.96838	1.00417	3.56867
5.134	1.004	3.56882
5.29961	1.00378	3.5689
5.46522	1.00353	3.56892
5.63084	1.00325	3.56891
5.79645	1.00296	3.56888
5.96206	1.00265	3.56885
6.12767	1.00234	3.56883
6.29329	1.00203	3.56883
6.4589	1.00173	3.56885
6.62451	1.00144	3.56888
6.79013	1.00115	3.56894
6.95574	1.00088	3.56903
7.12135	1.00061	3.56915
7.28696	1.00035	3.56928
7.45258	1.00009	3.56944
7.61819	0.99983	3.56961
7.7838	0.999569	3.56978
7.94941	0.999302	3.56995
8.11503	0.999025	3.57011
8.28064	0.998737	3.57026
8.44625	0.998436	3.5704
8.61187	0.998124	3.57052
8.77748	0.997802	3.57063
8.94475	0.997469	3.57074
9.11036	0.997132	3.57084
9.27597	0.996789	3.57094
9.44159	0.996443	3.57104
9.6072	0.996093	3.57114
9.77281	0.995741	3.57124
9.93842	0.995388	3.57135
10.104	0.995034	3.57146
10.2697	0.99468	3.57157
10.4353	0.994327	3.57169
10.6009	0.993973	3.57182
10.7665	0.99362	3.57195
10.9321	0.993266	3.57208
11.0977	0.992911	3.57222
11.2633	0.992554	3.57236
11.4289	0.992195	3.57249
11.5946	0.991833	3.57263
11.7602	0.991468	3.57276
11.9258	0.991101	3.57289
12.0914	0.990732	3.57302
12.257	0.990361	3.57314
12.4226	0.989989	3.57327
12.5882	0.989615	3.57339
12.7538	0.98924	3.57352
12.9195	0.988865	3.57364
13.0851	0.988489	3.57376
13.2507	0.988113	3.57389
13.4163	0.987737	3.57401
13.5819	0.987361	3.57414
13.7475	0.986986	3.57426
13.9131	0.986612	3.57439
14.0787	0.986239	3.57452
14.2444	0.985867	3.57464
14.41	0.985495	3.57477
14.5756	0.985124	3.5749
14.7412	0.984754	3.57503
14.9068	0.984385	3.57516
15.0724	0.984016	3.57528
15.238	0.983648	3.57541
15.4036	0.983282	3.57554
15.5693	0.982916	3.57566
15.7349	0.982552	3.57579
15.9005	0.982188	3.57591
16.0661	0.981827	3.57603
16.2317	0.981467	3.57616
16.3973	0.981108	3.57628
16.5629	0.980751	3.5764
16.7286	0.980396	3.57652
16.8942	0.980043	3.57664
17.0598	0.979692	3.57676
17.2254	0.979343	3.57688
17.391	0.978997	3.57701
17.5566	0.978653	3.57713
17.7222	0.978311	3.57725
17.8878	0.977971	3.57736
18.0535	0.977634	3.57748
18.2191	0.977299	3.5776
18.3847	0.976966	3.57772
18.5503	0.976636	3.57784
18.7159	0.976309	3.57795
18.8815	0.975984	3.57807
19.0471	0.975662	3.57818
19.2127	0.975342	3.5783
19.3784	0.975026	3.57841
19.544	0.974712	3.57852
19.7096	0.9744	3.57864
19.8752	0.974092	3.57875
20.0408	0.973786	3.57886
20.2064	0.973484	3.57897
20.372	0.973184	3.57908
20.5376	0.972887	3.57919
20.7033	0.972594	3.5793
20.8689	0.972303	3.57941
21.0345	0.972015	3.57952
21.2001	0.971731	3.57962
21.3657	0.971449	3.57973
21.5313	0.971171	3.57984
21.6969	0.970895	3.57994
21.8625	0.970623	3.58005
22.0282	0.970354	3.58015
22.1938	0.970088	3.58025
22.3594	0.969825	3.58036
22.525	0.969565	3.58046
22.6906	0.969308	3.58056
22.8562	0.969055	3.58066
23.0218	0.968804	3.58076
23.1874	0.968557	3.58086
23.3531	0.968313	3.58096
23.5187	0.968072	3.58106
23.6843	0.967834	3.58116
23.8499	0.967599	3.58125
24.0155	0.967367	3.58135
24.1811	0.967138	3.58144
24.3467	0.966913	3.58154
24.5124	0.96669	3.58163
24.678	0.966471	3.58173
24.8436	0.966254	3.58182
25.0092	0.966041	3.58191
25.1748	0.965831	3.58201
25.3404	0.965624	3.5821
25.506	0.965419	3.58219
25.6716	0.965218	3.58228
25.8373	0.965019	3.58237
26.0029	0.964824	3.58246
26.1685	0.964632	3.58255
26.3341	0.964442	3.58263
26.4997	0.964255	3.58272
26.6653	0.964071	3.58281
26.8309	0.96389	3.5829
26.9965	0.963712	3.58298
27.1622	0.963536	3.58307
27.3278	0.963364	3.58315
27.4934	0.963194	3.58324
27.659	0.963027	3.58332
27.8246	0.962862	3.5834
27.9902	0.9627	3.58348
28.1558	0.962541	3.58357
28.3214	0.962384	3.58365
28.4871	0.96223	3.58373
28.6527	0.962079	3.58381
28.8183	0.96193	3.58389
28.9839	0.961784	3.58397
29.1495	0.96164	3.58405
29.3151	0.961498	3.58413
29.4807	0.961359	3.58421
29.6463	0.961223	3.58428
29.812	0.961089	3.58436
29.9776	0.960957	3.58444
30.1432	0.960827	3.58451
30.3088	0.9607	3.58459
30.4744	0.960575	3.58466
30.64	0.960452	3.58474
30.8056	0.960332	3.58481
30.9713	0.960214	3.58489
31.1369	0.960098	3.58496
31.3025	0.959983	3.58503
31.4681	0.959872	3.58511
31.6337	0.959762	3.58518
31.7993	0.959654	3.58525
31.9649	0.959548	3.58532
32.1305	0.959444	3.5854
32.2962	0.959343	3.58547
32.4618	0.959243	3.58554
32.6274	0.959145	3.58561
32.793	0.959049	3.58568
32.9586	0.958955	3.58575
33.1242	0.958862	3.58582
33.2898	0.958772	3.58588
33.4554	0.958683	3.58595
33.6211	0.958596	3.58602
33.7867	0.958511	3.58609
33.9523	0.958427	3.58616
34.1179	0.958345	3.58622
34.2835	0.958265	3.58629
34.4491	0.958187	3.58636
34.6147	0.95811	3.58642
34.7803	0.958034	3.58649
34.946	0.95796	3.58655
35.1116	0.957888	3.58662
35.2772	0.957817	3.58668
35.4428	0.957748	3.58675
35.6084	0.95768	3.58681
35.774	0.957614	3.58688
35.9396	0.957549	3.58694
36.1052	0.957485	3.58701
36.2709	0.957423	3.58707
36.4365	0.957362	3.58713
36.6021	0.957302	3.58719
36.7677	0.957244	3.58726
36.9333	0.957187	3.58732
37.0989	0.957132	3.58738
37.2645	0.957077	3.58744
37.4302	0.957024	3.58751
37.5958	0.956972	3.58757
37.7614	0.956921	3.58763
37.927	0.956872	3.58769
38.0926	0.956823	3.58775
38.2582	0.956776	3.58781
38.4238	0.956729	3.58787
38.5894	0.956684	3.58793
38.7534	0.95664	3.58799
38.919	0.956597	3.58805
39.0846	0.956555	3.58811
39.2502	0.956514	3.58817
39.4158	0.956474	3.58823
39.5815	0.956435	3.58829
39.7471	0.956397	3.58835
39.9127	0.95636	3.5884
40.0783	0.956324	3.58846
40.2439	0.956288	3.58852
40.4095	0.956254	3.58858
40.5751	0.956221	3.58864
40.7408	0.956188	3.58869
40.9064	0.956156	3.58875
41.072	0.956125	3.58881
41.2376	0.956095	3.58887
41.4032	0.956066	3.58892
41.5688	0.956037	3.58898
41.7344	0.956009	3.58904
41.9	0.955982	3.58909
42.0657	0.955956	3.58915
42.2313	0.95593	3.58921
42.3969	0.955906	3.58926
42.5625	0.955882	3.58932
42.7281	0.955858	3.58938
42.8937	0.955835	3.58943
43.0593	0.955813	3.58949
43.2249	0.955792	3.58954
43.3906	0.955771	3.5896
43.5562	0.955751	3.58965
43.7218	0.955732	3.58971
43.8874	0.955713	3.58976
44.053	0.955695	3.58982
44.2186	0.955677	3.58987
44.3842	0.95566	3.58993
44.5498	0.955643	3.58998
44.7155	0.955627	3.59004
44.8811	0.955612	3.59009
45.0467	0.955597	3.59015
45.2123	0.955583	3.5902
45.3779	0.955569	3.59026
45.5435	0.955555	3.59031
45.7091	0.955542	3.59036
45.8747	0.95553	3.59042
46.0404	0.955518	3.59047
46.206	0.955507	3.59052
46.3716	0.955496	3.59058
46.5372	0.955485	3.59063
46.7028	0.955475	3.59068
46.8684	0.955466	3.59074
47.034	0.955457	3.59079
47.1997	0.955448	3.59084
47.3653	0.955439	3.5909
47.5309	0.955431	3.59095
47.6965	0.955424	3.591
47.8621	0.955417	3.59106
48.0277	0.95541	3.59111
48.1933	0.955403	3.59116
48.3589	0.955397	3.59121
48.5246	0.955392	3.59127
48.6902	0.955386	3.59132
48.8558	0.955381	3.59137
49.0214	0.955377	3.59142
49.187	0.955372	3.59148
49.3526	0.955368	3.59153
49.5182	0.955365	3.59158
49.6838	0.955361	3.59163
49.8495	0.955358	3.59168
50.0151	0.955355	3.59174
50.1807	0.955353	3.59179
50.3463	0.955351	3.59184
50.5119	0.955349	3.59189
50.6775	0.955347	3.59194
50.8431	0.955346	3.592
51.0087	0.955345	3.59205
51.1744	0.955344	3.5921
51.34	0.955343	3.59215
51.5056	0.955343	3.5922
51.6712	0.955343	3.59225
51.8368	0.955343	3.5923
52.0024	0.955344	3.59236
52.168	0.955344	3.59241
52.3336	0.955345	3.59246
52.4993	0.955346	3.59251
52.6649	0.955347	3.59256
52.8305	0.955349	3.59261
52.9961	0.955351	3.59266
53.1617	0.955353	3.59271
53.3273	0.955355	3.59277
53.4929	0.955357	3.59282
53.6586	0.95536	3.59287
53.8242	0.955362	3.59292
53.9898	0.955365	3.59297
54.1554	0.955368	3.59302
54.321	0.955372	3.59307
54.4866	0.955375	3.59312
54.6522	0.955379	3.59317
54.8178	0.955382	3.59322
54.9835	0.955386	3.59327
55.1491	0.955391	3.59332
55.3147	0.955395	3.59337
55.4803	0.955399	3.59342
55.6459	0.955404	3.59347
55.8115	0.955409	3.59353
55.9771	0.955413	3.59358
56.1427	0.955418	3.59363
56.3084	0.955424	3.59368
56.474	0.955429	3.59373
56.6396	0.955434	3.59378
56.8052	0.95544	3.59383
56.9708	0.955446	3.59388
57.1364	0.955451	3.59393
57.302	0.955457	3.59398
57.4676	0.955463	3.59403
57.6333	0.955469	3.59408
57.7989	0.955476	3.59413
57.9645	0.955482	3.59418
58.1301	0.955489	3.59423
58.2957	0.955495	3.59428
58.4613	0.955502	3.59433
58.6269	0.955509	3.59438
58.7925	0.955516	3.59443
58.9582	0.955523	3.59448
59.1238	0.95553	3.59453
59.2894	0.955537	3.59458
59.455	0.955545	3.59463
59.6206	0.955552	3.59468
59.7862	0.95556	3.59473
59.9518	0.955567	3.59478
60.1175	0.955575	3.59483
60.2831	0.955583	3.59488
60.4487	0.955591	3.59493
60.6143	0.955598	3.59498
60.7799	0.955606	3.59503
60.9455	0.955615	3.59508
61.1111	0.955623	3.59513
61.2767	0.955631	3.59518
61.4424	0.955639	3.59523
61.608	0.955648	3.59527
61.7736	0.955656	3.59532
61.9392	0.955665	3.59537
62.1048	0.955673	3.59542
62.2704	0.955682	3.59547
62.436	0.955691	3.59552
62.6016	0.9557	3.59557
62.7673	0.955708	3.59562
62.9329	0.955717	3.59567
63.0985	0.955726	3.59572
63.2641	0.955735	3.59577
63.4297	0.955744	3.59582
63.5953	0.955754	3.59587
63.7609	0.955763	3.59592
63.9265	0.955772	3.59597
64.0922	0.955781	3.59602
64.2578	0.955791	3.59607
64.4234	0.9558	3.59612
64.589	0.95581	3.59617
64.7546	0.955819	3.59621
64.9202	0.955829	3.59626
65.0858	0.955838	3.59631
65.2514	0.955848	3.59636
65.4171	0.955858	3.59641
65.5827	0.955867	3.59646
65.7483	0.955877	3.59651
65.9139	0.955887	3.59656
66.0795	0.955897	3.59661
66.2451	0.955907	3.59666
66.4107	0.955917	3.59671
66.5764	0.955927	3.59676
66.742	0.955937	3.59681
66.9076	0.955947	3.59685
67.0732	0.955957	3.5969
67.2388	0.955967	3.59695
67.4044	0.955977	3.597
67.57	0.955987	3.59705
67.7356	0.955997	3.5971
67.9013	0.956008	3.59715
68.0669	0.956018	3.5972
68.2325	0.956028	3.59725
68.3981	0.956038	3.5973
68.5637	0.956049	3.59735
68.7293	0.956059	3.5974
68.8949	0.95607	3.59744
69.0605	0.95608	3.59749
69.2262	0.956091	3.59754
69.3918	0.956101	3.59759
69.5574	0.956112	3.59764
69.723	0.956122	3.59769
69.8886	0.956133	3.59774
70.0542	0.956143	3.59779
70.2198	0.956154	3.59784
70.3854	0.956164	3.59789
70.5511	0.956175	3.59793
70.7167	0.956186	3.59798
70.8823	0.956197	3.59803
71.0479	0.956207	3.59808
71.2135	0.956218	3.59813
71.3791	0.956229	3.59818
71.5447	0.956239	3.59823
71.7103	0.95625	3.59828
71.876	0.956261	3.59833
72.0416	0.956272	3.59838
72.2072	0.956283	3.59842
72.3728	0.956294	3.59847
72.5384	0.956304	3.59852
72.704	0.956315	3.59857
72.8696	0.956326	3.59862
73.0353	0.956337	3.59867
73.2009	0.956348	3.59872
73.3665	0.956359	3.59877
73.5321	0.95637	3.59882
73.6977	0.956381	3.59886
73.8633	0.956392	3.59891
74.0289	0.956403	3.59896
74.1945	0.956414	3.59901
74.3602	0.956425	3.59906
74.5258	0.956436	3.59911
74.6914	0.956447	3.59916
74.857	0.956458	3.59921
75.0226	0.956469	3.59925
75.1882	0.95648	3.5993
75.3538	0.956491	3.59935
75.5194	0.956503	3.5994
75.6851	0.956514	3.59945
75.8507	0.956525	3.5995
76.0163	0.956536	3.59955
76.1819	0.956547	3.5996
76.3475	0.956558	3.59965
76.5131	0.956569	3.59969
76.6787	0.95658	3.59974
76.8443	0.956592	3.59979
77.01	0.956603	3.59984
77.1756	0.956614	3.59989
77.3412	0.956625	3.59994
77.5068	0.956636	3.59999
77.6724	0.956648	3.60003
77.838	0.956659	3.60008
78.0036	0.95667	3.60013
78.1692	0.956681	3.60018
78.3349	0.956692	3.60023
78.5005	0.956704	3.60028
78.6661	0.956715	3.60033
78.8317	0.956726	3.60038
78.9973	0.956737	3.60042
79.1629	0.956749	3.60047
79.3285	0.95676	3.60052
79.4941	0.956771	3.60057
79.6598	0.956782	3.60062
79.8254	0.956794	3.60067
79.991	0.956805	3.60072
80.1583	0.956816	3.60077
80.3239	0.956828	3.60081
80.4895	0.956839	3.60086
80.6551	0.95685	3.60091
80.8207	0.956862	3.60096
80.9863	0.956873	3.60101
81.1519	0.956884	3.60106
81.3175	0.956895	3.60111
81.4832	0.956907	3.60115
81.6488	0.956918	3.6012
81.8144	0.956929	3.60125
81.98	0.956941	3.6013
82.1456	0.956952	3.60135
82.3112	0.956963	3.6014
82.4768	0.956975	3.60145
82.6424	0.956986	3.60149
82.8081	0.956997	3.60154
82.9737	0.957009	3.60159
83.1393	0.95702	3.60164
83.3049	0.957031	3.60169
83.4705	0.957043	3.60174
83.6361	0.957054	3.60179
83.8017	0.957065	3.60184
83.9674	0.957077	3.60188
84.133	0.957088	3.60193
84.2986	0.957099	3.60198
84.4642	0.957111	3.60203
84.6298	0.957122	3.60208
84.7954	0.957133	3.60213
84.961	0.957145	3.60217
85.1266	0.957156	3.60222
85.2923	0.957167	3.60227
85.4579	0.957179	3.60232
85.6235	0.95719	3.60237
85.7891	0.957201	3.60242
85.9547	0.957213	3.60247
86.1203	0.957224	3.60251
86.2859	0.957235	3.60256
86.4515	0.957247	3.60261
86.6172	0.957258	3.60266
86.7828	0.957269	3.60271
86.9484	0.957281	3.60276
87.114	0.957292	3.60281
87.2796	0.957303	3.60285
87.4452	0.957315	3.6029
87.6108	0.957326	3.60295
87.7764	0.957337	3.603
87.9421	0.957349	3.60305
88.1077	0.95736	3.6031
88.2733	0.957371	3.60314
88.4389	0.957383	3.60319
88.6045	0.957394	3.60324
88.7701	0.957405	3.60329
88.9357	0.957417	3.60334
89.1013	0.957428	3.60339
89.267	0.957439	3.60344
89.4326	0.957451	3.60348
89.5982	0.957462	3.60353
89.7638	0.957473	3.60358
89.9294	0.957485	3.60363
90.095	0.957496	3.60368
90.2606	0.957507	3.60373
90.4263	0.957519	3.60377
90.5919	0.95753	3.60382
90.7575	0.957541	3.60387
90.9231	0.957552	3.60392
91.0887	0.957564	3.60397
91.2543	0.957575	3.60402
91.4199	0.957586	3.60406
91.5855	0.957598	3.60411
91.7512	0.957609	3.60416
91.9168	0.95762	3.60421
92.0824	0.957632	3.60426
92.248	0.957643	3.60431
92.4136	0.957654	3.60436
92.5792	0.957665	3.6044
92.7448	0.957677	3.60445
92.9104	0.957688	3.6045
93.0761	0.957699	3.60455
93.2417	0.957711	3.6046
93.4073	0.957722	3.60465
93.5729	0.957733	3.60469
93.7385	0.957744	3.60474
93.9041	0.957756	3.60479
94.0697	0.957767	3.60484
94.2353	0.957778	3.60489
94.401	0.957789	3.60494
94.5666	0.957801	3.60498
94.7322	0.957812	3.60503
94.8978	0.957823	3.60508
95.0634	0.957834	3.60513
95.229	0.957846	3.60518
95.3946	0.957857	3.60523
95.5602	0.957868	3.60527
95.7259	0.957879	3.60532
95.8915	0.957891	3.60537
96.0571	0.957902	3.60542
96.2227	0.957913	3.60547
96.3883	0.957924	3.60552
96.5539	0.957936	3.60556
96.7195	0.957947	3.60561
96.8852	0.957958	3.60566
97.0508	0.957969	3.60571
97.2164	0.957981	3.60576
97.382	0.957992	3.60581
97.5476	0.958003	3.60585
97.7132	0.958014	3.6059
97.8788	0.958025	3.60595
98.0444	0.958037	3.606
98.2101	0.958048	3.60605
98.3757	0.958059	3.60609
98.5413	0.95807	3.60614
98.7069	0.958081	3.60619
98.8725	0.958093	3.60624
99.0381	0.958104	3.60629
99.2037	0.958115	3.60634
99.3693	0.958126	3.60638
99.535	0.958137	3.60643
99.7006	0.958149	3.60648
99.8662	0.95816	3.60653
100.032	0.958171	3.60658
100.197	0.958182	3.60663
100.363	0.958193	3.60667
100.529	0.958204	3.60672
100.694	0.958216	3.60677
100.86	0.958227	3.60682
101.025	0.958238	3.60687
101.191	0.958249	3.60691
101.357	0.95826	3.60696
101.522	0.958271	3.60701
101.688	0.958282	3.60706
101.854	0.958294	3.60711
102.019	0.958305	3.60716
102.185	0.958316	3.6072
102.35	0.958327	3.60725
102.516	0.958338	3.6073
102.682	0.958349	3.60735
102.847	0.95836	3.6074
103.013	0.958371	3.60744
103.178	0.958383	3.60749
103.344	0.958394	3.60754
103.51	0.958405	3.60759
103.675	0.958416	3.60764
103.841	0.958427	3.60769
104.007	0.958438	3.60773
104.172	0.958449	3.60778
104.338	0.95846	3.60783
104.503	0.958471	3.60788
104.669	0.958482	3.60793
104.835	0.958494	3.60797
105	0.958505	3.60802
105.166	0.958516	3.60807
105.331	0.958527	3.60812
105.497	0.958538	3.60817
105.663	0.958549	3.60822
105.828	0.95856	3.60826
105.994	0.958571	3.60831
106.159	0.958582	3.60836
106.325	0.958593	3.60841
106.491	0.958604	3.60846
106.656	0.958615	3.6085
106.822	0.958626	3.60855
106.988	0.958637	3.6086
107.153	0.958648	3.60865
107.319	0.958659	3.6087
107.484	0.95867	3.60874
107.65	0.958682	3.60879
107.816	0.958693	3.60884
107.981	0.958704	3.60889
108.147	0.958715	3.60894
108.312	0.958726	3.60898
108.478	0.958737	3.60903
108.644	0.958748	3.60908
108.809	0.958759	3.60913
108.975	0.95877	3.60918
109.14	0.958781	3.60923
109.306	0.958792	3.60927
109.472	0.958803	3.60932
109.637	0.958814	3.60937
109.803	0.958825	3.60942
109.969	0.958836	3.60947
110.134	0.958847	3.60951
110.3	0.958858	3.60956
110.465	0.958869	3.60961
110.631	0.958879	3.60966
110.797	0.95889	3.60971
110.962	0.958901	3.60975
111.128	0.958912	3.6098
111.293	0.958923	3.60985
111.459	0.958934	3.6099
111.625	0.958945	3.60995
111.79	0.958956	3.60999
111.956	0.958967	3.61004
112.122	0.958978	3.61009
112.287	0.958989	3.61014
112.453	0.959	3.61019
112.618	0.959011	3.61023
112.784	0.959022	3.61028
112.95	0.959033	3.61033
113.115	0.959044	3.61038
113.281	0.959055	3.61043
113.446	0.959065	3.61047
113.612	0.959076	3.61052
113.778	0.959087	3.61057
113.943	0.959098	3.61062
114.109	0.959109	3.61067
114.274	0.95912	3.61071
114.44	0.959131	3.61076
114.606	0.959142	3.61081
114.771	0.959153	3.61086
114.937	0.959164	3.61091
115.103	0.959174	3.61095
115.268	0.959185	3.611
115.434	0.959196	3.61105
115.599	0.959207	3.6111
115.765	0.959218	3.61115
115.931	0.959229	3.61119
116.096	0.95924	3.61124
116.262	0.959251	3.61129
116.427	0.959261	3.61134
116.593	0.959272	3.61139
116.759	0.959283	3.61143
116.924	0.959294	3.61148
117.09	0.959305	3.61153
117.256	0.959316	3.61158
117.421	0.959326	3.61163
117.587	0.959337	3.61167
117.752	0.959348	3.61172
117.918	0.959359	3.61177
118.084	0.95937	3.61182
118.249	0.959381	3.61186
118.415	0.959391	3.61191
118.58	0.959402	3.61196
118.746	0.959413	3.61201
118.912	0.959424	3.61206
119.077	0.959435	3.6121
119.243	0.959445	3.61215
119.408	0.959456	3.6122
119.574	0.959467	3.61225
119.74	0.959478	3.6123
119.905	0.959489	3.61234
120.071	0.959499	3.61239
120.237	0.95951	3.61244
120.402	0.959521	3.61249
120.568	0.959532	3.61254
120.733	0.959543	3.61258
120.899	0.959553	3.61263
121.065	0.959564	3.61268
121.23	0.959575	3.61273
121.396	0.959586	3.61277
121.561	0.959596	3.61282
121.727	0.959607	3.61287
121.893	0.959618	3.61292
122.058	0.959629	3.61297
122.224	0.959639	3.61301
122.39	0.95965	3.61306
122.555	0.959661	3.61311
122.721	0.959672	3.61316
122.886	0.959682	3.61321
123.052	0.959693	3.61325
123.218	0.959704	3.6133
123.383	0.959715	3.61335
123.549	0.959725	3.6134
123.714	0.959736	3.61344
123.88	0.959747	3.61349
124.046	0.959757	3.61354
124.211	0.959768	3.61359
124.377	0.959779	3.61364
124.542	0.959789	3.61368
124.708	0.9598	3.61373
124.874	0.959811	3.61378
125.039	0.959822	3.61383
125.205	0.959832	3.61387
125.371	0.959843	3.61392
125.536	0.959854	3.61397
125.702	0.959864	3.61402
125.867	0.959875	3.61407
126.033	0.959886	3.61411
126.199	0.959896	3.61416
126.364	0.959907	3.61421
126.53	0.959918	3.61426
126.695	0.959928	3.6143
126.861	0.959939	3.61435
127.027	0.95995	3.6144
127.192	0.95996	3.61445
127.358	0.959971	3.6145
127.524	0.959982	3.61454
127.689	0.959992	3.61459
127.855	0.960003	3.61464
128.02	0.960013	3.61469
128.186	0.960024	3.61473
128.352	0.960035	3.61478
128.517	0.960045	3.61483
128.683	0.960056	3.61488
128.848	0.960067	3.61493
129.014	0.960077	3.61497
129.18	0.960088	3.61502
129.345	0.960098	3.61507
129.511	0.960109	3.61512
129.676	0.96012	3.61516
129.842	0.96013	3.61521
130.008	0.960141	3.61526
130.173	0.960151	3.61531
130.339	0.960162	3.61536
130.505	0.960173	3.6154
130.67	0.960183	3.61545
130.836	0.960194	3.6155
131.001	0.960204	3.61555
131.167	0.960215	3.61559
131.333	0.960225	3.61564
131.498	0.960236	3.61569
131.664	0.960247	3.61574
131.829	0.960257	3.61578
131.995	0.960268	3.61583
132.161	0.960278	3.61588
132.326	0.960289	3.61593
132.492	0.960299	3.61598
132.658	0.96031	3.61602
132.823	0.96032	3.61607
132.989	0.960331	3.61612
133.154	0.960341	3.61617
133.32	0.960352	3.61621
133.486	0.960363	3.61626
133.651	0.960373	3.61631
133.817	0.960384	3.61636
133.982	0.960394	3.6164
134.148	0.960405	3.61645
134.314	0.960415	3.6165
134.479	0.960426	3.61655
134.645	0.960436	3.61659
134.81	0.960447	3.61664
134.976	0.960457	3.61669
135.142	0.960468	3.61674
135.307	0.960478	3.61679
135.473	0.960489	3.61683
135.639	0.960499	3.61688
135.804	0.96051	3.61693
135.97	0.96052	3.61698
136.135	0.960531	3.61702
136.301	0.960541	3.61707
136.467	0.960552	3.61712
136.632	0.960562	3.61717
136.798	0.960572	3.61721
136.963	0.960583	3.61726
137.129	0.960593	3.61731
137.295	0.960604	3.61736
137.46	0.960614	3.6174
137.626	0.960625	3.61745
137.792	0.960635	3.6175
137.957	0.960646	3.61755
138.123	0.960656	3.61759
138.288	0.960667	3.61764
138.454	0.960677	3.61769
138.62	0.960687	3.61774
138.785	0.960698	3.61778
138.951	0.960708	3.61783
139.116	0.960719	3.61788
139.282	0.960729	3.61793
139.448	0.96074	3.61798
139.613	0.96075	3.61802
139.779	0.96076	3.61807
139.944	0.960771	3.61812
140.11	0.960781	3.61817
140.276	0.960792	3.61821
140.441	0.960802	3.61826
140.607	0.960812	3.61831
140.773	0.960823	3.61836
140.938	0.960833	3.6184
141.104	0.960844	3.61845
141.269	0.960854	3.6185
141.435	0.960864	3.61855
141.601	0.960875	3.61859
141.766	0.960885	3.61864
141.932	0.960896	3.61869
142.097	0.960906	3.61874
142.263	0.960916	3.61878
142.429	0.960927	3.61883
142.594	0.960937	3.61888
142.76	0.960947	3.61893
142.926	0.960958	3.61897
143.091	0.960968	3.61902
143.257	0.960978	3.61907
143.422	0.960989	3.61912
143.588	0.960999	3.61916
143.754	0.961009	3.61921
143.919	0.96102	3.61926
144.085	0.96103	3.61931
144.25	0.96104	3.61935
144.416	0.961051	3.6194
144.582	0.961061	3.61945
144.747	0.961071	3.6195
144.913	0.961082	3.61954
145.078	0.961092	3.61959
145.244	0.961102	3.61964
145.41	0.961113	3.61969
145.575	0.961123	3.61973
145.741	0.961133	3.61978
145.907	0.961144	3.61983
146.072	0.961154	3.61988
146.238	0.961164	3.61992
146.403	0.961174	3.61997
146.569	0.961185	3.62002
146.735	0.961195	3.62007
146.9	0.961205	3.62011
147.066	0.961216	3.62016
147.231	0.961226	3.62021
147.397	0.961236	3.62025
147.563	0.961246	3.6203
147.728	0.961257	3.62035
147.894	0.961267	3.6204
148.06	0.961277	3.62044
148.225	0.961288	3.62049
148.391	0.961298	3.62054
148.556	0.961308	3.62059
148.722	0.961318	3.62063
148.888	0.961329	3.62068
149.053	0.961339	3.62073
149.217	0.961349	3.62078
149.383	0.961359	3.62082
149.548	0.961369	3.62087
149.714	0.96138	3.62092
149.88	0.96139	3.62097
150.045	0.9614	3.62101
150.211	0.96141	3.62106
150.376	0.961421	3.62111
150.542	0.961431	3.62116
150.708	0.961441	3.6212
150.873	0.961451	3.62125
151.039	0.961461	3.6213
151.204	0.961472	3.62134
151.37	0.961482	3.62139
151.536	0.961492	3.62144
151.701	0.961502	3.62149
151.867	0.961512	3.62153
152.033	0.961523	3.62158
152.198	0.961533	3.62163
152.364	0.961543	3.62168
152.529	0.961553	3.62172
152.695	0.961563	3.62177
152.861	0.961574	3.62182
153.026	0.961584	3.62187
153.192	0.961594	3.62191
153.357	0.961604	3.62196
153.523	0.961614	3.62201
153.689	0.961624	3.62206
153.854	0.961635	3.6221
154.02	0.961645	3.62215
154.186	0.961655	3.6222
154.351	0.961665	3.62224
154.517	0.961675	3.62229
154.682	0.961685	3.62234
154.848	0.961696	3.62239
155.014	0.961706	3.62243
155.179	0.961716	3.62248
155.345	0.961726	3.62253
155.51	0.961736	3.62258
155.676	0.961746	3.62262
155.842	0.961756	3.62267
156.007	0.961766	3.62272
156.173	0.961777	3.62276
156.338	0.961787	3.62281
156.504	0.961797	3.62286
156.67	0.961807	3.62291
156.835	0.961817	3.62295
157.001	0.961827	3.623
157.167	0.961837	3.62305
157.332	0.961847	3.6231
157.498	0.961857	3.62314
157.663	0.961868	3.62319
157.829	0.961878	3.62324
157.995	0.961888	3.62328
158.16	0.961898	3.62333
158.326	0.961908	3.62338
158.491	0.961918	3.62343
158.657	0.961928	3.62347
158.823	0.961938	3.62352
158.988	0.961948	3.62357
159.154	0.961958	3.62362
159.32	0.961968	3.62366
159.485	0.961978	3.62371
159.651	0.961988	3.62376
159.816	0.961999	3.6238
159.982	0.962009	3.62385
160.148	0.962019	3.6239
160.313	0.962029	3.62395
160.479	0.962039	3.62399
160.644	0.962049	3.62404
160.81	0.962059	3.62409
160.976	0.962069	3.62414
161.141	0.962079	3.62418
161.307	0.962089	3.62423
161.472	0.962099	3.62428
161.638	0.962109	3.62432
161.804	0.962119	3.62437
161.969	0.962129	3.62442
162.135	0.962139	3.62447
162.301	0.962149	3.62451
162.466	0.962159	3.62456
162.632	0.962169	3.62461
162.797	0.962179	3.62465
162.963	0.962189	3.6247
163.129	0.962199	3.62475
163.294	0.962209	3.6248
163.46	0.962219	3.62484
163.625	0.962229	3.62489
163.791	0.962239	3.62494
163.957	0.962249	3.62498
164.122	0.962259	3.62503
164.288	0.962269	3.62508
164.454	0.962279	3.62513
164.619	0.962289	3.62517
164.785	0.962299	3.62522
164.95	0.962309	3.62527
165.116	0.962319	3.62531
165.282	0.962329	3.62536
165.447	0.962339	3.62541
165.613	0.962349	3.62546
165.778	0.962359	3.6255
165.944	0.962369	3.62555
166.11	0.962379	3.6256
166.275	0.962389	3.62564
166.441	0.962399	3.62569
166.606	0.962409	3.62574
166.772	0.962419	3.62579
166.938	0.962428	3.62583
167.103	0.962438	3.62588
167.269	0.962448	3.62593
167.435	0.962458	3.62597
167.6	0.962468	3.62602
167.766	0.962478	3.62607
167.931	0.962488	3.62612
168.097	0.962498	3.62616
168.263	0.962508	3.62621
168.428	0.962518	3.62626
168.594	0.962528	3.6263
168.759	0.962538	3.62635
168.925	0.962548	3.6264
169.091	0.962557	3.62645
169.256	0.962567	3.62649
169.422	0.962577	3.62654
169.588	0.962587	3.62659
169.753	0.962597	3.62663
169.919	0.962607	3.62668
170.084	0.962617	3.62673
170.25	0.962627	3.62678
170.416	0.962637	3.62682
170.581	0.962646	3.62687
170.747	0.962656	3.62692
170.912	0.962666	3.62696
171.078	0.962676	3.62701
171.244	0.962686	3.62706
171.409	0.962696	3.6271
171.575	0.962706	3.62715
171.74	0.962716	3.6272
171.906	0.962725	3.62725
172.072	0.962735	3.62729
172.237	0.962745	3.62734
172.403	0.962755	3.62739
172.569	0.962765	3.62743
172.734	0.962775	3.62748
172.9	0.962785	3.62753
173.065	0.962794	3.62758
173.231	0.962804	3.62762
173.397	0.962814	3.62767
173.562	0.962824	3.62772
173.728	0.962834	3.62776
173.893	0.962843	3.62781
174.059	0.962853	3.62786
174.225	0.962863	3.6279
174.39	0.962873	3.62795
174.556	0.962883	3.628
174.722	0.962893	3.62805
174.887	0.962902	3.62809
175.053	0.962912	3.62814
175.218	0.962922	3.62819
175.384	0.962932	3.62823
175.55	0.962942	3.62828
175.715	0.962951	3.62833
175.881	0.962961	3.62837
176.046	0.962971	3.62842
176.212	0.962981	3.62847
176.378	0.962991	3.62852
176.543	0.963	3.62856
176.709	0.96301	3.62861
176.874	0.96302	3.62866
177.04	0.96303	3.6287
177.206	0.963039	3.62875
177.371	0.963049	3.6288
177.537	0.963059	3.62884
177.703	0.963069	3.62889
177.868	0.963078	3.62894
178.034	0.963088	3.62899
178.199	0.963098	3.62903
178.365	0.963108	3.62908
178.531	0.963118	3.62913
178.696	0.963127	3.62917
178.862	0.963137	3.62922
179.027	0.963147	3.62927
179.193	0.963156	3.62931
179.359	0.963166	3.62936
179.524	0.963176	3.62941
179.69	0.963186	3.62945
179.856	0.963195	3.6295
180.021	0.963205	3.62955
180.187	0.963215	3.6296
180.352	0.963225	3.62964
180.518	0.963234	3.62969
180.684	0.963244	3.62974
180.849	0.963254	3.62978
181.015	0.963263	3.62983
181.18	0.963273	3.62988
181.346	0.963283	3.62992
181.512	0.963293	3.62997
181.677	0.963302	3.63002
181.843	0.963312	3.63006
182.008	0.963322	3.63011
182.174	0.963331	3.63016
182.34	0.963341	3.63021
182.505	0.963351	3.63025
182.671	0.96336	3.6303
182.837	0.96337	3.63035
183.002	0.96338	3.63039
183.168	0.963389	3.63044
183.333	0.963399	3.63049
183.499	0.963409	3.63053
183.665	0.963418	3.63058
183.83	0.963428	3.63063
183.996	0.963438	3.63067
184.161	0.963447	3.63072
184.327	0.963457	3.63077
184.493	0.963467	3.63081
184.658	0.963476	3.63086
184.824	0.963486	3.63091
184.99	0.963496	3.63096
185.155	0.963505	3.631
185.321	0.963515	3.63105
185.486	0.963525	3.6311
185.652	0.963534	3.63114
185.818	0.963544	3.63119
185.983	0.963554	3.63124
186.149	0.963563	3.63128
186.314	0.963573	3.63133
186.48	0.963582	3.63138
186.646	0.963592	3.63142
186.811	0.963602	3.63147
186.977	0.963611	3.63152
187.142	0.963621	3.63156
187.308	0.96363	3.63161
187.474	0.96364	3.63166
187.639	0.96365	3.6317
187.805	0.963659	3.63175
187.971	0.963669	3.6318
188.136	0.963678	3.63184
188.302	0.963688	3.63189
188.467	0.963698	3.63194
188.633	0.963707	3.63199
188.799	0.963717	3.63203
188.964	0.963726	3.63208
189.13	0.963736	3.63213
189.295	0.963746	3.63217
189.461	0.963755	3.63222
189.627	0.963765	3.63227
189.792	0.963774	3.63231
189.958	0.963784	3.63236
190.124	0.963793	3.63241
190.289	0.963803	3.63245
190.455	0.963813	3.6325
190.62	0.963822	3.63255
190.786	0.963832	3.63259
190.952	0.963841	3.63264
191.117	0.963851	3.63269
191.283	0.96386	3.63273
191.448	0.96387	3.63278
191.614	0.963879	3.63283
191.78	0.963889	3.63287
191.945	0.963899	3.63292
192.111	0.963908	3.63297
192.276	0.963918	3.63301
192.442	0.963927	3.63306
192.608	0.963937	3.63311
192.773	0.963946	3.63315
192.939	0.963956	3.6332
193.105	0.963965	3.63325
193.27	0.963975	3.63329
193.436	0.963984	3.63334
193.601	0.963994	3.63339
193.767	0.964003	3.63343
193.933	0.964013	3.63348
194.098	0.964022	3.63353
194.264	0.964032	3.63358
194.429	0.964041	3.63362
194.595	0.964051	3.63367
194.761	0.96406	3.63372
194.926	0.96407	3.63376
195.092	0.964079	3.63381
195.258	0.964089	3.63386
195.423	0.964098	3.6339
195.589	0.964108	3.63395
195.754	0.964117	3.634
195.92	0.964127	3.63404
196.086	0.964136	3.63409
196.251	0.964146	3.63414
196.417	0.964155	3.63418
196.582	0.964165	3.63423
196.748	0.964174	3.63428
196.914	0.964183	3.63432
197.079	0.964193	3.63437
197.245	0.964202	3.63442
197.41	0.964212	3.63446
197.576	0.964221	3.63451
197.742	0.964231	3.63456
197.907	0.96424	3.6346
198.073	0.96425	3.63465
198.239	0.964259	3.6347
198.404	0.964268	3.63474
198.57	0.964278	3.63479
198.735	0.964287	3.63484
198.901	0.964297	3.63488
199.067	0.964306	3.63493
199.232	0.964316	3.63498
199.398	0.964325	3.63502
199.563	0.964334	3.63507
199.729	0.964344	3.63512
199.895	0.964353	3.63516
200.06	0.964363	3.63521
200.226	0.964372	3.63526
200.392	0.964382	3.6353
200.557	0.964391	3.63535
200.723	0.9644	3.6354
200.888	0.96441	3.63544
201.054	0.964419	3.63549
201.22	0.964429	3.63554
201.385	0.964438	3.63558
201.551	0.964447	3.63563
201.716	0.964457	3.63567
201.882	0.964466	3.63572
202.048	0.964475	3.63577
202.213	0.964485	3.63581
202.379	0.964494	3.63586
202.544	0.964504	3.63591
202.71	0.964513	3.63595
202.876	0.964522	3.636
203.041	0.964532	3.63605
203.207	0.964541	3.63609
203.373	0.96455	3.63614
203.538	0.96456	3.63619
203.704	0.964569	3.63623
203.869	0.964579	3.63628
204.035	0.964588	3.63633
204.201	0.964597	3.63637
204.366	0.964607	3.63642
204.532	0.964616	3.63647
204.697	0.964625	3.63651
204.863	0.964635	3.63656
205.029	0.964644	3.63661
205.194	0.964653	3.63665
205.36	0.964663	3.6367
205.526	0.964672	3.63675
205.691	0.964681	3.63679
205.857	0.964691	3.63684
206.022	0.9647	3.63689
206.188	0.964709	3.63693
206.354	0.964719	3.63698
206.519	0.964728	3.63703
206.685	0.964737	3.63707
206.85	0.964747	3.63712
207.016	0.964756	3.63717
207.182	0.964765	3.63721
207.347	0.964774	3.63726
207.513	0.964784	3.6373
207.678	0.964793	3.63735
207.844	0.964802	3.6374
208.01	0.964812	3.63744
208.175	0.964821	3.63749
208.341	0.96483	3.63754
208.507	0.964839	3.63758
208.672	0.964849	3.63763
208.838	0.964858	3.63768
209.003	0.964867	3.63772
209.169	0.964877	3.63777
209.335	0.964886	3.63782
209.5	0.964895	3.63786
209.666	0.964904	3.63791
209.831	0.964914	3.63796
209.997	0.964923	3.638
210.163	0.964932	3.63805
210.328	0.964941	3.6381
210.494	0.964951	3.63814
210.659	0.96496	3.63819
210.825	0.964969	3.63823
210.991	0.964978	3.63828
211.156	0.964988	3.63833
211.322	0.964997	3.63837
211.488	0.965006	3.63842
211.653	0.965015	3.63847
211.819	0.965025	3.63851
211.984	0.965034	3.63856
212.15	0.965043	3.63861
212.316	0.965052	3.63865
212.481	0.965062	3.6387
212.647	0.965071	3.63875
212.812	0.96508	3.63879
212.978	0.965089	3.63884
213.144	0.965098	3.63889
213.309	0.965108	3.63893
213.475	0.965117	3.63898
213.641	0.965126	3.63902
213.806	0.965135	3.63907
213.972	0.965145	3.63912
214.137	0.965154	3.63916
214.303	0.965163	3.63921
214.469	0.965172	3.63926
214.634	0.965181	3.6393
214.8	0.965191	3.63935
214.965	0.9652	3.6394
215.131	0.965209	3.63944
215.297	0.965218	3.63949
215.462	0.965227	3.63954
215.628	0.965236	3.63958
215.793	0.965246	3.63963
215.959	0.965255	3.63967
216.125	0.965264	3.63972
216.29	0.965273	3.63977
216.456	0.965282	3.63981
216.622	0.965291	3.63986
216.787	0.965301	3.63991
216.953	0.96531	3.63995
217.118	0.965319	3.64
217.284	0.965328	3.64005
217.45	0.965337	3.64009
217.615	0.965346	3.64014
217.781	0.965356	3.64018
217.946	0.965365	3.64023
218.112	0.965374	3.64028
218.278	0.965383	3.64032
218.443	0.965392	3.64037
218.609	0.965401	3.64042
218.775	0.96541	3.64046
218.94	0.96542	3.64051
219.106	0.965429	3.64056
219.271	0.965438	3.6406
219.437	0.965447	3.64065
219.603	0.965456	3.64069
219.768	0.965465	3.64074
219.934	0.965474	3.64079
220.099	0.965483	3.64083
220.265	0.965493	3.64088
220.431	0.965502	3.64093
220.596	0.965511	3.64097
220.762	0.96552	3.64102
220.927	0.965529	3.64107
221.093	0.965538	3.64111
221.259	0.965547	3.64116
221.424	0.965556	3.6412
221.59	0.965565	3.64125
221.756	0.965574	3.6413
221.921	0.965584	3.64134
222.087	0.965593	3.64139
222.252	0.965602	3.64144
222.418	0.965611	3.64148
222.584	0.96562	3.64153
222.749	0.965629	3.64158
222.915	0.965638	3.64162
223.08	0.965647	3.64167
223.246	0.965656	3.64171
223.412	0.965665	3.64176
223.577	0.965674	3.64181
223.743	0.965683	3.64185
223.909	0.965692	3.6419
224.074	0.965701	3.64195
224.24	0.965711	3.64199
224.405	0.96572	3.64204
224.571	0.965729	3.64208
224.737	0.965738	3.64213
224.902	0.965747	3.64218
225.068	0.965756	3.64222
225.233	0.965765	3.64227
225.399	0.965774	3.64232
225.565	0.965783	3.64236
225.73	0.965792	3.64241
225.896	0.965801	3.64245
226.061	0.96581	3.6425
226.227	0.965819	3.64255
226.393	0.965828	3.64259
226.558	0.965837	3.64264
226.724	0.965846	3.64269
226.89	0.965855	3.64273
227.055	0.965864	3.64278
227.221	0.965873	3.64282
227.386	0.965882	3.64287
227.552	0.965891	3.64292
227.718	0.9659	3.64296
227.883	0.965909	3.64301
228.049	0.965918	3.64306
228.214	0.965927	3.6431
228.38	0.965936	3.64315
228.546	0.965945	3.64319
228.711	0.965954	3.64324
228.877	0.965963	3.64329
229.043	0.965972	3.64333
229.208	0.965981	3.64338
229.374	0.96599	3.64343
229.539	0.965999	3.64347
229.705	0.966008	3.64352
229.871	0.966017	3.64356
230.036	0.966026	3.64361
230.202	0.966035	3.64366
230.367	0.966044	3.6437
230.533	0.966053	3.64375
230.699	0.966062	3.6438
230.864	0.966071	3.64384
231.03	0.96608	3.64389
231.195	0.966089	3.64393
231.361	0.966098	3.64398
231.527	0.966107	3.64403
231.692	0.966116	3.64407
231.858	0.966125	3.64412
232.024	0.966133	3.64417
232.189	0.966142	3.64421
232.355	0.966151	3.64426
232.52	0.96616	3.6443
232.686	0.966169	3.64435
232.852	0.966178	3.6444
233.017	0.966187	3.64444
233.183	0.966196	3.64449
233.348	0.966205	3.64453
233.514	0.966214	3.64458
233.68	0.966223	3.64463
233.845	0.966232	3.64467
234.011	0.966241	3.64472
234.177	0.96625	3.64477
234.342	0.966258	3.64481
234.508	0.966267	3.64486
234.673	0.966276	3.6449
234.839	0.966285	3.64495
235.005	0.966294	3.645
235.17	0.966303	3.64504
235.336	0.966312	3.64509
235.501	0.966321	3.64513
235.667	0.96633	3.64518
235.833	0.966339	3.64523
235.998	0.966347	3.64527
236.164	0.966356	3.64532
236.329	0.966365	3.64537
236.495	0.966374	3.64541
236.661	0.966383	3.64546
236.826	0.966392	3.6455
236.992	0.966401	3.64555
237.158	0.96641	3.6456
237.323	0.966418	3.64564
237.489	0.966427	3.64569
237.654	0.966436	3.64573
237.82	0.966445	3.64578
237.986	0.966454	3.64583
238.151	0.966463	3.64587
238.317	0.966472	3.64592
238.482	0.966481	3.64596
238.648	0.966489	3.64601
238.814	0.966498	3.64606
238.979	0.966507	3.6461
239.145	0.966516	3.64615
239.311	0.966525	3.64619
239.476	0.966534	3.64624
239.642	0.966542	3.64629
239.807	0.966551	3.64633
239.973	0.96656	3.64638
240.139	0.966569	3.64643
240.304	0.966578	3.64647
240.47	0.966587	3.64652
240.635	0.966595	3.64656
240.801	0.966604	3.64661
240.967	0.966613	3.64666
241.132	0.966622	3.6467
241.298	0.966631	3.64675
241.463	0.966639	3.64679
241.629	0.966648	3.64684
241.795	0.966657	3.64689
241.96	0.966666	3.64693
242.126	0.966675	3.64698
242.292	0.966684	3.64702
242.457	0.966692	3.64707
242.623	0.966701	3.64712
242.788	0.96671	3.64716
242.954	0.966719	3.64721
243.12	0.966727	3.64725
243.285	0.966736	3.6473
243.451	0.966745	3.64735
243.616	0.966754	3.64739
243.782	0.966763	3.64744
243.948	0.966771	3.64748
244.113	0.96678	3.64753
244.279	0.966789	3.64758
244.445	0.966798	3.64762
244.61	0.966807	3.64767
244.776	0.966815	3.64771
244.941	0.966824	3.64776
245.107	0.966833	3.64781
245.273	0.966842	3.64785
245.438	0.96685	3.6479
245.604	0.966859	3.64794
245.769	0.966868	3.64799
245.935	0.966877	3.64804
246.101	0.966885	3.64808
246.266	0.966894	3.64813
246.432	0.966903	3.64817
246.597	0.966912	3.64822
246.763	0.96692	3.64827
246.929	0.966929	3.64831
247.094	0.966938	3.64836
247.26	0.966947	3.6484
247.426	0.966955	3.64845
247.591	0.966964	3.6485
247.757	0.966973	3.64854
247.922	0.966981	3.64859
248.088	0.96699	3.64863
248.254	0.966999	3.64868
248.419	0.967008	3.64873
248.585	0.967016	3.64877
248.75	0.967025	3.64882
248.916	0.967034	3.64886
249.082	0.967042	3.64891
249.247	0.967051	3.64896
249.413	0.96706	3.649
249.579	0.967069	3.64905
249.744	0.967077	3.64909
249.91	0.967086	3.64914
250.075	0.967095	3.64919
250.241	0.967103	3.64923
250.407	0.967112	3.64928
250.572	0.967121	3.64932
250.738	0.967129	3.64937
250.903	0.967138	3.64942
251.069	0.967147	3.64946
251.235	0.967155	3.64951
251.4	0.967164	3.64955
251.566	0.967173	3.6496
251.731	0.967181	3.64965
251.897	0.96719	3.64969
252.063	0.967199	3.64974
252.228	0.967207	3.64978
252.394	0.967216	3.64983
252.56	0.967225	3.64987
252.725	0.967233	3.64992
252.891	0.967242	3.64997
253.056	0.967251	3.65001
253.222	0.967259	3.65006
253.388	0.967268	3.6501
253.553	0.967277	3.65015
253.719	0.967285	3.6502
253.884	0.967294	3.65024
254.05	0.967303	3.65029
254.216	0.967311	3.65033
254.381	0.96732	3.65038
254.547	0.967329	3.65043
254.713	0.967337	3.65047
254.878	0.967346	3.65052
255.044	0.967354	3.65056
255.209	0.967363	3.65061
255.375	0.967372	3.65066
255.541	0.96738	3.6507
255.706	0.967389	3.65075
255.872	0.967398	3.65079
256.037	0.967406	3.65084
256.203	0.967415	3.65088
256.369	0.967423	3.65093
256.534	0.967432	3.65098
256.7	0.967441	3.65102
256.865	0.967449	3.65107
257.031	0.967458	3.65111
257.197	0.967466	3.65116
257.362	0.967475	3.65121
257.528	0.967484	3.65125
257.694	0.967492	3.6513
257.859	0.967501	3.65134
258.025	0.967509	3.65139
258.19	0.967518	3.65143
258.356	0.967527	3.65148
258.522	0.967535	3.65153
258.687	0.967544	3.65157
258.853	0.967552	3.65162
259.018	0.967561	3.65166
259.184	0.967569	3.65171
259.35	0.967578	3.65176
259.515	0.967587	3.6518
259.681	0.967595	3.65185
259.847	0.967604	3.65189
260.012	0.967612	3.65194
260.178	0.967621	3.65198
260.343	0.967629	3.65203
260.509	0.967638	3.65208
260.675	0.967647	3.65212
260.84	0.967655	3.65217
261.006	0.967664	3.65221
261.171	0.967672	3.65226
261.337	0.967681	3.65231
261.503	0.967689	3.65235
261.668	0.967698	3.6524
261.834	0.967706	3.65244
261.999	0.967715	3.65249
262.165	0.967723	3.65253
262.331	0.967732	3.65258
262.496	0.96774	3.65263
262.662	0.967749	3.65267
262.828	0.967758	3.65272
262.993	0.967766	3.65276
263.159	0.967775	3.65281
263.324	0.967783	3.65285
263.49	0.967792	3.6529
263.656	0.9678	3.65295
263.821	0.967809	3.65299
263.987	0.967817	3.65304
264.152	0.967826	3.65308
264.318	0.967834	3.65313
264.484	0.967843	3.65317
264.649	0.967851	3.65322
264.815	0.96786	3.65327
264.98	0.967868	3.65331
265.146	0.967877	3.65336
265.312	0.967885	3.6534
265.477	0.967894	3.65345
265.643	0.967902	3.6535
265.809	0.967911	3.65354
265.974	0.967919	3.65359
266.14	0.967928	3.65363
266.305	0.967936	3.65368
266.471	0.967944	3.65372
266.637	0.967953	3.65377
266.802	0.967961	3.65382
266.968	0.96797	3.65386
267.133	0.967978	3.65391
267.299	0.967987	3.65395
267.465	0.967995	3.654
267.63	0.968004	3.65404
267.796	0.968012	3.65409
267.962	0.968021	3.65414
268.127	0.968029	3.65418
268.293	0.968038	3.65423
268.458	0.968046	3.65427
268.624	0.968054	3.65432
268.79	0.968063	3.65436
268.955	0.968071	3.65441
269.121	0.96808	3.65446
269.286	0.968088	3.6545
269.452	0.968097	3.65455
269.618	0.968105	3.65459
269.783	0.968114	3.65464
269.949	0.968122	3.65468
270.114	0.96813	3.65473
270.28	0.968139	3.65478
270.446	0.968147	3.65482
270.611	0.968156	3.65487
270.777	0.968164	3.65491
270.943	0.968173	3.65496
271.108	0.968181	3.655
271.274	0.968189	3.65505
271.439	0.968198	3.65509
271.605	0.968206	3.65514
271.771	0.968215	3.65519
271.936	0.968223	3.65523
272.102	0.968231	3.65528
272.267	0.96824	3.65532
272.433	0.968248	3.65537
272.599	0.968257	3.65541
272.764	0.968265	3.65546
272.93	0.968273	3.65551
273.096	0.968282	3.65555
273.261	0.96829	3.6556
273.427	0.968299	3.65564
273.592	0.968307	3.65569
273.758	0.968315	3.65573
273.924	0.968324	3.65578
274.089	0.968332	3.65583
274.255	0.96834	3.65587
274.42	0.968349	3.65592
274.586	0.968357	3.65596
274.752	0.968366	3.65601
274.917	0.968374	3.65605
275.083	0.968382	3.6561
275.248	0.968391	3.65614
275.414	0.968399	3.65619
275.58	0.968407	3.65624
275.745	0.968416	3.65628
275.911	0.968424	3.65633
276.077	0.968432	3.65637
276.242	0.968441	3.65642
276.408	0.968449	3.65646
276.573	0.968458	3.65651
276.739	0.968466	3.65656
276.905	0.968474	3.6566
277.07	0.968483	3.65665
277.236	0.968491	3.65669
277.401	0.968499	3.65674
277.567	0.968508	3.65678
277.733	0.968516	3.65683
277.898	0.968524	3.65687
278.064	0.968533	3.65692
278.23	0.968541	3.65697
278.395	0.968549	3.65701
278.561	0.968558	3.65706
278.726	0.968566	3.6571
278.892	0.968574	3.65715
279.058	0.968582	3.65719
279.223	0.968591	3.65724
279.389	0.968599	3.65728
279.554	0.968607	3.65733
279.72	0.968616	3.65738
279.886	0.968624	3.65742
280.051	0.968632	3.65747
280.217	0.968641	3.65751
280.382	0.968649	3.65756
280.548	0.968657	3.6576
280.714	0.968665	3.65765
280.879	0.968674	3.65769
281.045	0.968682	3.65774
281.211	0.96869	3.65779
281.376	0.968699	3.65783
281.542	0.968707	3.65788
281.707	0.968715	3.65792
281.873	0.968723	3.65797
282.039	0.968732	3.65801
282.204	0.96874	3.65806
282.37	0.968748	3.6581
282.535	0.968757	3.65815
282.701	0.968765	3.6582
282.867	0.968773	3.65824
283.032	0.968781	3.65829
283.198	0.96879	3.65833
283.364	0.968798	3.65838
283.529	0.968806	3.65842
283.695	0.968814	3.65847
283.86	0.968823	3.65851
284.026	0.968831	3.65856
284.192	0.968839	3.65861
284.357	0.968847	3.65865
284.523	0.968856	3.6587
284.688	0.968864	3.65874
284.854	0.968872	3.65879
285.02	0.96888	3.65883
285.185	0.968889	3.65888
285.351	0.968897	3.65892
285.516	0.968905	3.65897
285.682	0.968913	3.65901
285.848	0.968922	3.65906
286.013	0.96893	3.65911
286.179	0.968938	3.65915
286.345	0.968946	3.6592
286.51	0.968954	3.65924
286.676	0.968963	3.65929
286.841	0.968971	3.65933
287.007	0.968979	3.65938
287.173	0.968987	3.65942
287.338	0.968995	3.65947
287.504	0.969004	3.65952
287.669	0.969012	3.65956
287.835	0.96902	3.65961
288.001	0.969028	3.65965
288.166	0.969037	3.6597
288.332	0.969045	3.65974
288.498	0.969053	3.65979
288.663	0.969061	3.65983
288.829	0.969069	3.65988
288.994	0.969077	3.65992
289.16	0.969086	3.65997
289.326	0.969094	3.66002
289.491	0.969102	3.66006
289.657	0.96911	3.66011
289.822	0.969118	3.66015
289.988	0.969127	3.6602
290.154	0.969135	3.66024
290.319	0.969143	3.66029
290.485	0.969151	3.66033
290.65	0.969159	3.66038
290.816	0.969167	3.66042
290.982	0.969176	3.66047
291.147	0.969184	3.66052
291.313	0.969192	3.66056
291.479	0.9692	3.66061
291.644	0.969208	3.66065
291.81	0.969216	3.6607
291.975	0.969225	3.66074
292.141	0.969233	3.66079
292.307	0.969241	3.66083
292.472	0.969249	3.66088
292.638	0.969257	3.66092
292.803	0.969265	3.66097
292.969	0.969273	3.66101
293.135	0.969282	3.66106
293.3	0.96929	3.66111
293.466	0.969298	3.66115
293.632	0.969306	3.6612
293.797	0.969314	3.66124
293.963	0.969322	3.66129
294.128	0.96933	3.66133
294.294	0.969338	3.66138
294.46	0.969347	3.66142
294.625	0.969355	3.66147
294.791	0.969363	3.66151
294.956	0.969371	3.66156
295.122	0.969379	3.6616
295.288	0.969387	3.66165
295.453	0.969395	3.6617
295.619	0.969403	3.66174
295.784	0.969411	3.66179
295.95	0.96942	3.66183
296.116	0.969428	3.66188
296.281	0.969436	3.66192
296.447	0.969444	3.66197
296.613	0.969452	3.66201
296.778	0.96946	3.66206
296.944	0.969468	3.6621
297.109	0.969476	3.66215
297.275	0.969484	3.66219
297.441	0.969492	3.66224
297.606	0.9695	3.66229
297.772	0.969509	3.66233
297.937	0.969517	3.66238
298.103	0.969525	3.66242
298.269	0.969533	3.66247
298.434	0.969541	3.66251
298.6	0.969549	3.66256
298.766	0.969557	3.6626
298.931	0.969565	3.66265
299.097	0.969573	3.66269
299.262	0.969581	3.66274
299.428	0.969589	3.66278
299.594	0.969597	3.66283
299.759	0.969605	3.66287
299.925	0.969613	3.66292
300.09	0.969621	3.66297
300.256	0.969629	3.66301
300.422	0.969638	3.66306
300.587	0.969646	3.6631
300.753	0.969654	3.66315
300.918	0.969662	3.66319
301.084	0.96967	3.66324
301.25	0.969678	3.66328
301.415	0.969686	3.66333
301.581	0.969694	3.66337
301.747	0.969702	3.66342
301.912	0.96971	3.66346
302.078	0.969718	3.66351
302.243	0.969726	3.66355
302.409	0.969734	3.6636
302.575	0.969742	3.66364
302.74	0.96975	3.66369
302.906	0.969758	3.66374
303.071	0.969766	3.66378
303.237	0.969774	3.66383
303.403	0.969782	3.66387
303.568	0.96979	3.66392
303.734	0.969798	3.66396
303.9	0.969806	3.66401
304.065	0.969814	3.66405
304.231	0.969822	3.6641
304.396	0.96983	3.66414
304.562	0.969838	3.66419
304.728	0.969846	3.66423
304.893	0.969854	3.66428
305.059	0.969862	3.66432
305.224	0.96987	3.66437
305.39	0.969878	3.66441
305.556	0.969886	3.66446
305.721	0.969894	3.66451
305.887	0.969902	3.66455
306.052	0.96991	3.6646
306.218	0.969918	3.66464
306.384	0.969926	3.66469
306.549	0.969934	3.66473
306.715	0.969942	3.66478
306.881	0.96995	3.66482
307.046	0.969958	3.66487
307.212	0.969966	3.66491
307.377	0.969974	3.66496
307.543	0.969982	3.665
307.709	0.96999	3.66505
307.874	0.969998	3.66509
308.04	0.970006	3.66514
308.205	0.970014	3.66518
308.371	0.970021	3.66523
308.537	0.970029	3.66527
308.702	0.970037	3.66532
308.868	0.970045	3.66536
309.034	0.970053	3.66541
309.199	0.970061	3.66545
309.365	0.970069	3.6655
309.53	0.970077	3.66555
309.696	0.970085	3.66559
309.862	0.970093	3.66564
310.027	0.970101	3.66568
310.193	0.970109	3.66573
310.358	0.970117	3.66577
310.524	0.970125	3.66582
310.69	0.970133	3.66586
310.855	0.97014	3.66591
311.021	0.970148	3.66595
311.186	0.970156	3.666
311.352	0.970164	3.66604
311.518	0.970172	3.66609
311.683	0.97018	3.66613
311.849	0.970188	3.66618
312.015	0.970196	3.66622
312.18	0.970204	3.66627
312.346	0.970212	3.66631
312.511	0.97022	3.66636
312.677	0.970227	3.6664
312.844	0.970235	3.66645
313.01	0.970243	3.66649
313.175	0.970251	3.66654
313.341	0.970259	3.66659
313.507	0.970267	3.66663
313.672	0.970275	3.66668
313.838	0.970283	3.66672
314.004	0.970291	3.66677
314.169	0.970299	3.66681
314.335	0.970306	3.66686
314.5	0.970314	3.6669
314.666	0.970322	3.66695
314.832	0.97033	3.66699
314.997	0.970338	3.66704
315.163	0.970346	3.66708
315.328	0.970354	3.66713
315.494	0.970362	3.66717
315.66	0.970369	3.66722
315.825	0.970377	3.66726
315.991	0.970385	3.66731
316.157	0.970393	3.66735
316.322	0.970401	3.6674
316.488	0.970409	3.66744
316.653	0.970417	3.66749
316.819	0.970424	3.66753
316.985	0.970432	3.66758
317.15	0.97044	3.66762
317.316	0.970448	3.66767
317.481	0.970456	3.66771
317.647	0.970464	3.66776
317.813	0.970471	3.6678
317.978	0.970479	3.66785
318.144	0.970487	3.66789
318.309	0.970495	3.66794
318.475	0.970503	3.66798
318.641	0.970511	3.66803
318.806	0.970518	3.66807
318.972	0.970526	3.66812
319.138	0.970534	3.66816
319.303	0.970542	3.66821
319.469	0.97055	3.66825
319.634	0.970558	3.6683
319.8	0.970565	3.66835
319.966	0.970573	3.66839
320.131	0.970581	3.66844
320.297	0.970589	3.66848
320.462	0.970597	3.66853
320.628	0.970604	3.66857
320.794	0.970612	3.66862
320.959	0.97062	3.66866
321.125	0.970628	3.66871
321.291	0.970636	3.66875
321.456	0.970643	3.6688
321.622	0.970651	3.66884
321.787	0.970659	3.66889
321.953	0.970667	3.66893
322.119	0.970675	3.66898
322.284	0.970682	3.66902
322.45	0.97069	3.66907
322.615	0.970698	3.66911
322.781	0.970706	3.66916
322.947	0.970714	3.6692
323.112	0.970721	3.66925
323.278	0.970729	3.66929
323.443	0.970737	3.66934
323.609	0.970745	3.66938
323.775	0.970752	3.66943
323.94	0.97076	3.66947
324.106	0.970768	3.66952
324.272	0.970776	3.66956
324.437	0.970783	3.66961
324.603	0.970791	3.66965
324.768	0.970799	3.6697
324.934	0.970807	3.66974
325.1	0.970814	3.66979
325.265	0.970822	3.66983
325.431	0.97083	3.66988
325.596	0.970838	3.66992
325.762	0.970845	3.66997
325.928	0.970853	3.67001
326.093	0.970861	3.67006
326.259	0.970869	3.6701
326.425	0.970876	3.67015
326.59	0.970884	3.67019
326.756	0.970892	3.67024
326.921	0.9709	3.67028
327.087	0.970907	3.67033
327.253	0.970915	3.67037
327.418	0.970923	3.67042
327.584	0.970931	3.67046
327.749	0.970938	3.67051
327.915	0.970946	3.67055
328.081	0.970954	3.6706
328.246	0.970961	3.67064
328.412	0.970969	3.67069
328.577	0.970977	3.67073
328.743	0.970985	3.67078
328.909	0.970992	3.67082
329.074	0.971	3.67087
329.24	0.971008	3.67091
329.406	0.971015	3.67096
329.571	0.971023	3.671
329.737	0.971031	3.67105
329.902	0.971038	3.67109
330.068	0.971046	3.67114
330.234	0.971054	3.67118
330.399	0.971062	3.67123
330.565	0.971069	3.67127
330.73	0.971077	3.67132
330.896	0.971085	3.67136
331.062	0.971092	3.67141
331.227	0.9711	3.67145
331.393	0.971108	3.6715
331.559	0.971115	3.67154
331.724	0.971123	3.67159
331.89	0.971131	3.67163
332.055	0.971138	3.67168
332.221	0.971146	3.67172
332.387	0.971154	3.67177
332.552	0.971161	3.67181
332.718	0.971169	3.67186
332.883	0.971177	3.6719
333.049	0.971184	3.67195
333.215	0.971192	3.67199
333.38	0.9712	3.67204
333.546	0.971207	3.67208
333.711	0.971215	3.67213
333.877	0.971223	3.67217
334.043	0.97123	3.67222
334.208	0.971238	3.67226
334.374	0.971246	3.67231
334.54	0.971253	3.67235
334.705	0.971261	3.6724
334.871	0.971269	3.67244
335.036	0.971276	3.67249
335.202	0.971284	3.67253
335.368	0.971291	3.67258
335.533	0.971299	3.67262
335.699	0.971307	3.67267
335.864	0.971314	3.67271
336.03	0.971322	3.67276
336.196	0.97133	3.6728
336.361	0.971337	3.67285
336.527	0.971345	3.67289
336.693	0.971352	3.67293
336.858	0.97136	3.67298
337.024	0.971368	3.67302
337.189	0.971375	3.67307
337.355	0.971383	3.67311
337.521	0.971391	3.67316
337.686	0.971398	3.6732
337.852	0.971406	3.67325
338.017	0.971413	3.67329
338.183	0.971421	3.67334
338.349	0.971429	3.67338
338.514	0.971436	3.67343
338.68	0.971444	3.67347
338.845	0.971451	3.67352
339.011	0.971459	3.67356
339.177	0.971467	3.67361
339.342	0.971474	3.67365
339.508	0.971482	3.6737
339.674	0.971489	3.67374
339.839	0.971497	3.67379
340.005	0.971504	3.67383
340.17	0.971512	3.67388
340.336	0.97152	3.67392
340.502	0.971527	3.67397
340.667	0.971535	3.67401
340.833	0.971542	3.67406
340.998	0.97155	3.6741
341.164	0.971558	3.67415
341.33	0.971565	3.67419
341.495	0.971573	3.67424
341.661	0.97158	3.67428
341.827	0.971588	3.67433
341.992	0.971595	3.67437
342.158	0.971603	3.67442
342.323	0.97161	3.67446
342.489	0.971618	3.67451
342.655	0.971626	3.67455
342.82	0.971633	3.67459
342.986	0.971641	3.67464
343.151	0.971648	3.67468
343.317	0.971656	3.67473
343.483	0.971663	3.67477
343.648	0.971671	3.67482
343.814	0.971678	3.67486
343.979	0.971686	3.67491
344.145	0.971693	3.67495
344.311	0.971701	3.675
344.476	0.971709	3.67504
344.642	0.971716	3.67509
344.808	0.971724	3.67513
344.973	0.971731	3.67518
345.139	0.971739	3.67522
345.304	0.971746	3.67527
345.47	0.971754	3.67531
345.636	0.971761	3.67536
345.801	0.971769	3.6754
345.967	0.971776	3.67545
346.132	0.971784	3.67549
346.298	0.971791	3.67554
346.464	0.971799	3.67558
346.629	0.971806	3.67563
346.795	0.971814	3.67567
346.96	0.971821	3.67572
347.126	0.971829	3.67576
347.292	0.971836	3.6758
347.457	0.971844	3.67585
347.623	0.971851	3.67589
347.789	0.971859	3.67594
347.954	0.971866	3.67598
348.12	0.971874	3.67603
348.285	0.971881	3.67607
348.451	0.971889	3.67612
348.617	0.971896	3.67616
348.782	0.971904	3.67621
348.948	0.971911	3.67625
349.113	0.971919	3.6763
349.279	0.971926	3.67634
349.445	0.971934	3.67639
349.61	0.971941	3.67643
349.776	0.971949	3.67648
349.942	0.971956	3.67652
350.107	0.971964	3.67657
350.273	0.971971	3.67661
350.438	0.971978	3.67666
350.604	0.971986	3.6767
350.77	0.971993	3.67675
350.935	0.972001	3.67679
351.101	0.972008	3.67683
351.266	0.972016	3.67688
351.432	0.972023	3.67692
351.598	0.972031	3.67697
351.763	0.972038	3.67701
351.929	0.972046	3.67706
352.094	0.972053	3.6771
352.26	0.97206	3.67715
352.426	0.972068	3.67719
352.591	0.972075	3.67724
352.757	0.972083	3.67728
352.923	0.97209	3.67733
353.088	0.972098	3.67737
353.254	0.972105	3.67742
353.419	0.972113	3.67746
353.585	0.97212	3.67751
353.751	0.972127	3.67755
353.916	0.972135	3.67759
354.082	0.972142	3.67764
354.247	0.97215	3.67768
354.413	0.972157	3.67773
354.579	0.972165	3.67777
354.744	0.972172	3.67782
354.91	0.972179	3.67786
355.076	0.972187	3.67791
355.241	0.972194	3.67795
355.407	0.972202	3.678
355.572	0.972209	3.67804
355.738	0.972216	3.67809
355.904	0.972224	3.67813
356.069	0.972231	3.67818
356.235	0.972239	3.67822
356.4	0.972246	3.67827
356.566	0.972253	3.67831
356.732	0.972261	3.67835
356.897	0.972268	3.6784
357.063	0.972276	3.67844
357.228	0.972283	3.67849
357.394	0.97229	3.67853
357.56	0.972298	3.67858
357.725	0.972305	3.67862
357.891	0.972313	3.67867
358.057	0.97232	3.67871
358.222	0.972327	3.67876
358.388	0.972335	3.6788
358.553	0.972342	3.67885
358.719	0.972349	3.67889
358.885	0.972357	3.67894
359.05	0.972364	3.67898
359.216	0.972372	3.67903
359.381	0.972379	3.67907
359.547	0.972386	3.67911
359.713	0.972394	3.67916
359.878	0.972401	3.6792
360.044	0.972408	3.67925
360.21	0.972416	3.67929
360.375	0.972423	3.67934
360.541	0.97243	3.67938
360.706	0.972438	3.67943
360.872	0.972445	3.67947
361.038	0.972452	3.67952
361.203	0.97246	3.67956
361.369	0.972467	3.67961
361.534	0.972475	3.67965
361.7	0.972482	3.67969
361.866	0.972489	3.67974
362.031	0.972497	3.67978
362.197	0.972504	3.67983
362.362	0.972511	3.67987
362.528	0.972519	3.67992
362.694	0.972526	3.67996
362.859	0.972533	3.68001
363.025	0.972541	3.68005
363.191	0.972548	3.6801
363.356	0.972555	3.68014
363.522	0.972563	3.68019
363.687	0.97257	3.68023
363.853	0.972577	3.68027
364.019	0.972584	3.68032
364.184	0.972592	3.68036
364.35	0.972599	3.68041
364.515	0.972606	3.68045
364.681	0.972614	3.6805
364.847	0.972621	3.68054
365.012	0.972628	3.68059
365.178	0.972636	3.68063
365.344	0.972643	3.68068
365.509	0.97265	3.68072
365.675	0.972658	3.68077
365.84	0.972665	3.68081
366.006	0.972672	3.68085
366.172	0.972679	3.6809
366.337	0.972687	3.68094
366.503	0.972694	3.68099
366.668	0.972701	3.68103
366.834	0.972709	3.68108
367	0.972716	3.68112
367.165	0.972723	3.68117
367.331	0.97273	3.68121
367.496	0.972738	3.68126
367.662	0.972745	3.6813
367.828	0.972752	3.68135
367.993	0.97276	3.68139
368.159	0.972767	3.68143
368.325	0.972774	3.68148
368.49	0.972781	3.68152
368.656	0.972789	3.68157
368.821	0.972796	3.68161
368.987	0.972803	3.68166
369.153	0.97281	3.6817
369.318	0.972818	3.68175
369.484	0.972825	3.68179
369.649	0.972832	3.68184
369.815	0.972839	3.68188
369.981	0.972847	3.68192
370.146	0.972854	3.68197
370.312	0.972861	3.68201
370.478	0.972868	3.68206
370.643	0.972876	3.6821
370.809	0.972883	3.68215
370.974	0.97289	3.68219
371.14	0.972897	3.68224
371.306	0.972905	3.68228
371.471	0.972912	3.68233
371.637	0.972919	3.68237
371.802	0.972926	3.68241
371.968	0.972934	3.68246
372.134	0.972941	3.6825
372.299	0.972948	3.68255
372.465	0.972955	3.68259
372.63	0.972963	3.68264
372.796	0.97297	3.68268
372.962	0.972977	3.68273
373.127	0.972984	3.68277
373.293	0.972991	3.68281
373.459	0.972999	3.68286
373.624	0.973006	3.6829
373.79	0.973013	3.68295
373.955	0.97302	3.68299
374.121	0.973028	3.68304
374.287	0.973035	3.68308
374.452	0.973042	3.68313
374.618	0.973049	3.68317
374.783	0.973056	3.68322
374.949	0.973064	3.68326
375.115	0.973071	3.6833
375.28	0.973078	3.68335
375.446	0.973085	3.68339
375.612	0.973092	3.68344
375.777	0.9731	3.68348
375.943	0.973107	3.68353
376.108	0.973114	3.68357
376.274	0.973121	3.68362
376.44	0.973128	3.68366
376.605	0.973135	3.6837
376.771	0.973143	3.68375
376.936	0.97315	3.68379
377.102	0.973157	3.68384
377.268	0.973164	3.68388
377.433	0.973171	3.68393
377.599	0.973179	3.68397
377.764	0.973186	3.68402
377.93	0.973193	3.68406
378.096	0.9732	3.68411
378.261	0.973207	3.68415
378.427	0.973214	3.68419
378.593	0.973222	3.68424
378.758	0.973229	3.68428
378.924	0.973236	3.68433
379.089	0.973243	3.68437
379.255	0.97325	3.68442
379.421	0.973257	3.68446
379.586	0.973264	3.68451
379.752	0.973272	3.68455
379.917	0.973279	3.68459
380.083	0.973286	3.68464
380.249	0.973293	3.68468
380.414	0.9733	3.68473
380.58	0.973307	3.68477
380.746	0.973314	3.68482
380.911	0.973322	3.68486
381.077	0.973329	3.68491
381.242	0.973336	3.68495
381.408	0.973343	3.68499
381.574	0.97335	3.68504
381.739	0.973357	3.68508
381.905	0.973364	3.68513
382.07	0.973372	3.68517
382.236	0.973379	3.68522
382.402	0.973386	3.68526
382.567	0.973393	3.68531
382.733	0.9734	3.68535
382.898	0.973407	3.68539
383.064	0.973414	3.68544
383.23	0.973421	3.68548
383.395	0.973428	3.68553
383.561	0.973436	3.68557
383.727	0.973443	3.68562
383.892	0.97345	3.68566
384.058	0.973457	3.6857
384.223	0.973464	3.68575
384.389	0.973471	3.68579
384.555	0.973478	3.68584
384.72	0.973485	3.68588
384.886	0.973492	3.68593
385.051	0.9735	3.68597
385.217	0.973507	3.68602
385.383	0.973514	3.68606
385.548	0.973521	3.6861
385.714	0.973528	3.68615
385.88	0.973535	3.68619
386.045	0.973542	3.68624
386.211	0.973549	3.68628
386.376	0.973556	3.68633
386.542	0.973563	3.68637
386.708	0.97357	3.68642
386.873	0.973577	3.68646
387.039	0.973585	3.6865
387.204	0.973592	3.68655
387.37	0.973599	3.68659
387.536	0.973606	3.68664
387.701	0.973613	3.68668
387.867	0.97362	3.68673
388.032	0.973627	3.68677
388.198	0.973634	3.68681
388.364	0.973641	3.68686
388.529	0.973648	3.6869
388.695	0.973655	3.68695
388.861	0.973662	3.68699
389.026	0.973669	3.68704
389.192	0.973676	3.68708
389.357	0.973683	3.68713
389.523	0.97369	3.68717
389.689	0.973697	3.68721
389.854	0.973705	3.68726
390.02	0.973712	3.6873
390.185	0.973719	3.68735
390.351	0.973726	3.68739
390.517	0.973733	3.68744
390.682	0.97374	3.68748
390.848	0.973747	3.68752
391.014	0.973754	3.68757
391.179	0.973761	3.68761
391.345	0.973768	3.68766
391.51	0.973775	3.6877
391.676	0.973782	3.68775
391.842	0.973789	3.68779
392.007	0.973796	3.68783
392.173	0.973803	3.68788
392.338	0.97381	3.68792
392.504	0.973817	3.68797
392.67	0.973824	3.68801
392.835	0.973831	3.68806
393.001	0.973838	3.6881
393.166	0.973845	3.68814
393.332	0.973852	3.68819
393.498	0.973859	3.68823
393.663	0.973866	3.68828
393.829	0.973873	3.68832
393.995	0.97388	3.68837
394.16	0.973887	3.68841
394.326	0.973894	3.68845
394.491	0.973901	3.6885
394.657	0.973908	3.68854
394.823	0.973915	3.68859
394.988	0.973922	3.68863
395.154	0.973929	3.68868
395.319	0.973936	3.68872
395.485	0.973943	3.68877
395.651	0.97395	3.68881
395.816	0.973957	3.68885
395.982	0.973964	3.6889
396.148	0.973971	3.68894
396.313	0.973978	3.68899
396.479	0.973985	3.68903
396.644	0.973992	3.68908
396.81	0.973999	3.68912
396.976	0.974006	3.68916
397.141	0.974013	3.68921
397.307	0.97402	3.68925
397.472	0.974027	3.6893
397.638	0.974034	3.68934
397.804	0.974041	3.68939
397.969	0.974048	3.68943
398.135	0.974055	3.68947
398.3	0.974062	3.68952
398.466	0.974069	3.68956
398.632	0.974076	3.68961
398.797	0.974083	3.68965
398.963	0.974089	3.68969
399.129	0.974096	3.68974
399.294	0.974103	3.68978
399.46	0.97411	3.68983
399.625	0.974117	3.68987
399.791	0.974124	3.68992
399.957	0.974131	3.68996
400.122	0.974138	3.69
400.288	0.974145	3.69005
400.453	0.974152	3.69009
400.619	0.974159	3.69014
400.785	0.974166	3.69018
400.95	0.974173	3.69023
401.116	0.97418	3.69027
401.282	0.974187	3.69031
401.447	0.974194	3.69036
401.613	0.9742	3.6904
401.778	0.974207	3.69045
401.944	0.974214	3.69049
402.11	0.974221	3.69054
402.275	0.974228	3.69058
402.441	0.974235	3.69062
402.606	0.974242	3.69067
402.772	0.974249	3.69071
402.938	0.974256	3.69076
403.103	0.974263	3.6908
403.269	0.97427	3.69085
403.434	0.974277	3.69089
403.6	0.974283	3.69093
403.766	0.97429	3.69098
403.931	0.974297	3.69102
404.097	0.974304	3.69107
404.263	0.974311	3.69111
404.428	0.974318	3.69115
404.594	0.974325	3.6912
404.759	0.974332	3.69124
404.925	0.974339	3.69129
405.091	0.974346	3.69133
405.256	0.974352	3.69138
405.422	0.974359	3.69142
405.587	0.974366	3.69146
405.753	0.974373	3.69151
405.919	0.97438	3.69155
406.084	0.974387	3.6916
406.25	0.974394	3.69164
406.415	0.974401	3.69169
406.581	0.974408	3.69173
406.747	0.974414	3.69177
406.912	0.974421	3.69182
407.078	0.974428	3.69186
407.244	0.974435	3.69191
407.409	0.974442	3.69195
407.575	0.974449	3.69199
407.74	0.974456	3.69204
407.906	0.974462	3.69208
408.072	0.974469	3.69213
408.237	0.974476	3.69217
408.403	0.974483	3.69222
408.568	0.97449	3.69226
408.734	0.974497	3.6923
408.9	0.974504	3.69235
409.065	0.97451	3.69239
409.231	0.974517	3.69244
409.397	0.974524	3.69248
409.562	0.974531	3.69252
409.728	0.974538	3.69257
409.893	0.974545	3.69261
410.059	0.974552	3.69266
410.225	0.974558	3.6927
410.39	0.974565	3.69275
410.556	0.974572	3.69279
410.721	0.974579	3.69283
410.887	0.974586	3.69288
411.053	0.974593	3.69292
411.218	0.974599	3.69297
411.384	0.974606	3.69301
411.549	0.974613	3.69305
411.715	0.97462	3.6931
411.881	0.974627	3.69314
412.046	0.974634	3.69319
412.212	0.97464	3.69323
412.378	0.974647	3.69327
412.543	0.974654	3.69332
412.709	0.974661	3.69336
412.874	0.974668	3.69341
413.04	0.974674	3.69345
413.206	0.974681	3.6935
413.371	0.974688	3.69354
413.537	0.974695	3.69358
413.702	0.974702	3.69363
413.868	0.974709	3.69367
414.034	0.974715	3.69372
414.199	0.974722	3.69376
414.365	0.974729	3.6938
414.531	0.974736	3.69385
414.696	0.974743	3.69389
414.862	0.974749	3.69394
415.027	0.974756	3.69398
415.193	0.974763	3.69402
415.359	0.97477	3.69407
415.524	0.974776	3.69411
415.69	0.974783	3.69416
415.855	0.97479	3.6942
416.021	0.974797	3.69425
416.187	0.974804	3.69429
416.352	0.97481	3.69433
416.518	0.974817	3.69438
416.683	0.974824	3.69442
416.849	0.974831	3.69447
417.015	0.974837	3.69451
417.18	0.974844	3.69455
417.346	0.974851	3.6946
417.512	0.974858	3.69464
417.677	0.974865	3.69469
417.843	0.974871	3.69473
418.008	0.974878	3.69477
418.174	0.974885	3.69482
418.34	0.974892	3.69486
418.505	0.974898	3.69491
418.671	0.974905	3.69495
418.836	0.974912	3.69499
419.002	0.974919	3.69504
419.168	0.974925	3.69508
419.333	0.974932	3.69513
419.499	0.974939	3.69517
419.665	0.974946	3.69522
419.83	0.974952	3.69526
419.996	0.974959	3.6953
420.161	0.974966	3.69535
420.327	0.974973	3.69539
420.493	0.974979	3.69544
420.658	0.974986	3.69548
420.824	0.974993	3.69552
420.989	0.975	3.69557
421.155	0.975006	3.69561
421.321	0.975013	3.69566
421.486	0.97502	3.6957
421.652	0.975027	3.69574
421.817	0.975033	3.69579
421.983	0.97504	3.69583
422.149	0.975047	3.69588
422.314	0.975053	3.69592
422.48	0.97506	3.69596
422.646	0.975067	3.69601
422.811	0.975074	3.69605
422.977	0.97508	3.6961
423.142	0.975087	3.69614
423.308	0.975094	3.69618
423.474	0.9751	3.69623
423.639	0.975107	3.69627
423.805	0.975114	3.69632
423.97	0.975121	3.69636
424.136	0.975127	3.6964
424.302	0.975134	3.69645
424.467	0.975141	3.69649
424.633	0.975147	3.69654
424.799	0.975154	3.69658
424.964	0.975161	3.69662
425.13	0.975167	3.69667
425.295	0.975174	3.69671
425.461	0.975181	3.69676
425.627	0.975188	3.6968
425.792	0.975194	3.69684
425.958	0.975201	3.69689
426.123	0.975208	3.69693
426.289	0.975214	3.69698
426.455	0.975221	3.69702
426.62	0.975228	3.69706
426.786	0.975234	3.69711
426.951	0.975241	3.69715
427.117	0.975248	3.6972
427.283	0.975254	3.69724
427.448	0.975261	3.69728
427.614	0.975268	3.69733
427.78	0.975274	3.69737
427.945	0.975281	3.69742
428.111	0.975288	3.69746
428.276	0.975294	3.6975
428.442	0.975301	3.69755
428.608	0.975308	3.69759
428.773	0.975314	3.69764
428.939	0.975321	3.69768
429.104	0.975328	3.69772
429.27	0.975334	3.69777
429.436	0.975341	3.69781
429.601	0.975348	3.69786
429.767	0.975354	3.6979
429.933	0.975361	3.69794
430.098	0.975368	3.69799
430.264	0.975374	3.69803
430.429	0.975381	3.69808
430.595	0.975388	3.69812
430.761	0.975394	3.69816
430.926	0.975401	3.69821
431.092	0.975407	3.69825
431.257	0.975414	3.6983
431.423	0.975421	3.69834
431.589	0.975427	3.69838
431.754	0.975434	3.69843
431.92	0.975441	3.69847
432.085	0.975447	3.69852
432.251	0.975454	3.69856
432.417	0.975461	3.6986
432.582	0.975467	3.69865
432.748	0.975474	3.69869
432.914	0.97548	3.69874
433.079	0.975487	3.69878
433.245	0.975494	3.69882
433.41	0.9755	3.69887
433.576	0.975507	3.69891
433.742	0.975514	3.69896
433.907	0.97552	3.699
434.073	0.975527	3.69904
434.238	0.975533	3.69909
434.404	0.97554	3.69913
434.57	0.975547	3.69917
434.735	0.975553	3.69922
434.901	0.97556	3.69926
435.067	0.975566	3.69931
435.232	0.975573	3.69935
435.398	0.97558	3.69939
435.563	0.975586	3.69944
435.729	0.975593	3.69948
435.895	0.975599	3.69953
436.06	0.975606	3.69957
436.226	0.975613	3.69961
436.391	0.975619	3.69966
436.557	0.975626	3.6997
436.723	0.975632	3.69975
436.888	0.975639	3.69979
437.054	0.975645	3.69983
437.219	0.975652	3.69988
437.385	0.975659	3.69992
437.551	0.975665	3.69997
437.716	0.975672	3.70001
437.882	0.975678	3.70005
438.048	0.975685	3.7001
438.213	0.975692	3.70014
438.379	0.975698	3.70018
438.544	0.975705	3.70023
438.71	0.975711	3.70027
438.876	0.975718	3.70032
439.041	0.975724	3.70036
439.207	0.975731	3.7004
439.372	0.975737	3.70045
439.538	0.975744	3.70049
439.704	0.975751	3.70054
439.869	0.975757	3.70058
440.035	0.975764	3.70062
440.201	0.97577	3.70067
440.366	0.975777	3.70071
440.532	0.975783	3.70076
440.697	0.97579	3.7008
440.863	0.975796	3.70084
441.029	0.975803	3.70089
441.194	0.97581	3.70093
441.36	0.975816	3.70097
441.525	0.975823	3.70102
441.691	0.975829	3.70106
441.857	0.975836	3.70111
442.022	0.975842	3.70115
442.188	0.975849	3.70119
442.353	0.975855	3.70124
442.519	0.975862	3.70128
442.685	0.975868	3.70133
442.85	0.975875	3.70137
443.016	0.975881	3.70141
443.182	0.975888	3.70146
443.347	0.975894	3.7015
443.513	0.975901	3.70154
443.678	0.975908	3.70159
443.844	0.975914	3.70163
444.01	0.975921	3.70168
444.175	0.975927	3.70172
444.341	0.975934	3.70176
444.506	0.97594	3.70181
444.672	0.975947	3.70185
444.838	0.975953	3.7019
445.003	0.97596	3.70194
445.169	0.975966	3.70198
445.335	0.975973	3.70203
445.5	0.975979	3.70207
445.666	0.975986	3.70211
445.831	0.975992	3.70216
445.997	0.975999	3.7022
446.163	0.976005	3.70225
446.328	0.976012	3.70229
446.494	0.976018	3.70233
446.659	0.976025	3.70238
446.825	0.976031	3.70242
446.991	0.976038	3.70247
447.156	0.976044	3.70251
447.322	0.976051	3.70255
447.487	0.976057	3.7026
447.653	0.976064	3.70264
447.819	0.97607	3.70268
447.984	0.976077	3.70273
448.15	0.976083	3.70277
448.316	0.976089	3.70282
448.481	0.976096	3.70286
448.647	0.976102	3.7029
448.812	0.976109	3.70295
448.978	0.976115	3.70299
449.144	0.976122	3.70304
449.309	0.976128	3.70308
449.475	0.976135	3.70312
449.64	0.976141	3.70317
449.806	0.976148	3.70321
449.972	0.976154	3.70325
450.137	0.976161	3.7033
450.303	0.976167	3.70334
450.469	0.976174	3.70339
450.634	0.97618	3.70343
450.8	0.976186	3.70347
450.965	0.976193	3.70352
451.131	0.976199	3.70356
451.297	0.976206	3.7036
451.462	0.976212	3.70365
451.628	0.976219	3.70369
451.793	0.976225	3.70374
451.959	0.976232	3.70378
452.125	0.976238	3.70382
452.29	0.976245	3.70387
452.456	0.976251	3.70391
452.621	0.976257	3.70395
452.787	0.976264	3.704
452.953	0.97627	3.70404
453.118	0.976277	3.70409
453.284	0.976283	3.70413
453.45	0.97629	3.70417
453.615	0.976296	3.70422
453.781	0.976302	3.70426
453.946	0.976309	3.7043
454.112	0.976315	3.70435
454.278	0.976322	3.70439
454.443	0.976328	3.70444
454.609	0.976335	3.70448
454.774	0.976341	3.70452
454.94	0.976347	3.70457
455.106	0.976354	3.70461
455.271	0.97636	3.70465
455.437	0.976367	3.7047
455.603	0.976373	3.70474
455.768	0.976379	3.70479
455.934	0.976386	3.70483
456.099	0.976392	3.70487
456.265	0.976399	3.70492
456.431	0.976405	3.70496
456.596	0.976412	3.705
456.762	0.976418	3.70505
456.927	0.976424	3.70509
457.093	0.976431	3.70514
457.259	0.976437	3.70518
457.424	0.976443	3.70522
457.59	0.97645	3.70527
457.755	0.976456	3.70531
457.921	0.976463	3.70535
458.087	0.976469	3.7054
458.252	0.976475	3.70544
458.418	0.976482	3.70549
458.584	0.976488	3.70553
458.749	0.976495	3.70557
458.915	0.976501	3.70562
459.08	0.976507	3.70566
459.246	0.976514	3.7057
459.412	0.97652	3.70575
459.577	0.976527	3.70579
459.743	0.976533	3.70584
459.908	0.976539	3.70588
460.074	0.976546	3.70592
460.24	0.976552	3.70597
460.405	0.976558	3.70601
460.571	0.976565	3.70605
460.737	0.976571	3.7061
460.902	0.976577	3.70614
461.068	0.976584	3.70619
461.233	0.97659	3.70623
461.399	0.976597	3.70627
461.565	0.976603	3.70632
461.73	0.976609	3.70636
461.896	0.976616	3.7064
462.061	0.976622	3.70645
462.227	0.976628	3.70649
462.393	0.976635	3.70653
462.558	0.976641	3.70658
462.724	0.976647	3.70662
462.889	0.976654	3.70667
463.055	0.97666	3.70671
463.221	0.976666	3.70675
463.386	0.976673	3.7068
463.552	0.976679	3.70684
463.718	0.976685	3.70688
463.883	0.976692	3.70693
464.049	0.976698	3.70697
464.214	0.976704	3.70702
464.38	0.976711	3.70706
464.546	0.976717	3.7071
464.711	0.976723	3.70715
464.877	0.97673	3.70719
465.042	0.976736	3.70723
465.208	0.976742	3.70728
465.374	0.976749	3.70732
465.539	0.976755	3.70736
465.705	0.976761	3.70741
465.87	0.976768	3.70745
466.036	0.976774	3.7075
466.202	0.97678	3.70754
466.367	0.976787	3.70758
466.533	0.976793	3.70763
466.699	0.976799	3.70767
466.864	0.976806	3.70771
467.03	0.976812	3.70776
467.195	0.976818	3.7078
467.361	0.976825	3.70784
467.527	0.976831	3.70789
467.692	0.976837	3.70793
467.858	0.976843	3.70798
468.023	0.97685	3.70802
468.189	0.976856	3.70806
468.355	0.976862	3.70811
468.52	0.976869	3.70815
468.686	0.976875	3.70819
468.852	0.976881	3.70824
469.017	0.976888	3.70828
469.183	0.976894	3.70832
469.348	0.9769	3.70837
469.514	0.976906	3.70841
469.68	0.976913	3.70846
469.845	0.976919	3.7085
470.011	0.976925	3.70854
470.176	0.976932	3.70859
470.342	0.976938	3.70863
470.508	0.976944	3.70867
470.673	0.97695	3.70872
470.839	0.976957	3.70876
471.004	0.976963	3.7088
471.17	0.976969	3.70885
471.336	0.976975	3.70889
471.501	0.976982	3.70894
471.667	0.976988	3.70898
471.833	0.976994	3.70902
471.998	0.977001	3.70907
472.164	0.977007	3.70911
472.329	0.977013	3.70915
472.495	0.977019	3.7092
472.661	0.977026	3.70924
472.826	0.977032	3.70928
472.992	0.977038	3.70933
473.157	0.977044	3.70937
473.323	0.977051	3.70942
473.489	0.977057	3.70946
473.654	0.977063	3.7095
473.82	0.977069	3.70955
473.986	0.977076	3.70959
474.151	0.977082	3.70963
474.317	0.977088	3.70968
474.482	0.977094	3.70972
474.648	0.977101	3.70976
474.814	0.977107	3.70981
474.979	0.977113	3.70985
475.145	0.977119	3.70989
475.31	0.977126	3.70994
475.476	0.977132	3.70998
475.642	0.977138	3.71003
475.807	0.977144	3.71007
475.973	0.97715	3.71011
476.138	0.977157	3.71016
476.304	0.977163	3.7102
476.47	0.977169	3.71024
476.635	0.977175	3.71029
476.801	0.977182	3.71033
476.967	0.977188	3.71037
477.132	0.977194	3.71042
477.298	0.9772	3.71046
477.463	0.977206	3.7105
477.629	0.977213	3.71055
477.795	0.977219	3.71059
477.96	0.977225	3.71064
478.126	0.977231	3.71068
478.291	0.977238	3.71072
478.457	0.977244	3.71077
478.623	0.97725	3.71081
478.788	0.977256	3.71085
478.954	0.977262	3.7109
479.12	0.977269	3.71094
479.285	0.977275	3.71098
479.451	0.977281	3.71103
479.616	0.977287	3.71107
479.782	0.977293	3.71111
479.948	0.9773	3.71116
480.113	0.977306	3.7112
480.279	0.977312	3.71124
480.444	0.977318	3.71129
480.61	0.977324	3.71133
480.776	0.977331	3.71138
480.941	0.977337	3.71142
481.107	0.977343	3.71146
481.272	0.977349	3.71151
481.438	0.977355	3.71155
481.604	0.977361	3.71159
481.769	0.977368	3.71164
481.935	0.977374	3.71168
482.101	0.97738	3.71172
482.266	0.977386	3.71177
482.432	0.977392	3.71181
482.597	0.977399	3.71185
482.763	0.977405	3.7119
482.929	0.977411	3.71194
483.094	0.977417	3.71198
483.26	0.977423	3.71203
483.425	0.977429	3.71207
483.591	0.977436	3.71212
483.757	0.977442	3.71216
483.922	0.977448	3.7122
484.088	0.977454	3.71225
484.254	0.97746	3.71229
484.419	0.977466	3.71233
484.585	0.977473	3.71238
484.75	0.977479	3.71242
484.916	0.977485	3.71246
485.082	0.977491	3.71251
485.247	0.977497	3.71255
485.413	0.977503	3.71259
485.578	0.977509	3.71264
485.744	0.977516	3.71268
485.91	0.977522	3.71272
486.075	0.977528	3.71277
486.241	0.977534	3.71281
486.406	0.97754	3.71286
486.572	0.977546	3.7129
486.738	0.977552	3.71294
486.903	0.977559	3.71299
487.069	0.977565	3.71303
487.235	0.977571	3.71307
487.4	0.977577	3.71312
487.566	0.977583	3.71316
487.731	0.977589	3.7132
487.897	0.977595	3.71325
488.063	0.977601	3.71329
488.228	0.977608	3.71333
488.394	0.977614	3.71338
488.559	0.97762	3.71342
488.725	0.977626	3.71346
488.891	0.977632	3.71351
489.056	0.977638	3.71355
489.222	0.977644	3.71359
489.388	0.97765	3.71364
489.553	0.977657	3.71368
489.719	0.977663	3.71372
489.884	0.977669	3.71377
490.05	0.977675	3.71381
490.216	0.977681	3.71386
490.381	0.977687	3.7139
490.547	0.977693	3.71394
490.712	0.977699	3.71399
490.878	0.977705	3.71403
491.044	0.977712	3.71407
491.209	0.977718	3.71412
491.375	0.977724	3.71416
491.54	0.97773	3.7142
491.706	0.977736	3.71425
491.872	0.977742	3.71429
492.037	0.977748	3.71433
492.203	0.977754	3.71438
492.369	0.97776	3.71442
492.534	0.977766	3.71446
492.7	0.977772	3.71451
492.865	0.977779	3.71455
493.031	0.977785	3.71459
493.197	0.977791	3.71464
493.362	0.977797	3.71468
493.528	0.977803	3.71472
493.693	0.977809	3.71477
493.859	0.977815	3.71481
494.025	0.977821	3.71485
494.19	0.977827	3.7149
494.356	0.977833	3.71494
494.522	0.977839	3.71498
494.687	0.977845	3.71503
494.853	0.977851	3.71507
495.018	0.977858	3.71511
495.184	0.977864	3.71516
495.35	0.97787	3.7152
495.515	0.977876	3.71525
495.681	0.977882	3.71529
495.846	0.977888	3.71533
496.012	0.977894	3.71538
496.178	0.9779	3.71542
496.343	0.977906	3.71546
496.509	0.977912	3.71551
496.674	0.977918	3.71555
496.84	0.977924	3.71559
497.006	0.97793	3.71564
497.171	0.977936	3.71568
497.337	0.977942	3.71572
497.503	0.977948	3.71577
497.668	0.977954	3.71581
497.834	0.977961	3.71585
497.999	0.977967	3.7159
498.165	0.977973	3.71594
498.331	0.977979	3.71598
498.496	0.977985	3.71603
498.662	0.977991	3.71607
498.827	0.977997	3.71611
498.993	0.978003	3.71616
499.159	0.978009	3.7162
499.324	0.978015	3.71624
499.49	0.978021	3.71629
499.656	0.978027	3.71633
499.821	0.978033	3.71637
499.987	0.978039	3.71642
