0	1.00149	3.55791
0	1.00149	3.55791
0.165613	1.0017	3.55827
0.331226	1.00228	3.55927
0.498495	1.00313	3.56075
0.664107	1.00413	3.56251
0.82972	1.00517	3.56437
0.995333	1.00615	3.56615
1.15929	1.00698	3.56767
1.3249	1.00762	3.56888
1.49052	1.00805	3.56972
1.65613	1.00825	3.57016
1.82174	1.00823	3.57024
1.98735	1.00802	3.56999
2.15297	1.00766	3.56952
2.31858	1.00722	3.5689
2.48419	1.00673	3.56822
2.6498	1.00625	3.56758
2.81542	1.00579	3.56702
2.98103	1.0054	3.56658
3.14664	1.00509	3.56629
3.31226	1.00485	3.56616
3.47787	1.00469	3.56618
3.64348	1.0046	3.56634
3.80909	1.00456	3.5666
3.97471	1.00456	3.56694
4.14032	1.00459	3.56734
4.30593	1.00461	3.56777
4.47155	1.00462	3.56819
4.63716	1.0046	3.56857
4.80277	1.00453	3.56888
4.96838	1.00442	3.56912
5.134	1.00426	3.56928
5.29961	1.00406	3.56938
5.46522	1.00382	3.56942
5.63084	1.00355	3.56943
5.79645	1.00326	3.56943
5.96206	1.00297	3.56942
6.12767	1.00267	3.56942
6.29329	1.00238	3.56944
6.4589	1.00209	3.56948
6.62451	1.00181	3.56954
6.79013	1.00154	3.56963
6.95574	1.00127	3.56974
7.12135	1.00102	3.56988
7.28696	1.00077	3.57005
7.45258	1.00053	3.57023
7.61819	1.00028	3.57042
7.7838	1.00003	3.57062
7.94941	0.99978	3.57081
8.11503	0.999516	3.57099
8.28064	0.99924	3.57117
8.44625	0.998952	3.57133
8.61187	0.998652	3.57147
8.77748	0.998343	3.57161
8.94475	0.998022	3.57174
9.11036	0.997698	3.57186
9.27597	0.997368	3.57199
9.44159	0.997035	3.57212
9.6072	0.996699	3.57224
9.77281	0.99636	3.57237
9.93842	0.996021	3.5725
10.104	0.99568	3.57264
10.2697	0.99534	3.57278
10.4353	0.994999	3.57293
10.6009	0.994659	3.57308
10.7665	0.994319	3.57324
10.9321	0.993979	3.5734
11.0977	0.993637	3.57356
11.2633	0.993294	3.57373
11.4289	0.992948	3.57389
11.5946	0.992599	3.57405
11.7602	0.992248	3.57421
11.9258	0.991894	3.57437
12.0914	0.991538	3.57453
12.257	0.99118	3.57468
12.4226	0.990821	3.57483
12.5882	0.99046	3.57499
12.7538	0.990099	3.57514
12.9195	0.989737	3.5753
13.0851	0.989374	3.57545
13.2507	0.989011	3.5756
13.4163	0.988649	3.57576
13.5819	0.988286	3.57591
13.7475	0.987925	3.57607
13.9131	0.987564	3.57622
14.0787	0.987204	3.57638
14.2444	0.986845	3.57654
14.41	0.986486	3.5767
14.5756	0.986128	3.57686
14.7412	0.985771	3.57702
14.9068	0.985415	3.57718
15.0724	0.98506	3.57734
15.238	0.984705	3.5775
15.4036	0.984351	3.57766
15.5693	0.983998	3.57781
15.7349	0.983647	3.57797
15.9005	0.983297	3.57813
16.0661	0.982948	3.57829
16.2317	0.982601	3.57844
16.3973	0.982255	3.5786
16.5629	0.981911	3.57875
16.7286	0.981569	3.57891
16.8942	0.981228	3.57906
17.0598	0.98089	3.57922
17.2254	0.980554	3.57937
17.391	0.98022	3.57953
17.5566	0.979888	3.57968
17.7222	0.979559	3.57984
17.8878	0.979232	3.57999
18.0535	0.978907	3.58015
18.2191	0.978585	3.5803
18.3847	0.978265	3.58045
18.5503	0.977947	3.58061
18.7159	0.977632	3.58076
18.8815	0.977319	3.58091
19.0471	0.97701	3.58106
19.2127	0.976702	3.58122
19.3784	0.976398	3.58137
19.544	0.976096	3.58152
19.7096	0.975797	3.58167
19.8752	0.9755	3.58182
20.0408	0.975207	3.58196
20.2064	0.974916	3.58211
20.372	0.974629	3.58226
20.5376	0.974344	3.58241
20.7033	0.974062	3.58255
20.8689	0.973783	3.5827
21.0345	0.973507	3.58285
21.2001	0.973235	3.58299
21.3657	0.972965	3.58314
21.5313	0.972698	3.58328
21.6969	0.972435	3.58343
21.8625	0.972174	3.58357
22.0282	0.971916	3.58371
22.1938	0.971662	3.58386
22.3594	0.971411	3.584
22.525	0.971162	3.58414
22.6906	0.970917	3.58428
22.8562	0.970675	3.58442
23.0218	0.970436	3.58456
23.1874	0.9702	3.5847
23.3531	0.969967	3.58484
23.5187	0.969738	3.58498
23.6843	0.969511	3.58512
23.8499	0.969288	3.58526
24.0155	0.969067	3.58539
24.1811	0.96885	3.58553
24.3467	0.968636	3.58567
24.5124	0.968424	3.5858
24.678	0.968216	3.58594
24.8436	0.968011	3.58607
25.0092	0.967809	3.58621
25.1748	0.96761	3.58634
25.3404	0.967413	3.58647
25.506	0.96722	3.58661
25.6716	0.96703	3.58674
25.8373	0.966843	3.58687
26.0029	0.966658	3.587
26.1685	0.966477	3.58713
26.3341	0.966298	3.58726
26.4997	0.966122	3.58739
26.6653	0.965949	3.58752
26.8309	0.965779	3.58765
26.9965	0.965612	3.58778
27.1622	0.965447	3.58791
27.3278	0.965286	3.58804
27.4934	0.965127	3.58816
27.659	0.96497	3.58829
27.8246	0.964817	3.58842
27.9902	0.964666	3.58854
28.1558	0.964517	3.58867
28.3214	0.964371	3.58879
28.4871	0.964228	3.58892
28.6527	0.964088	3.58904
28.8183	0.963949	3.58916
28.9839	0.963814	3.58929
29.1495	0.963681	3.58941
29.3151	0.96355	3.58953
29.4807	0.963422	3.58965
29.6463	0.963296	3.58978
29.812	0.963173	3.5899
29.9776	0.963051	3.59002
30.1432	0.962933	3.59014
30.3088	0.962816	3.59026
30.4744	0.962702	3.59038
30.64	0.96259	3.5905
30.8056	0.96248	3.59062
30.9713	0.962372	3.59073
31.1369	0.962267	3.59085
31.3025	0.962163	3.59097
31.4681	0.962062	3.59109
31.6337	0.961963	3.5912
31.7993	0.961866	3.59132
31.9649	0.961771	3.59144
32.1305	0.961677	3.59155
32.2962	0.961586	3.59167
32.4618	0.961497	3.59179
32.6274	0.96141	3.5919
32.793	0.961324	3.59202
32.9586	0.961241	3.59213
33.1242	0.961159	3.59224
33.2898	0.961079	3.59236
33.4554	0.961001	3.59247
33.6211	0.960924	3.59259
33.7867	0.96085	3.5927
33.9523	0.960777	3.59281
34.1179	0.960705	3.59292
34.2835	0.960636	3.59304
34.4491	0.960568	3.59315
34.6147	0.960501	3.59326
34.7803	0.960436	3.59337
34.946	0.960373	3.59348
35.1116	0.960311	3.59359
35.2772	0.960251	3.5937
35.4428	0.960192	3.59381
35.6084	0.960135	3.59392
35.774	0.960079	3.59403
35.9396	0.960025	3.59414
36.1052	0.959972	3.59425
36.2709	0.95992	3.59436
36.4365	0.95987	3.59447
36.6021	0.959821	3.59458
36.7677	0.959773	3.59469
36.9333	0.959726	3.59479
37.0989	0.959681	3.5949
37.2645	0.959637	3.59501
37.4302	0.959595	3.59512
37.5958	0.959553	3.59523
37.7614	0.959513	3.59533
37.927	0.959474	3.59544
38.0926	0.959436	3.59555
38.2582	0.959399	3.59565
38.4238	0.959363	3.59576
38.5894	0.959328	3.59587
38.7534	0.959295	3.59597
38.919	0.959262	3.59608
39.0846	0.959231	3.59618
39.2502	0.9592	3.59629
39.4158	0.959171	3.59639
39.5815	0.959142	3.5965
39.7471	0.959115	3.5966
39.9127	0.959088	3.59671
40.0783	0.959062	3.59681
40.2439	0.959037	3.59692
40.4095	0.959013	3.59702
40.5751	0.95899	3.59713
40.7408	0.958968	3.59723
40.9064	0.958947	3.59733
41.072	0.958926	3.59744
41.2376	0.958907	3.59754
41.4032	0.958888	3.59764
41.5688	0.95887	3.59775
41.7344	0.958852	3.59785
41.9	0.958836	3.59795
42.0657	0.95882	3.59806
42.2313	0.958805	3.59816
42.3969	0.95879	3.59826
42.5625	0.958777	3.59836
42.7281	0.958764	3.59847
42.8937	0.958752	3.59857
43.0593	0.95874	3.59867
43.2249	0.958729	3.59877
43.3906	0.958719	3.59887
43.5562	0.958709	3.59898
43.7218	0.9587	3.59908
43.8874	0.958691	3.59918
44.053	0.958684	3.59928
44.2186	0.958676	3.59938
44.3842	0.95867	3.59948
44.5498	0.958663	3.59958
44.7155	0.958658	3.59968
44.8811	0.958653	3.59979
45.0467	0.958648	3.59989
45.2123	0.958644	3.59999
45.3779	0.958641	3.60009
45.5435	0.958638	3.60019
45.7091	0.958635	3.60029
45.8747	0.958633	3.60039
46.0404	0.958632	3.60049
46.206	0.958631	3.60059
46.3716	0.95863	3.60069
46.5372	0.95863	3.60079
46.7028	0.95863	3.60089
46.8684	0.958631	3.60099
47.034	0.958632	3.60109
47.1997	0.958634	3.60119
47.3653	0.958636	3.60129
47.5309	0.958638	3.60139
47.6965	0.958641	3.60149
47.8621	0.958644	3.60159
48.0277	0.958648	3.60169
48.1933	0.958651	3.60178
48.3589	0.958656	3.60188
48.5246	0.95866	3.60198
48.6902	0.958665	3.60208
48.8558	0.95867	3.60218
49.0214	0.958676	3.60228
49.187	0.958682	3.60238
49.3526	0.958688	3.60248
49.5182	0.958695	3.60258
49.6838	0.958702	3.60267
49.8495	0.958709	3.60277
50.0151	0.958716	3.60287
50.1807	0.958724	3.60297
50.3463	0.958732	3.60307
50.5119	0.95874	3.60317
50.6775	0.958749	3.60326
50.8431	0.958758	3.60336
51.0087	0.958767	3.60346
51.1744	0.958776	3.60356
51.34	0.958786	3.60366
51.5056	0.958796	3.60375
51.6712	0.958806	3.60385
51.8368	0.958816	3.60395
52.0024	0.958827	3.60405
52.168	0.958838	3.60415
52.3336	0.958849	3.60424
52.4993	0.95886	3.60434
52.6649	0.958871	3.60444
52.8305	0.958883	3.60454
52.9961	0.958895	3.60463
53.1617	0.958907	3.60473
53.3273	0.958919	3.60483
53.4929	0.958932	3.60493
53.6586	0.958944	3.60502
53.8242	0.958957	3.60512
53.9898	0.95897	3.60522
54.1554	0.958983	3.60531
54.321	0.958997	3.60541
54.4866	0.95901	3.60551
54.6522	0.959024	3.60561
54.8178	0.959038	3.6057
54.9835	0.959052	3.6058
55.1491	0.959066	3.6059
55.3147	0.95908	3.60599
55.4803	0.959095	3.60609
55.6459	0.959109	3.60619
55.8115	0.959124	3.60628
55.9771	0.959139	3.60638
56.1427	0.959154	3.60648
56.3084	0.959169	3.60657
56.474	0.959184	3.60667
56.6396	0.9592	3.60677
56.8052	0.959215	3.60686
56.9708	0.959231	3.60696
57.1364	0.959247	3.60706
57.302	0.959263	3.60715
57.4676	0.959279	3.60725
57.6333	0.959295	3.60735
57.7989	0.959311	3.60744
57.9645	0.959327	3.60754
58.1301	0.959344	3.60764
58.2957	0.95936	3.60773
58.4613	0.959377	3.60783
58.6269	0.959394	3.60792
58.7925	0.959411	3.60802
58.9582	0.959427	3.60812
59.1238	0.959444	3.60821
59.2894	0.959462	3.60831
59.455	0.959479	3.6084
59.6206	0.959496	3.6085
59.7862	0.959513	3.6086
59.9518	0.959531	3.60869
60.1175	0.959548	3.60879
60.2831	0.959566	3.60888
60.4487	0.959584	3.60898
60.6143	0.959601	3.60908
60.7799	0.959619	3.60917
60.9455	0.959637	3.60927
61.1111	0.959655	3.60936
61.2767	0.959673	3.60946
61.4424	0.959691	3.60956
61.608	0.959709	3.60965
61.7736	0.959727	3.60975
61.9392	0.959746	3.60984
62.1048	0.959764	3.60994
62.2704	0.959783	3.61003
62.436	0.959801	3.61013
62.6016	0.959819	3.61023
62.7673	0.959838	3.61032
62.9329	0.959857	3.61042
63.0985	0.959875	3.61051
63.2641	0.959894	3.61061
63.4297	0.959913	3.6107
63.5953	0.959932	3.6108
63.7609	0.95995	3.61089
63.9265	0.959969	3.61099
64.0922	0.959988	3.61109
64.2578	0.960007	3.61118
64.4234	0.960026	3.61128
64.589	0.960045	3.61137
64.7546	0.960065	3.61147
64.9202	0.960084	3.61156
65.0858	0.960103	3.61166
65.2514	0.960122	3.61175
65.4171	0.960141	3.61185
65.5827	0.960161	3.61194
65.7483	0.96018	3.61204
65.9139	0.960199	3.61213
66.0795	0.960219	3.61223
66.2451	0.960238	3.61232
66.4107	0.960258	3.61242
66.5764	0.960277	3.61251
66.742	0.960297	3.61261
66.9076	0.960316	3.6127
67.0732	0.960336	3.6128
67.2388	0.960355	3.61289
67.4044	0.960375	3.61299
67.57	0.960395	3.61308
67.7356	0.960414	3.61318
67.9013	0.960434	3.61327
68.0669	0.960454	3.61337
68.2325	0.960473	3.61346
68.3981	0.960493	3.61356
68.5637	0.960513	3.61365
68.7293	0.960533	3.61375
68.8949	0.960553	3.61384
69.0605	0.960572	3.61394
69.2262	0.960592	3.61403
69.3918	0.960612	3.61413
69.5574	0.960632	3.61422
69.723	0.960652	3.61432
69.8886	0.960672	3.61441
70.0542	0.960692	3.61451
70.2198	0.960712	3.6146
70.3854	0.960732	3.6147
70.5511	0.960752	3.61479
70.7167	0.960772	3.61489
70.8823	0.960792	3.61498
71.0479	0.960812	3.61508
71.2135	0.960832	3.61517
71.3791	0.960852	3.61527
71.5447	0.960872	3.61536
71.7103	0.960892	3.61546
71.876	0.960912	3.61555
72.0416	0.960932	3.61564
72.2072	0.960952	3.61574
72.3728	0.960972	3.61583
72.5384	0.960992	3.61593
72.704	0.961013	3.61602
72.8696	0.961033	3.61612
73.0353	0.961053	3.61621
73.2009	0.961073	3.61631
73.3665	0.961093	3.6164
73.5321	0.961113	3.6165
73.6977	0.961133	3.61659
73.8633	0.961153	3.61668
74.0289	0.961174	3.61678
74.1945	0.961194	3.61687
74.3602	0.961214	3.61697
74.5258	0.961234	3.61706
74.6914	0.961254	3.61716
74.857	0.961275	3.61725
75.0226	0.961295	3.61735
75.1882	0.961315	3.61744
75.3538	0.961335	3.61753
75.5194	0.961355	3.61763
75.6851	0.961375	3.61772
75.8507	0.961396	3.61782
76.0163	0.961416	3.61791
76.1819	0.961436	3.61801
76.3475	0.961456	3.6181
76.5131	0.961476	3.61819
76.6787	0.961497	3.61829
76.8443	0.961517	3.61838
77.01	0.961537	3.61848
77.1756	0.961557	3.61857
77.3412	0.961577	3.61867
77.5068	0.961598	3.61876
77.6724	0.961618	3.61885
77.838	0.961638	3.61895
78.0036	0.961658	3.61904
78.1692	0.961678	3.61914
78.3349	0.961698	3.61923
78.5005	0.961719	3.61932
78.6661	0.961739	3.61942
78.8317	0.961759	3.61951
78.9973	0.961779	3.61961
79.1629	0.961799	3.6197
79.3285	0.961819	3.61979
79.4941	0.96184	3.61989
79.6598	0.96186	3.61998
79.8254	0.96188	3.62008
79.991	0.9619	3.62017
80.1583	0.96192	3.62027
80.3239	0.961941	3.62036
80.4895	0.961961	3.62045
80.6551	0.961981	3.62055
80.8207	0.962001	3.62064
80.9863	0.962021	3.62074
81.1519	0.962041	3.62083
81.3175	0.962061	3.62092
81.4832	0.962081	3.62102
81.6488	0.962102	3.62111
81.8144	0.962122	3.62121
81.98	0.962142	3.6213
82.1456	0.962162	3.62139
82.3112	0.962182	3.62149
82.4768	0.962202	3.62158
82.6424	0.962222	3.62167
82.8081	0.962242	3.62177
82.9737	0.962262	3.62186
83.1393	0.962282	3.62196
83.3049	0.962302	3.62205
83.4705	0.962322	3.62214
83.6361	0.962342	3.62224
83.8017	0.962362	3.62233
83.9674	0.962382	3.62242
84.133	0.962402	3.62252
84.2986	0.962423	3.62261
84.4642	0.962443	3.62271
84.6298	0.962463	3.6228
84.7954	0.962482	3.62289
84.961	0.962502	3.62299
85.1266	0.962522	3.62308
85.2923	0.962542	3.62317
85.4579	0.962562	3.62327
85.6235	0.962582	3.62336
85.7891	0.962602	3.62345
85.9547	0.962622	3.62355
86.1203	0.962642	3.62364
86.2859	0.962662	3.62374
86.4515	0.962682	3.62383
86.6172	0.962702	3.62392
86.7828	0.962722	3.62402
86.9484	0.962742	3.62411
87.114	0.962762	3.6242
87.2796	0.962781	3.6243
87.4452	0.962801	3.62439
87.6108	0.962821	3.62448
87.7764	0.962841	3.62458
87.9421	0.962861	3.62467
88.1077	0.962881	3.62476
88.2733	0.9629	3.62486
88.4389	0.96292	3.62495
88.6045	0.96294	3.62504
88.7701	0.96296	3.62514
88.9357	0.96298	3.62523
89.1013	0.962999	3.62532
89.267	0.963019	3.62542
89.4326	0.963039	3.62551
89.5982	0.963059	3.6256
89.7638	0.963078	3.6257
89.9294	0.963098	3.62579
90.095	0.963118	3.62588
90.2606	0.963138	3.62598
90.4263	0.963157	3.62607
90.5919	0.963177	3.62616
90.7575	0.963197	3.62626
90.9231	0.963216	3.62635
91.0887	0.963236	3.62644
91.2543	0.963256	3.62654
91.4199	0.963275	3.62663
91.5855	0.963295	3.62672
91.7512	0.963315	3.62682
91.9168	0.963334	3.62691
92.0824	0.963354	3.627
92.248	0.963374	3.6271
92.4136	0.963393	3.62719
92.5792	0.963413	3.62728
92.7448	0.963432	3.62738
92.9104	0.963452	3.62747
93.0761	0.963471	3.62756
93.2417	0.963491	3.62766
93.4073	0.963511	3.62775
93.5729	0.96353	3.62784
93.7385	0.96355	3.62793
93.9041	0.963569	3.62803
94.0697	0.963589	3.62812
94.2353	0.963608	3.62821
94.401	0.963628	3.62831
94.5666	0.963647	3.6284
94.7322	0.963667	3.62849
94.8978	0.963686	3.62859
95.0634	0.963705	3.62868
95.229	0.963725	3.62877
95.3946	0.963744	3.62887
95.5602	0.963764	3.62896
95.7259	0.963783	3.62905
95.8915	0.963803	3.62914
96.0571	0.963822	3.62924
96.2227	0.963841	3.62933
96.3883	0.963861	3.62942
96.5539	0.96388	3.62952
96.7195	0.963899	3.62961
96.8852	0.963919	3.6297
97.0508	0.963938	3.62979
97.2164	0.963957	3.62989
97.382	0.963977	3.62998
97.5476	0.963996	3.63007
97.7132	0.964015	3.63017
97.8788	0.964035	3.63026
98.0444	0.964054	3.63035
98.2101	0.964073	3.63044
98.3757	0.964092	3.63054
98.5413	0.964112	3.63063
98.7069	0.964131	3.63072
98.8725	0.96415	3.63082
99.0381	0.964169	3.63091
99.2037	0.964188	3.631
99.3693	0.964208	3.63109
99.535	0.964227	3.63119
99.7006	0.964246	3.63128
99.8662	0.964265	3.63137
100.032	0.964284	3.63147
100.197	0.964303	3.63156
100.363	0.964323	3.63165
100.529	0.964342	3.63174
100.694	0.964361	3.63184
100.86	0.96438	3.63193
101.025	0.964399	3.63202
101.191	0.964418	3.63211
101.357	0.964437	3.63221
101.522	0.964456	3.6323
101.688	0.964475	3.63239
101.854	0.964494	3.63248
102.019	0.964513	3.63258
102.185	0.964532	3.63267
102.35	0.964551	3.63276
102.516	0.96457	3.63285
102.682	0.964589	3.63295
102.847	0.964608	3.63304
103.013	0.964627	3.63313
103.178	0.964646	3.63322
103.344	0.964665	3.63332
103.51	0.964684	3.63341
103.675	0.964703	3.6335
103.841	0.964722	3.63359
104.007	0.964741	3.63369
104.172	0.96476	3.63378
104.338	0.964779	3.63387
104.503	0.964797	3.63396
104.669	0.964816	3.63406
104.835	0.964835	3.63415
105	0.964854	3.63424
105.166	0.964873	3.63433
105.331	0.964892	3.63443
105.497	0.964911	3.63452
105.663	0.964929	3.63461
105.828	0.964948	3.6347
105.994	0.964967	3.6348
106.159	0.964986	3.63489
106.325	0.965004	3.63498
106.491	0.965023	3.63507
106.656	0.965042	3.63517
106.822	0.965061	3.63526
106.988	0.965079	3.63535
107.153	0.965098	3.63544
107.319	0.965117	3.63553
107.484	0.965136	3.63563
107.65	0.965154	3.63572
107.816	0.965173	3.63581
107.981	0.965192	3.6359
108.147	0.96521	3.636
108.312	0.965229	3.63609
108.478	0.965248	3.63618
108.644	0.965266	3.63627
108.809	0.965285	3.63636
108.975	0.965303	3.63646
109.14	0.965322	3.63655
109.306	0.965341	3.63664
109.472	0.965359	3.63673
109.637	0.965378	3.63683
109.803	0.965396	3.63692
109.969	0.965415	3.63701
110.134	0.965433	3.6371
110.3	0.965452	3.63719
110.465	0.96547	3.63729
110.631	0.965489	3.63738
110.797	0.965507	3.63747
110.962	0.965526	3.63756
111.128	0.965544	3.63765
111.293	0.965563	3.63775
111.459	0.965581	3.63784
111.625	0.9656	3.63793
111.79	0.965618	3.63802
111.956	0.965637	3.63811
112.122	0.965655	3.63821
112.287	0.965673	3.6383
112.453	0.965692	3.63839
112.618	0.96571	3.63848
112.784	0.965729	3.63857
112.95	0.965747	3.63867
113.115	0.965765	3.63876
113.281	0.965784	3.63885
113.446	0.965802	3.63894
113.612	0.96582	3.63903
113.778	0.965839	3.63913
113.943	0.965857	3.63922
114.109	0.965875	3.63931
114.274	0.965894	3.6394
114.44	0.965912	3.63949
114.606	0.96593	3.63959
114.771	0.965948	3.63968
114.937	0.965967	3.63977
115.103	0.965985	3.63986
115.268	0.966003	3.63995
115.434	0.966021	3.64005
115.599	0.96604	3.64014
115.765	0.966058	3.64023
115.931	0.966076	3.64032
116.096	0.966094	3.64041
116.262	0.966112	3.6405
116.427	0.96613	3.6406
116.593	0.966149	3.64069
116.759	0.966167	3.64078
116.924	0.966185	3.64087
117.09	0.966203	3.64096
117.256	0.966221	3.64105
117.421	0.966239	3.64115
117.587	0.966257	3.64124
117.752	0.966275	3.64133
117.918	0.966293	3.64142
118.084	0.966312	3.64151
118.249	0.96633	3.64161
118.415	0.966348	3.6417
118.58	0.966366	3.64179
118.746	0.966384	3.64188
118.912	0.966402	3.64197
119.077	0.96642	3.64206
119.243	0.966438	3.64215
119.408	0.966456	3.64225
119.574	0.966474	3.64234
119.74	0.966492	3.64243
119.905	0.96651	3.64252
120.071	0.966528	3.64261
120.237	0.966545	3.6427
120.402	0.966563	3.6428
120.568	0.966581	3.64289
120.733	0.966599	3.64298
120.899	0.966617	3.64307
121.065	0.966635	3.64316
121.23	0.966653	3.64325
121.396	0.966671	3.64335
121.561	0.966689	3.64344
121.727	0.966707	3.64353
121.893	0.966724	3.64362
122.058	0.966742	3.64371
122.224	0.96676	3.6438
122.39	0.966778	3.64389
122.555	0.966796	3.64399
122.721	0.966813	3.64408
122.886	0.966831	3.64417
123.052	0.966849	3.64426
123.218	0.966867	3.64435
123.383	0.966885	3.64444
123.549	0.966902	3.64453
123.714	0.96692	3.64463
123.88	0.966938	3.64472
124.046	0.966955	3.64481
124.211	0.966973	3.6449
124.377	0.966991	3.64499
124.542	0.967009	3.64508
124.708	0.967026	3.64517
124.874	0.967044	3.64526
125.039	0.967062	3.64536
125.205	0.967079	3.64545
125.371	0.967097	3.64554
125.536	0.967114	3.64563
125.702	0.967132	3.64572
125.867	0.96715	3.64581
126.033	0.967167	3.6459
126.199	0.967185	3.64599
126.364	0.967203	3.64609
126.53	0.96722	3.64618
126.695	0.967238	3.64627
126.861	0.967255	3.64636
127.027	0.967273	3.64645
127.192	0.96729	3.64654
127.358	0.967308	3.64663
127.524	0.967325	3.64672
127.689	0.967343	3.64682
127.855	0.96736	3.64691
128.02	0.967378	3.647
128.186	0.967395	3.64709
128.352	0.967413	3.64718
128.517	0.96743	3.64727
128.683	0.967448	3.64736
128.848	0.967465	3.64745
129.014	0.967483	3.64754
129.18	0.9675	3.64764
129.345	0.967518	3.64773
129.511	0.967535	3.64782
129.676	0.967552	3.64791
129.842	0.96757	3.648
130.008	0.967587	3.64809
130.173	0.967604	3.64818
130.339	0.967622	3.64827
130.505	0.967639	3.64836
130.67	0.967657	3.64846
130.836	0.967674	3.64855
131.001	0.967691	3.64864
131.167	0.967709	3.64873
131.333	0.967726	3.64882
131.498	0.967743	3.64891
131.664	0.96776	3.649
131.829	0.967778	3.64909
131.995	0.967795	3.64918
132.161	0.967812	3.64927
132.326	0.967829	3.64936
132.492	0.967847	3.64946
132.658	0.967864	3.64955
132.823	0.967881	3.64964
132.989	0.967898	3.64973
133.154	0.967916	3.64982
133.32	0.967933	3.64991
133.486	0.96795	3.65
133.651	0.967967	3.65009
133.817	0.967984	3.65018
133.982	0.968002	3.65027
134.148	0.968019	3.65036
134.314	0.968036	3.65046
134.479	0.968053	3.65055
134.645	0.96807	3.65064
134.81	0.968087	3.65073
134.976	0.968104	3.65082
135.142	0.968121	3.65091
135.307	0.968138	3.651
135.473	0.968156	3.65109
135.639	0.968173	3.65118
135.804	0.96819	3.65127
135.97	0.968207	3.65136
136.135	0.968224	3.65145
136.301	0.968241	3.65154
136.467	0.968258	3.65163
136.632	0.968275	3.65173
136.798	0.968292	3.65182
136.963	0.968309	3.65191
137.129	0.968326	3.652
137.295	0.968343	3.65209
137.46	0.96836	3.65218
137.626	0.968377	3.65227
137.792	0.968394	3.65236
137.957	0.968411	3.65245
138.123	0.968428	3.65254
138.288	0.968445	3.65263
138.454	0.968462	3.65272
138.62	0.968478	3.65281
138.785	0.968495	3.6529
138.951	0.968512	3.65299
139.116	0.968529	3.65309
139.282	0.968546	3.65318
139.448	0.968563	3.65327
139.613	0.96858	3.65336
139.779	0.968597	3.65345
139.944	0.968613	3.65354
140.11	0.96863	3.65363
140.276	0.968647	3.65372
140.441	0.968664	3.65381
140.607	0.968681	3.6539
140.773	0.968697	3.65399
140.938	0.968714	3.65408
141.104	0.968731	3.65417
141.269	0.968748	3.65426
141.435	0.968765	3.65435
141.601	0.968781	3.65444
141.766	0.968798	3.65453
141.932	0.968815	3.65462
142.097	0.968832	3.65471
142.263	0.968848	3.6548
142.429	0.968865	3.65489
142.594	0.968882	3.65499
142.76	0.968898	3.65508
142.926	0.968915	3.65517
143.091	0.968932	3.65526
143.257	0.968948	3.65535
143.422	0.968965	3.65544
143.588	0.968982	3.65553
143.754	0.968998	3.65562
143.919	0.969015	3.65571
144.085	0.969032	3.6558
144.25	0.969048	3.65589
144.416	0.969065	3.65598
144.582	0.969081	3.65607
144.747	0.969098	3.65616
144.913	0.969115	3.65625
145.078	0.969131	3.65634
145.244	0.969148	3.65643
145.41	0.969164	3.65652
145.575	0.969181	3.65661
145.741	0.969197	3.6567
145.907	0.969214	3.65679
146.072	0.96923	3.65688
146.238	0.969247	3.65697
146.403	0.969263	3.65706
146.569	0.96928	3.65715
146.735	0.969296	3.65724
146.9	0.969313	3.65733
147.066	0.969329	3.65742
147.231	0.969346	3.65751
147.397	0.969362	3.6576
147.563	0.969379	3.65769
147.728	0.969395	3.65778
147.894	0.969411	3.65787
148.06	0.969428	3.65796
148.225	0.969444	3.65805
148.391	0.969461	3.65814
148.556	0.969477	3.65823
148.722	0.969493	3.65832
148.888	0.96951	3.65841
149.053	0.969526	3.6585
149.217	0.969542	3.65859
149.383	0.969559	3.65868
149.548	0.969575	3.65877
149.714	0.969591	3.65886
149.88	0.969608	3.65895
150.045	0.969624	3.65904
150.211	0.96964	3.65913
150.376	0.969657	3.65922
150.542	0.969673	3.65931
150.708	0.969689	3.6594
150.873	0.969705	3.65949
151.039	0.969722	3.65958
151.204	0.969738	3.65967
151.37	0.969754	3.65976
151.536	0.96977	3.65985
151.701	0.969787	3.65994
151.867	0.969803	3.66003
152.033	0.969819	3.66012
152.198	0.969835	3.66021
152.364	0.969852	3.6603
152.529	0.969868	3.66039
152.695	0.969884	3.66048
152.861	0.9699	3.66057
153.026	0.969916	3.66066
153.192	0.969932	3.66075
153.357	0.969949	3.66084
153.523	0.969965	3.66093
153.689	0.969981	3.66102
153.854	0.969997	3.66111
154.02	0.970013	3.6612
154.186	0.970029	3.66129
154.351	0.970045	3.66138
154.517	0.970061	3.66147
154.682	0.970077	3.66156
154.848	0.970093	3.66165
155.014	0.97011	3.66174
155.179	0.970126	3.66183
155.345	0.970142	3.66192
155.51	0.970158	3.66201
155.676	0.970174	3.6621
155.842	0.97019	3.66219
156.007	0.970206	3.66228
156.173	0.970222	3.66237
156.338	0.970238	3.66246
156.504	0.970254	3.66255
156.67	0.97027	3.66264
156.835	0.970286	3.66273
157.001	0.970302	3.66282
157.167	0.970318	3.66291
157.332	0.970334	3.663
157.498	0.970349	3.66309
157.663	0.970365	3.66318
157.829	0.970381	3.66327
157.995	0.970397	3.66336
158.16	0.970413	3.66345
158.326	0.970429	3.66354
158.491	0.970445	3.66363
158.657	0.970461	3.66371
158.823	0.970477	3.6638
158.988	0.970493	3.66389
159.154	0.970508	3.66398
159.32	0.970524	3.66407
159.485	0.97054	3.66416
159.651	0.970556	3.66425
159.816	0.970572	3.66434
159.982	0.970588	3.66443
160.148	0.970603	3.66452
160.313	0.970619	3.66461
160.479	0.970635	3.6647
160.644	0.970651	3.66479
160.81	0.970666	3.66488
160.976	0.970682	3.66497
161.141	0.970698	3.66506
161.307	0.970714	3.66515
161.472	0.97073	3.66524
161.638	0.970745	3.66533
161.804	0.970761	3.66542
161.969	0.970777	3.66551
162.135	0.970792	3.6656
162.301	0.970808	3.66568
162.466	0.970824	3.66577
162.632	0.970839	3.66586
162.797	0.970855	3.66595
162.963	0.970871	3.66604
163.129	0.970886	3.66613
163.294	0.970902	3.66622
163.46	0.970918	3.66631
163.625	0.970933	3.6664
163.791	0.970949	3.66649
163.957	0.970965	3.66658
164.122	0.97098	3.66667
164.288	0.970996	3.66676
164.454	0.971012	3.66685
164.619	0.971027	3.66694
164.785	0.971043	3.66703
164.95	0.971058	3.66712
165.116	0.971074	3.6672
165.282	0.971089	3.66729
165.447	0.971105	3.66738
165.613	0.97112	3.66747
165.778	0.971136	3.66756
165.944	0.971152	3.66765
166.11	0.971167	3.66774
166.275	0.971183	3.66783
166.441	0.971198	3.66792
166.606	0.971214	3.66801
166.772	0.971229	3.6681
166.938	0.971245	3.66819
167.103	0.97126	3.66828
167.269	0.971275	3.66837
167.435	0.971291	3.66845
167.6	0.971306	3.66854
167.766	0.971322	3.66863
167.931	0.971337	3.66872
168.097	0.971353	3.66881
168.263	0.971368	3.6689
168.428	0.971384	3.66899
168.594	0.971399	3.66908
168.759	0.971414	3.66917
168.925	0.97143	3.66926
169.091	0.971445	3.66935
169.256	0.97146	3.66944
169.422	0.971476	3.66952
169.588	0.971491	3.66961
169.753	0.971507	3.6697
169.919	0.971522	3.66979
170.084	0.971537	3.66988
170.25	0.971553	3.66997
170.416	0.971568	3.67006
170.581	0.971583	3.67015
170.747	0.971598	3.67024
170.912	0.971614	3.67033
171.078	0.971629	3.67042
171.244	0.971644	3.6705
171.409	0.97166	3.67059
171.575	0.971675	3.67068
171.74	0.97169	3.67077
171.906	0.971705	3.67086
172.072	0.971721	3.67095
172.237	0.971736	3.67104
172.403	0.971751	3.67113
172.569	0.971766	3.67122
172.734	0.971781	3.67131
172.9	0.971797	3.67139
173.065	0.971812	3.67148
173.231	0.971827	3.67157
173.397	0.971842	3.67166
173.562	0.971857	3.67175
173.728	0.971873	3.67184
173.893	0.971888	3.67193
174.059	0.971903	3.67202
174.225	0.971918	3.67211
174.39	0.971933	3.6722
174.556	0.971948	3.67228
174.722	0.971963	3.67237
174.887	0.971978	3.67246
175.053	0.971994	3.67255
175.218	0.972009	3.67264
175.384	0.972024	3.67273
175.55	0.972039	3.67282
175.715	0.972054	3.67291
175.881	0.972069	3.67299
176.046	0.972084	3.67308
176.212	0.972099	3.67317
176.378	0.972114	3.67326
176.543	0.972129	3.67335
176.709	0.972144	3.67344
176.874	0.972159	3.67353
177.04	0.972174	3.67362
177.206	0.972189	3.67371
177.371	0.972204	3.67379
177.537	0.972219	3.67388
177.703	0.972234	3.67397
177.868	0.972249	3.67406
178.034	0.972264	3.67415
178.199	0.972279	3.67424
178.365	0.972294	3.67433
178.531	0.972309	3.67442
178.696	0.972324	3.6745
178.862	0.972339	3.67459
179.027	0.972354	3.67468
179.193	0.972369	3.67477
179.359	0.972384	3.67486
179.524	0.972398	3.67495
179.69	0.972413	3.67504
179.856	0.972428	3.67513
180.021	0.972443	3.67521
180.187	0.972458	3.6753
180.352	0.972473	3.67539
180.518	0.972488	3.67548
180.684	0.972502	3.67557
180.849	0.972517	3.67566
181.015	0.972532	3.67575
181.18	0.972547	3.67583
181.346	0.972562	3.67592
181.512	0.972577	3.67601
181.677	0.972591	3.6761
181.843	0.972606	3.67619
182.008	0.972621	3.67628
182.174	0.972636	3.67637
182.34	0.972651	3.67645
182.505	0.972665	3.67654
182.671	0.97268	3.67663
182.837	0.972695	3.67672
183.002	0.97271	3.67681
183.168	0.972724	3.6769
183.333	0.972739	3.67699
183.499	0.972754	3.67707
183.665	0.972768	3.67716
183.83	0.972783	3.67725
183.996	0.972798	3.67734
184.161	0.972813	3.67743
184.327	0.972827	3.67752
184.493	0.972842	3.67761
184.658	0.972857	3.67769
184.824	0.972871	3.67778
184.99	0.972886	3.67787
185.155	0.972901	3.67796
185.321	0.972915	3.67805
185.486	0.97293	3.67814
185.652	0.972944	3.67822
185.818	0.972959	3.67831
185.983	0.972974	3.6784
186.149	0.972988	3.67849
186.314	0.973003	3.67858
186.48	0.973017	3.67867
186.646	0.973032	3.67876
186.811	0.973047	3.67884
186.977	0.973061	3.67893
187.142	0.973076	3.67902
187.308	0.97309	3.67911
187.474	0.973105	3.6792
187.639	0.973119	3.67929
187.805	0.973134	3.67937
187.971	0.973148	3.67946
188.136	0.973163	3.67955
188.302	0.973177	3.67964
188.467	0.973192	3.67973
188.633	0.973206	3.67982
188.799	0.973221	3.6799
188.964	0.973235	3.67999
189.13	0.97325	3.68008
189.295	0.973264	3.68017
189.461	0.973279	3.68026
189.627	0.973293	3.68035
189.792	0.973308	3.68043
189.958	0.973322	3.68052
190.124	0.973337	3.68061
190.289	0.973351	3.6807
190.455	0.973365	3.68079
190.62	0.97338	3.68087
190.786	0.973394	3.68096
190.952	0.973409	3.68105
191.117	0.973423	3.68114
191.283	0.973437	3.68123
191.448	0.973452	3.68132
191.614	0.973466	3.6814
191.78	0.97348	3.68149
191.945	0.973495	3.68158
192.111	0.973509	3.68167
192.276	0.973523	3.68176
192.442	0.973538	3.68184
192.608	0.973552	3.68193
192.773	0.973566	3.68202
192.939	0.973581	3.68211
193.105	0.973595	3.6822
193.27	0.973609	3.68229
193.436	0.973624	3.68237
193.601	0.973638	3.68246
193.767	0.973652	3.68255
193.933	0.973666	3.68264
194.098	0.973681	3.68273
194.264	0.973695	3.68281
194.429	0.973709	3.6829
194.595	0.973723	3.68299
194.761	0.973738	3.68308
194.926	0.973752	3.68317
195.092	0.973766	3.68325
195.258	0.97378	3.68334
195.423	0.973795	3.68343
195.589	0.973809	3.68352
195.754	0.973823	3.68361
195.92	0.973837	3.68369
196.086	0.973851	3.68378
196.251	0.973865	3.68387
196.417	0.97388	3.68396
196.582	0.973894	3.68405
196.748	0.973908	3.68413
196.914	0.973922	3.68422
197.079	0.973936	3.68431
197.245	0.97395	3.6844
197.41	0.973964	3.68449
197.576	0.973979	3.68457
197.742	0.973993	3.68466
197.907	0.974007	3.68475
198.073	0.974021	3.68484
198.239	0.974035	3.68493
198.404	0.974049	3.68501
198.57	0.974063	3.6851
198.735	0.974077	3.68519
198.901	0.974091	3.68528
199.067	0.974105	3.68537
199.232	0.974119	3.68545
199.398	0.974133	3.68554
199.563	0.974147	3.68563
199.729	0.974161	3.68572
199.895	0.974175	3.6858
200.06	0.974189	3.68589
200.226	0.974203	3.68598
200.392	0.974217	3.68607
200.557	0.974231	3.68616
200.723	0.974245	3.68624
200.888	0.974259	3.68633
201.054	0.974273	3.68642
201.22	0.974287	3.68651
201.385	0.974301	3.6866
201.551	0.974315	3.68668
201.716	0.974329	3.68677
201.882	0.974343	3.68686
202.048	0.974357	3.68695
202.213	0.974371	3.68703
202.379	0.974385	3.68712
202.544	0.974399	3.68721
202.71	0.974413	3.6873
202.876	0.974427	3.68739
203.041	0.97444	3.68747
203.207	0.974454	3.68756
203.373	0.974468	3.68765
203.538	0.974482	3.68774
203.704	0.974496	3.68782
203.869	0.97451	3.68791
204.035	0.974524	3.688
204.201	0.974537	3.68809
204.366	0.974551	3.68817
204.532	0.974565	3.68826
204.697	0.974579	3.68835
204.863	0.974593	3.68844
205.029	0.974607	3.68853
205.194	0.97462	3.68861
205.36	0.974634	3.6887
205.526	0.974648	3.68879
205.691	0.974662	3.68888
205.857	0.974675	3.68896
206.022	0.974689	3.68905
206.188	0.974703	3.68914
206.354	0.974717	3.68923
206.519	0.974731	3.68931
206.685	0.974744	3.6894
206.85	0.974758	3.68949
207.016	0.974772	3.68958
207.182	0.974785	3.68966
207.347	0.974799	3.68975
207.513	0.974813	3.68984
207.678	0.974827	3.68993
207.844	0.97484	3.69001
208.01	0.974854	3.6901
208.175	0.974868	3.69019
208.341	0.974881	3.69028
208.507	0.974895	3.69036
208.672	0.974909	3.69045
208.838	0.974922	3.69054
209.003	0.974936	3.69063
209.169	0.97495	3.69071
209.335	0.974963	3.6908
209.5	0.974977	3.69089
209.666	0.97499	3.69098
209.831	0.975004	3.69106
209.997	0.975018	3.69115
210.163	0.975031	3.69124
210.328	0.975045	3.69133
210.494	0.975058	3.69141
210.659	0.975072	3.6915
210.825	0.975086	3.69159
210.991	0.975099	3.69168
211.156	0.975113	3.69176
211.322	0.975126	3.69185
211.488	0.97514	3.69194
211.653	0.975153	3.69203
211.819	0.975167	3.69211
211.984	0.97518	3.6922
212.15	0.975194	3.69229
212.316	0.975207	3.69238
212.481	0.975221	3.69246
212.647	0.975234	3.69255
212.812	0.975248	3.69264
212.978	0.975261	3.69273
213.144	0.975275	3.69281
213.309	0.975288	3.6929
213.475	0.975302	3.69299
213.641	0.975315	3.69307
213.806	0.975329	3.69316
213.972	0.975342	3.69325
214.137	0.975356	3.69334
214.303	0.975369	3.69342
214.469	0.975383	3.69351
214.634	0.975396	3.6936
214.8	0.975409	3.69369
214.965	0.975423	3.69377
215.131	0.975436	3.69386
215.297	0.97545	3.69395
215.462	0.975463	3.69404
215.628	0.975476	3.69412
215.793	0.97549	3.69421
215.959	0.975503	3.6943
216.125	0.975516	3.69438
216.29	0.97553	3.69447
216.456	0.975543	3.69456
216.622	0.975557	3.69465
216.787	0.97557	3.69473
216.953	0.975583	3.69482
217.118	0.975597	3.69491
217.284	0.97561	3.69499
217.45	0.975623	3.69508
217.615	0.975636	3.69517
217.781	0.97565	3.69526
217.946	0.975663	3.69534
218.112	0.975676	3.69543
218.278	0.97569	3.69552
218.443	0.975703	3.6956
218.609	0.975716	3.69569
218.775	0.975729	3.69578
218.94	0.975743	3.69587
219.106	0.975756	3.69595
219.271	0.975769	3.69604
219.437	0.975782	3.69613
219.603	0.975796	3.69621
219.768	0.975809	3.6963
219.934	0.975822	3.69639
220.099	0.975835	3.69648
220.265	0.975848	3.69656
220.431	0.975862	3.69665
220.596	0.975875	3.69674
220.762	0.975888	3.69682
220.927	0.975901	3.69691
221.093	0.975914	3.697
221.259	0.975928	3.69709
221.424	0.975941	3.69717
221.59	0.975954	3.69726
221.756	0.975967	3.69735
221.921	0.97598	3.69743
222.087	0.975993	3.69752
222.252	0.976006	3.69761
222.418	0.97602	3.69769
222.584	0.976033	3.69778
222.749	0.976046	3.69787
222.915	0.976059	3.69796
223.08	0.976072	3.69804
223.246	0.976085	3.69813
223.412	0.976098	3.69822
223.577	0.976111	3.6983
223.743	0.976124	3.69839
223.909	0.976137	3.69848
224.074	0.97615	3.69856
224.24	0.976164	3.69865
224.405	0.976177	3.69874
224.571	0.97619	3.69883
224.737	0.976203	3.69891
224.902	0.976216	3.699
225.068	0.976229	3.69909
225.233	0.976242	3.69917
225.399	0.976255	3.69926
225.565	0.976268	3.69935
225.73	0.976281	3.69943
225.896	0.976294	3.69952
226.061	0.976307	3.69961
226.227	0.97632	3.69969
226.393	0.976333	3.69978
226.558	0.976346	3.69987
226.724	0.976359	3.69996
226.89	0.976372	3.70004
227.055	0.976385	3.70013
227.221	0.976397	3.70022
227.386	0.97641	3.7003
227.552	0.976423	3.70039
227.718	0.976436	3.70048
227.883	0.976449	3.70056
228.049	0.976462	3.70065
228.214	0.976475	3.70074
228.38	0.976488	3.70082
228.546	0.976501	3.70091
228.711	0.976514	3.701
228.877	0.976527	3.70108
229.043	0.976539	3.70117
229.208	0.976552	3.70126
229.374	0.976565	3.70134
229.539	0.976578	3.70143
229.705	0.976591	3.70152
229.871	0.976604	3.7016
230.036	0.976617	3.70169
230.202	0.976629	3.70178
230.367	0.976642	3.70186
230.533	0.976655	3.70195
230.699	0.976668	3.70204
230.864	0.976681	3.70212
231.03	0.976693	3.70221
231.195	0.976706	3.7023
231.361	0.976719	3.70238
231.527	0.976732	3.70247
231.692	0.976745	3.70256
231.858	0.976757	3.70265
232.024	0.97677	3.70273
232.189	0.976783	3.70282
232.355	0.976796	3.70291
232.52	0.976808	3.70299
232.686	0.976821	3.70308
232.852	0.976834	3.70317
233.017	0.976847	3.70325
233.183	0.976859	3.70334
233.348	0.976872	3.70342
233.514	0.976885	3.70351
233.68	0.976897	3.7036
233.845	0.97691	3.70368
234.011	0.976923	3.70377
234.177	0.976936	3.70386
234.342	0.976948	3.70394
234.508	0.976961	3.70403
234.673	0.976974	3.70412
234.839	0.976986	3.7042
235.005	0.976999	3.70429
235.17	0.977012	3.70438
235.336	0.977024	3.70446
235.501	0.977037	3.70455
235.667	0.977049	3.70464
235.833	0.977062	3.70472
235.998	0.977075	3.70481
236.164	0.977087	3.7049
236.329	0.9771	3.70498
236.495	0.977113	3.70507
236.661	0.977125	3.70516
236.826	0.977138	3.70524
236.992	0.97715	3.70533
237.158	0.977163	3.70542
237.323	0.977175	3.7055
237.489	0.977188	3.70559
237.654	0.977201	3.70568
237.82	0.977213	3.70576
237.986	0.977226	3.70585
238.151	0.977238	3.70593
238.317	0.977251	3.70602
238.482	0.977263	3.70611
238.648	0.977276	3.70619
238.814	0.977288	3.70628
238.979	0.977301	3.70637
239.145	0.977313	3.70645
239.311	0.977326	3.70654
239.476	0.977338	3.70663
239.642	0.977351	3.70671
239.807	0.977363	3.7068
239.973	0.977376	3.70689
240.139	0.977388	3.70697
240.304	0.977401	3.70706
240.47	0.977413	3.70714
240.635	0.977426	3.70723
240.801	0.977438	3.70732
240.967	0.977451	3.7074
241.132	0.977463	3.70749
241.298	0.977476	3.70758
241.463	0.977488	3.70766
241.629	0.9775	3.70775
241.795	0.977513	3.70784
241.96	0.977525	3.70792
242.126	0.977538	3.70801
242.292	0.97755	3.70809
242.457	0.977562	3.70818
242.623	0.977575	3.70827
242.788	0.977587	3.70835
242.954	0.9776	3.70844
243.12	0.977612	3.70853
243.285	0.977624	3.70861
243.451	0.977637	3.7087
243.616	0.977649	3.70879
243.782	0.977661	3.70887
243.948	0.977674	3.70896
244.113	0.977686	3.70904
244.279	0.977698	3.70913
244.445	0.977711	3.70922
244.61	0.977723	3.7093
244.776	0.977735	3.70939
244.941	0.977748	3.70948
245.107	0.97776	3.70956
245.273	0.977772	3.70965
245.438	0.977784	3.70973
245.604	0.977797	3.70982
245.769	0.977809	3.70991
245.935	0.977821	3.70999
246.101	0.977834	3.71008
246.266	0.977846	3.71017
246.432	0.977858	3.71025
246.597	0.97787	3.71034
246.763	0.977883	3.71042
246.929	0.977895	3.71051
247.094	0.977907	3.7106
247.26	0.977919	3.71068
247.426	0.977931	3.71077
247.591	0.977944	3.71085
247.757	0.977956	3.71094
247.922	0.977968	3.71103
248.088	0.97798	3.71111
248.254	0.977993	3.7112
248.419	0.978005	3.71129
248.585	0.978017	3.71137
248.75	0.978029	3.71146
248.916	0.978041	3.71154
249.082	0.978053	3.71163
249.247	0.978066	3.71172
249.413	0.978078	3.7118
249.579	0.97809	3.71189
249.744	0.978102	3.71197
249.91	0.978114	3.71206
250.075	0.978126	3.71215
250.241	0.978138	3.71223
250.407	0.97815	3.71232
250.572	0.978163	3.7124
250.738	0.978175	3.71249
250.903	0.978187	3.71258
251.069	0.978199	3.71266
251.235	0.978211	3.71275
251.4	0.978223	3.71284
251.566	0.978235	3.71292
251.731	0.978247	3.71301
251.897	0.978259	3.71309
252.063	0.978271	3.71318
252.228	0.978283	3.71327
252.394	0.978295	3.71335
252.56	0.978308	3.71344
252.725	0.97832	3.71352
252.891	0.978332	3.71361
253.056	0.978344	3.7137
253.222	0.978356	3.71378
253.388	0.978368	3.71387
253.553	0.97838	3.71395
253.719	0.978392	3.71404
253.884	0.978404	3.71413
254.05	0.978416	3.71421
254.216	0.978428	3.7143
254.381	0.97844	3.71438
254.547	0.978452	3.71447
254.713	0.978464	3.71456
254.878	0.978476	3.71464
255.044	0.978488	3.71473
255.209	0.978499	3.71481
255.375	0.978511	3.7149
255.541	0.978523	3.71498
255.706	0.978535	3.71507
255.872	0.978547	3.71516
256.037	0.978559	3.71524
256.203	0.978571	3.71533
256.369	0.978583	3.71541
256.534	0.978595	3.7155
256.7	0.978607	3.71559
256.865	0.978619	3.71567
257.031	0.978631	3.71576
257.197	0.978643	3.71584
257.362	0.978654	3.71593
257.528	0.978666	3.71602
257.694	0.978678	3.7161
257.859	0.97869	3.71619
258.025	0.978702	3.71627
258.19	0.978714	3.71636
258.356	0.978726	3.71644
258.522	0.978737	3.71653
258.687	0.978749	3.71662
258.853	0.978761	3.7167
259.018	0.978773	3.71679
259.184	0.978785	3.71687
259.35	0.978797	3.71696
259.515	0.978808	3.71705
259.681	0.97882	3.71713
259.847	0.978832	3.71722
260.012	0.978844	3.7173
260.178	0.978856	3.71739
260.343	0.978867	3.71747
260.509	0.978879	3.71756
260.675	0.978891	3.71765
260.84	0.978903	3.71773
261.006	0.978915	3.71782
261.171	0.978926	3.7179
261.337	0.978938	3.71799
261.503	0.97895	3.71807
261.668	0.978962	3.71816
261.834	0.978973	3.71825
261.999	0.978985	3.71833
262.165	0.978997	3.71842
262.331	0.979008	3.7185
262.496	0.97902	3.71859
262.662	0.979032	3.71867
262.828	0.979044	3.71876
262.993	0.979055	3.71885
263.159	0.979067	3.71893
263.324	0.979079	3.71902
263.49	0.97909	3.7191
263.656	0.979102	3.71919
263.821	0.979114	3.71927
263.987	0.979125	3.71936
264.152	0.979137	3.71945
264.318	0.979149	3.71953
264.484	0.97916	3.71962
264.649	0.979172	3.7197
264.815	0.979184	3.71979
264.98	0.979195	3.71987
265.146	0.979207	3.71996
265.312	0.979219	3.72004
265.477	0.97923	3.72013
265.643	0.979242	3.72022
265.809	0.979253	3.7203
265.974	0.979265	3.72039
266.14	0.979277	3.72047
266.305	0.979288	3.72056
266.471	0.9793	3.72064
266.637	0.979311	3.72073
266.802	0.979323	3.72082
266.968	0.979335	3.7209
267.133	0.979346	3.72099
267.299	0.979358	3.72107
267.465	0.979369	3.72116
267.63	0.979381	3.72124
267.796	0.979392	3.72133
267.962	0.979404	3.72141
268.127	0.979415	3.7215
268.293	0.979427	3.72159
268.458	0.979438	3.72167
268.624	0.97945	3.72176
268.79	0.979462	3.72184
268.955	0.979473	3.72193
269.121	0.979485	3.72201
269.286	0.979496	3.7221
269.452	0.979508	3.72218
269.618	0.979519	3.72227
269.783	0.97953	3.72235
269.949	0.979542	3.72244
270.114	0.979553	3.72253
270.28	0.979565	3.72261
270.446	0.979576	3.7227
270.611	0.979588	3.72278
270.777	0.979599	3.72287
270.943	0.979611	3.72295
271.108	0.979622	3.72304
271.274	0.979634	3.72312
271.439	0.979645	3.72321
271.605	0.979656	3.72329
271.771	0.979668	3.72338
271.936	0.979679	3.72347
272.102	0.979691	3.72355
272.267	0.979702	3.72364
272.433	0.979714	3.72372
272.599	0.979725	3.72381
272.764	0.979736	3.72389
272.93	0.979748	3.72398
273.096	0.979759	3.72406
273.261	0.97977	3.72415
273.427	0.979782	3.72423
273.592	0.979793	3.72432
273.758	0.979805	3.72441
273.924	0.979816	3.72449
274.089	0.979827	3.72458
274.255	0.979839	3.72466
274.42	0.97985	3.72475
274.586	0.979861	3.72483
274.752	0.979873	3.72492
274.917	0.979884	3.725
275.083	0.979895	3.72509
275.248	0.979907	3.72517
275.414	0.979918	3.72526
275.58	0.979929	3.72534
275.745	0.97994	3.72543
275.911	0.979952	3.72551
276.077	0.979963	3.7256
276.242	0.979974	3.72569
276.408	0.979986	3.72577
276.573	0.979997	3.72586
276.739	0.980008	3.72594
276.905	0.980019	3.72603
277.07	0.980031	3.72611
277.236	0.980042	3.7262
277.401	0.980053	3.72628
277.567	0.980064	3.72637
277.733	0.980076	3.72645
277.898	0.980087	3.72654
278.064	0.980098	3.72662
278.23	0.980109	3.72671
278.395	0.980121	3.72679
278.561	0.980132	3.72688
278.726	0.980143	3.72696
278.892	0.980154	3.72705
279.058	0.980165	3.72713
279.223	0.980177	3.72722
279.389	0.980188	3.72731
279.554	0.980199	3.72739
279.72	0.98021	3.72748
279.886	0.980221	3.72756
280.051	0.980232	3.72765
280.217	0.980244	3.72773
280.382	0.980255	3.72782
280.548	0.980266	3.7279
280.714	0.980277	3.72799
280.879	0.980288	3.72807
281.045	0.980299	3.72816
281.211	0.98031	3.72824
281.376	0.980322	3.72833
281.542	0.980333	3.72841
281.707	0.980344	3.7285
281.873	0.980355	3.72858
282.039	0.980366	3.72867
282.204	0.980377	3.72875
282.37	0.980388	3.72884
282.535	0.980399	3.72892
282.701	0.98041	3.72901
282.867	0.980421	3.72909
283.032	0.980433	3.72918
283.198	0.980444	3.72926
283.364	0.980455	3.72935
283.529	0.980466	3.72943
283.695	0.980477	3.72952
283.86	0.980488	3.7296
284.026	0.980499	3.72969
284.192	0.98051	3.72977
284.357	0.980521	3.72986
284.523	0.980532	3.72994
284.688	0.980543	3.73003
284.854	0.980554	3.73011
285.02	0.980565	3.7302
285.185	0.980576	3.73028
285.351	0.980587	3.73037
285.516	0.980598	3.73046
285.682	0.980609	3.73054
285.848	0.98062	3.73063
286.013	0.980631	3.73071
286.179	0.980642	3.7308
286.345	0.980653	3.73088
286.51	0.980664	3.73097
286.676	0.980675	3.73105
286.841	0.980686	3.73114
287.007	0.980697	3.73122
287.173	0.980708	3.73131
287.338	0.980719	3.73139
287.504	0.98073	3.73148
287.669	0.980741	3.73156
287.835	0.980752	3.73165
288.001	0.980763	3.73173
288.166	0.980773	3.73182
288.332	0.980784	3.7319
288.498	0.980795	3.73199
288.663	0.980806	3.73207
288.829	0.980817	3.73216
288.994	0.980828	3.73224
289.16	0.980839	3.73233
289.326	0.98085	3.73241
289.491	0.980861	3.7325
289.657	0.980872	3.73258
289.822	0.980882	3.73266
289.988	0.980893	3.73275
290.154	0.980904	3.73283
290.319	0.980915	3.73292
290.485	0.980926	3.733
290.65	0.980937	3.73309
290.816	0.980948	3.73317
290.982	0.980958	3.73326
291.147	0.980969	3.73334
291.313	0.98098	3.73343
291.479	0.980991	3.73351
291.644	0.981002	3.7336
291.81	0.981013	3.73368
291.975	0.981023	3.73377
292.141	0.981034	3.73385
292.307	0.981045	3.73394
292.472	0.981056	3.73402
292.638	0.981067	3.73411
292.803	0.981077	3.73419
292.969	0.981088	3.73428
293.135	0.981099	3.73436
293.3	0.98111	3.73445
293.466	0.981121	3.73453
293.632	0.981131	3.73462
293.797	0.981142	3.7347
293.963	0.981153	3.73479
294.128	0.981164	3.73487
294.294	0.981174	3.73496
294.46	0.981185	3.73504
294.625	0.981196	3.73513
294.791	0.981206	3.73521
294.956	0.981217	3.7353
295.122	0.981228	3.73538
295.288	0.981239	3.73547
295.453	0.981249	3.73555
295.619	0.98126	3.73564
295.784	0.981271	3.73572
295.95	0.981281	3.7358
296.116	0.981292	3.73589
296.281	0.981303	3.73597
296.447	0.981314	3.73606
296.613	0.981324	3.73614
296.778	0.981335	3.73623
296.944	0.981346	3.73631
297.109	0.981356	3.7364
297.275	0.981367	3.73648
297.441	0.981378	3.73657
297.606	0.981388	3.73665
297.772	0.981399	3.73674
297.937	0.981409	3.73682
298.103	0.98142	3.73691
298.269	0.981431	3.73699
298.434	0.981441	3.73708
298.6	0.981452	3.73716
298.766	0.981463	3.73725
298.931	0.981473	3.73733
299.097	0.981484	3.73741
299.262	0.981494	3.7375
299.428	0.981505	3.73758
299.594	0.981516	3.73767
299.759	0.981526	3.73775
299.925	0.981537	3.73784
300.09	0.981547	3.73792
300.256	0.981558	3.73801
300.422	0.981569	3.73809
300.587	0.981579	3.73818
300.753	0.98159	3.73826
300.918	0.9816	3.73835
301.084	0.981611	3.73843
301.25	0.981621	3.73852
301.415	0.981632	3.7386
301.581	0.981642	3.73868
301.747	0.981653	3.73877
301.912	0.981663	3.73885
302.078	0.981674	3.73894
302.243	0.981685	3.73902
302.409	0.981695	3.73911
302.575	0.981706	3.73919
302.74	0.981716	3.73928
302.906	0.981727	3.73936
303.071	0.981737	3.73945
303.237	0.981748	3.73953
303.403	0.981758	3.73962
303.568	0.981769	3.7397
303.734	0.981779	3.73978
303.9	0.981789	3.73987
304.065	0.9818	3.73995
304.231	0.98181	3.74004
304.396	0.981821	3.74012
304.562	0.981831	3.74021
304.728	0.981842	3.74029
304.893	0.981852	3.74038
305.059	0.981863	3.74046
305.224	0.981873	3.74055
305.39	0.981884	3.74063
305.556	0.981894	3.74071
305.721	0.981904	3.7408
305.887	0.981915	3.74088
306.052	0.981925	3.74097
306.218	0.981936	3.74105
306.384	0.981946	3.74114
306.549	0.981956	3.74122
306.715	0.981967	3.74131
306.881	0.981977	3.74139
307.046	0.981988	3.74148
307.212	0.981998	3.74156
307.377	0.982008	3.74164
307.543	0.982019	3.74173
307.709	0.982029	3.74181
307.874	0.982039	3.7419
308.04	0.98205	3.74198
308.205	0.98206	3.74207
308.371	0.982071	3.74215
308.537	0.982081	3.74224
308.702	0.982091	3.74232
308.868	0.982102	3.7424
309.034	0.982112	3.74249
309.199	0.982122	3.74257
309.365	0.982133	3.74266
309.53	0.982143	3.74274
309.696	0.982153	3.74283
309.862	0.982163	3.74291
310.027	0.982174	3.743
310.193	0.982184	3.74308
310.358	0.982194	3.74316
310.524	0.982205	3.74325
310.69	0.982215	3.74333
310.855	0.982225	3.74342
311.021	0.982236	3.7435
311.186	0.982246	3.74359
311.352	0.982256	3.74367
311.518	0.982266	3.74376
311.683	0.982277	3.74384
311.849	0.982287	3.74392
312.015	0.982297	3.74401
312.18	0.982307	3.74409
312.346	0.982318	3.74418
312.511	0.982328	3.74426
312.677	0.982338	3.74435
312.844	0.982348	3.74443
313.01	0.982359	3.74452
313.175	0.982369	3.7446
313.341	0.982379	3.74468
313.507	0.982389	3.74477
313.672	0.982399	3.74485
313.838	0.98241	3.74494
314.004	0.98242	3.74502
314.169	0.98243	3.74511
314.335	0.98244	3.74519
314.5	0.98245	3.74527
314.666	0.982461	3.74536
314.832	0.982471	3.74544
314.997	0.982481	3.74553
315.163	0.982491	3.74561
315.328	0.982501	3.7457
315.494	0.982511	3.74578
315.66	0.982522	3.74587
315.825	0.982532	3.74595
315.991	0.982542	3.74603
316.157	0.982552	3.74612
316.322	0.982562	3.7462
316.488	0.982572	3.74629
316.653	0.982582	3.74637
316.819	0.982593	3.74646
316.985	0.982603	3.74654
317.15	0.982613	3.74662
317.316	0.982623	3.74671
317.481	0.982633	3.74679
317.647	0.982643	3.74688
317.813	0.982653	3.74696
317.978	0.982663	3.74704
318.144	0.982673	3.74713
318.309	0.982683	3.74721
318.475	0.982694	3.7473
318.641	0.982704	3.74738
318.806	0.982714	3.74747
318.972	0.982724	3.74755
319.138	0.982734	3.74763
319.303	0.982744	3.74772
319.469	0.982754	3.7478
319.634	0.982764	3.74789
319.8	0.982774	3.74797
319.966	0.982784	3.74806
320.131	0.982794	3.74814
320.297	0.982804	3.74822
320.462	0.982814	3.74831
320.628	0.982824	3.74839
320.794	0.982834	3.74848
320.959	0.982844	3.74856
321.125	0.982854	3.74864
321.291	0.982864	3.74873
321.456	0.982874	3.74881
321.622	0.982884	3.7489
321.787	0.982894	3.74898
321.953	0.982904	3.74907
322.119	0.982914	3.74915
322.284	0.982924	3.74923
322.45	0.982934	3.74932
322.615	0.982944	3.7494
322.781	0.982954	3.74949
322.947	0.982964	3.74957
323.112	0.982974	3.74965
323.278	0.982984	3.74974
323.443	0.982994	3.74982
323.609	0.983004	3.74991
323.775	0.983014	3.74999
323.94	0.983024	3.75008
324.106	0.983034	3.75016
324.272	0.983044	3.75024
324.437	0.983054	3.75033
324.603	0.983063	3.75041
324.768	0.983073	3.7505
324.934	0.983083	3.75058
325.1	0.983093	3.75066
325.265	0.983103	3.75075
325.431	0.983113	3.75083
325.596	0.983123	3.75092
325.762	0.983133	3.751
325.928	0.983143	3.75108
326.093	0.983153	3.75117
326.259	0.983162	3.75125
326.425	0.983172	3.75134
326.59	0.983182	3.75142
326.756	0.983192	3.7515
326.921	0.983202	3.75159
327.087	0.983212	3.75167
327.253	0.983222	3.75176
327.418	0.983231	3.75184
327.584	0.983241	3.75192
327.749	0.983251	3.75201
327.915	0.983261	3.75209
328.081	0.983271	3.75218
328.246	0.983281	3.75226
328.412	0.98329	3.75234
328.577	0.9833	3.75243
328.743	0.98331	3.75251
328.909	0.98332	3.7526
329.074	0.98333	3.75268
329.24	0.98334	3.75276
329.406	0.983349	3.75285
329.571	0.983359	3.75293
329.737	0.983369	3.75302
329.902	0.983379	3.7531
330.068	0.983388	3.75318
330.234	0.983398	3.75327
330.399	0.983408	3.75335
330.565	0.983418	3.75344
330.73	0.983428	3.75352
330.896	0.983437	3.7536
331.062	0.983447	3.75369
331.227	0.983457	3.75377
331.393	0.983467	3.75386
331.559	0.983476	3.75394
331.724	0.983486	3.75402
331.89	0.983496	3.75411
332.055	0.983506	3.75419
332.221	0.983515	3.75428
332.387	0.983525	3.75436
332.552	0.983535	3.75444
332.718	0.983544	3.75453
332.883	0.983554	3.75461
333.049	0.983564	3.7547
333.215	0.983574	3.75478
333.38	0.983583	3.75486
333.546	0.983593	3.75495
333.711	0.983603	3.75503
333.877	0.983612	3.75512
334.043	0.983622	3.7552
334.208	0.983632	3.75528
334.374	0.983641	3.75537
334.54	0.983651	3.75545
334.705	0.983661	3.75553
334.871	0.98367	3.75562
335.036	0.98368	3.7557
335.202	0.98369	3.75579
335.368	0.983699	3.75587
335.533	0.983709	3.75595
335.699	0.983719	3.75604
335.864	0.983728	3.75612
336.03	0.983738	3.75621
336.196	0.983747	3.75629
336.361	0.983757	3.75637
336.527	0.983767	3.75646
336.693	0.983776	3.75654
336.858	0.983786	3.75663
337.024	0.983796	3.75671
337.189	0.983805	3.75679
337.355	0.983815	3.75688
337.521	0.983824	3.75696
337.686	0.983834	3.75704
337.852	0.983843	3.75713
338.017	0.983853	3.75721
338.183	0.983863	3.7573
338.349	0.983872	3.75738
338.514	0.983882	3.75746
338.68	0.983891	3.75755
338.845	0.983901	3.75763
339.011	0.98391	3.75771
339.177	0.98392	3.7578
339.342	0.98393	3.75788
339.508	0.983939	3.75797
339.674	0.983949	3.75805
339.839	0.983958	3.75813
340.005	0.983968	3.75822
340.17	0.983977	3.7583
340.336	0.983987	3.75838
340.502	0.983996	3.75847
340.667	0.984006	3.75855
340.833	0.984015	3.75864
340.998	0.984025	3.75872
341.164	0.984034	3.7588
341.33	0.984044	3.75889
341.495	0.984053	3.75897
341.661	0.984063	3.75905
341.827	0.984072	3.75914
341.992	0.984082	3.75922
342.158	0.984091	3.75931
342.323	0.984101	3.75939
342.489	0.98411	3.75947
342.655	0.98412	3.75956
342.82	0.984129	3.75964
342.986	0.984139	3.75972
343.151	0.984148	3.75981
343.317	0.984158	3.75989
343.483	0.984167	3.75998
343.648	0.984176	3.76006
343.814	0.984186	3.76014
343.979	0.984195	3.76023
344.145	0.984205	3.76031
344.311	0.984214	3.76039
344.476	0.984224	3.76048
344.642	0.984233	3.76056
344.808	0.984243	3.76065
344.973	0.984252	3.76073
345.139	0.984261	3.76081
345.304	0.984271	3.7609
345.47	0.98428	3.76098
345.636	0.98429	3.76106
345.801	0.984299	3.76115
345.967	0.984308	3.76123
346.132	0.984318	3.76131
346.298	0.984327	3.7614
346.464	0.984336	3.76148
346.629	0.984346	3.76157
346.795	0.984355	3.76165
346.96	0.984365	3.76173
347.126	0.984374	3.76182
347.292	0.984383	3.7619
347.457	0.984393	3.76198
347.623	0.984402	3.76207
347.789	0.984411	3.76215
347.954	0.984421	3.76223
348.12	0.98443	3.76232
348.285	0.984439	3.7624
348.451	0.984449	3.76249
348.617	0.984458	3.76257
348.782	0.984467	3.76265
348.948	0.984477	3.76274
349.113	0.984486	3.76282
349.279	0.984495	3.7629
349.445	0.984505	3.76299
349.61	0.984514	3.76307
349.776	0.984523	3.76315
349.942	0.984533	3.76324
350.107	0.984542	3.76332
350.273	0.984551	3.7634
350.438	0.98456	3.76349
350.604	0.98457	3.76357
350.77	0.984579	3.76366
350.935	0.984588	3.76374
351.101	0.984597	3.76382
351.266	0.984607	3.76391
351.432	0.984616	3.76399
351.598	0.984625	3.76407
351.763	0.984635	3.76416
351.929	0.984644	3.76424
352.094	0.984653	3.76432
352.26	0.984662	3.76441
352.426	0.984671	3.76449
352.591	0.984681	3.76457
352.757	0.98469	3.76466
352.923	0.984699	3.76474
353.088	0.984708	3.76482
353.254	0.984718	3.76491
353.419	0.984727	3.76499
353.585	0.984736	3.76508
353.751	0.984745	3.76516
353.916	0.984754	3.76524
354.082	0.984764	3.76533
354.247	0.984773	3.76541
354.413	0.984782	3.76549
354.579	0.984791	3.76558
354.744	0.9848	3.76566
354.91	0.98481	3.76574
355.076	0.984819	3.76583
355.241	0.984828	3.76591
355.407	0.984837	3.76599
355.572	0.984846	3.76608
355.738	0.984855	3.76616
355.904	0.984865	3.76624
356.069	0.984874	3.76633
356.235	0.984883	3.76641
356.4	0.984892	3.76649
356.566	0.984901	3.76658
356.732	0.98491	3.76666
356.897	0.984919	3.76674
357.063	0.984929	3.76683
357.228	0.984938	3.76691
357.394	0.984947	3.76699
357.56	0.984956	3.76708
357.725	0.984965	3.76716
357.891	0.984974	3.76725
358.057	0.984983	3.76733
358.222	0.984992	3.76741
358.388	0.985002	3.7675
358.553	0.985011	3.76758
358.719	0.98502	3.76766
358.885	0.985029	3.76775
359.05	0.985038	3.76783
359.216	0.985047	3.76791
359.381	0.985056	3.768
359.547	0.985065	3.76808
359.713	0.985074	3.76816
359.878	0.985083	3.76825
360.044	0.985092	3.76833
360.21	0.985101	3.76841
360.375	0.98511	3.7685
360.541	0.985119	3.76858
360.706	0.985129	3.76866
360.872	0.985138	3.76875
361.038	0.985147	3.76883
361.203	0.985156	3.76891
361.369	0.985165	3.769
361.534	0.985174	3.76908
361.7	0.985183	3.76916
361.866	0.985192	3.76925
362.031	0.985201	3.76933
362.197	0.98521	3.76941
362.362	0.985219	3.7695
362.528	0.985228	3.76958
362.694	0.985237	3.76966
362.859	0.985246	3.76975
363.025	0.985255	3.76983
363.191	0.985264	3.76991
363.356	0.985273	3.77
363.522	0.985282	3.77008
363.687	0.985291	3.77016
363.853	0.9853	3.77025
364.019	0.985309	3.77033
364.184	0.985318	3.77041
364.35	0.985327	3.7705
364.515	0.985336	3.77058
364.681	0.985345	3.77066
364.847	0.985354	3.77075
365.012	0.985362	3.77083
365.178	0.985371	3.77091
365.344	0.98538	3.771
365.509	0.985389	3.77108
365.675	0.985398	3.77116
365.84	0.985407	3.77125
366.006	0.985416	3.77133
366.172	0.985425	3.77141
366.337	0.985434	3.7715
366.503	0.985443	3.77158
366.668	0.985452	3.77166
366.834	0.985461	3.77175
367	0.98547	3.77183
367.165	0.985479	3.77191
367.331	0.985487	3.772
367.496	0.985496	3.77208
367.662	0.985505	3.77216
367.828	0.985514	3.77225
367.993	0.985523	3.77233
368.159	0.985532	3.77241
368.325	0.985541	3.77249
368.49	0.98555	3.77258
368.656	0.985558	3.77266
368.821	0.985567	3.77274
368.987	0.985576	3.77283
369.153	0.985585	3.77291
369.318	0.985594	3.77299
369.484	0.985603	3.77308
369.649	0.985612	3.77316
369.815	0.98562	3.77324
369.981	0.985629	3.77333
370.146	0.985638	3.77341
370.312	0.985647	3.77349
370.478	0.985656	3.77358
370.643	0.985665	3.77366
370.809	0.985673	3.77374
370.974	0.985682	3.77383
371.14	0.985691	3.77391
371.306	0.9857	3.77399
371.471	0.985709	3.77408
371.637	0.985718	3.77416
371.802	0.985726	3.77424
371.968	0.985735	3.77433
372.134	0.985744	3.77441
372.299	0.985753	3.77449
372.465	0.985761	3.77457
372.63	0.98577	3.77466
372.796	0.985779	3.77474
372.962	0.985788	3.77482
373.127	0.985797	3.77491
373.293	0.985805	3.77499
373.459	0.985814	3.77507
373.624	0.985823	3.77516
373.79	0.985832	3.77524
373.955	0.98584	3.77532
374.121	0.985849	3.77541
374.287	0.985858	3.77549
374.452	0.985867	3.77557
374.618	0.985875	3.77566
374.783	0.985884	3.77574
374.949	0.985893	3.77582
375.115	0.985902	3.77591
375.28	0.98591	3.77599
375.446	0.985919	3.77607
375.612	0.985928	3.77615
375.777	0.985936	3.77624
375.943	0.985945	3.77632
376.108	0.985954	3.7764
376.274	0.985963	3.77649
376.44	0.985971	3.77657
376.605	0.98598	3.77665
376.771	0.985989	3.77674
376.936	0.985997	3.77682
377.102	0.986006	3.7769
377.268	0.986015	3.77699
377.433	0.986023	3.77707
377.599	0.986032	3.77715
377.764	0.986041	3.77723
377.93	0.986049	3.77732
378.096	0.986058	3.7774
378.261	0.986067	3.77748
378.427	0.986075	3.77757
378.593	0.986084	3.77765
378.758	0.986093	3.77773
378.924	0.986101	3.77782
379.089	0.98611	3.7779
379.255	0.986119	3.77798
379.421	0.986127	3.77807
379.586	0.986136	3.77815
379.752	0.986145	3.77823
379.917	0.986153	3.77831
380.083	0.986162	3.7784
380.249	0.98617	3.77848
380.414	0.986179	3.77856
380.58	0.986188	3.77865
380.746	0.986196	3.77873
380.911	0.986205	3.77881
381.077	0.986214	3.7789
381.242	0.986222	3.77898
381.408	0.986231	3.77906
381.574	0.986239	3.77914
381.739	0.986248	3.77923
381.905	0.986256	3.77931
382.07	0.986265	3.77939
382.236	0.986274	3.77948
382.402	0.986282	3.77956
382.567	0.986291	3.77964
382.733	0.986299	3.77973
382.898	0.986308	3.77981
383.064	0.986316	3.77989
383.23	0.986325	3.77997
383.395	0.986334	3.78006
383.561	0.986342	3.78014
383.727	0.986351	3.78022
383.892	0.986359	3.78031
384.058	0.986368	3.78039
384.223	0.986376	3.78047
384.389	0.986385	3.78056
384.555	0.986393	3.78064
384.72	0.986402	3.78072
384.886	0.98641	3.7808
385.051	0.986419	3.78089
385.217	0.986427	3.78097
385.383	0.986436	3.78105
385.548	0.986444	3.78114
385.714	0.986453	3.78122
385.88	0.986461	3.7813
386.045	0.98647	3.78138
386.211	0.986478	3.78147
386.376	0.986487	3.78155
386.542	0.986495	3.78163
386.708	0.986504	3.78172
386.873	0.986512	3.7818
387.039	0.986521	3.78188
387.204	0.986529	3.78197
387.37	0.986538	3.78205
387.536	0.986546	3.78213
387.701	0.986555	3.78221
387.867	0.986563	3.7823
388.032	0.986572	3.78238
388.198	0.98658	3.78246
388.364	0.986589	3.78255
388.529	0.986597	3.78263
388.695	0.986606	3.78271
388.861	0.986614	3.78279
389.026	0.986622	3.78288
389.192	0.986631	3.78296
389.357	0.986639	3.78304
389.523	0.986648	3.78313
389.689	0.986656	3.78321
389.854	0.986665	3.78329
390.02	0.986673	3.78337
390.185	0.986681	3.78346
390.351	0.98669	3.78354
390.517	0.986698	3.78362
390.682	0.986707	3.78371
390.848	0.986715	3.78379
391.014	0.986723	3.78387
391.179	0.986732	3.78395
391.345	0.98674	3.78404
391.51	0.986749	3.78412
391.676	0.986757	3.7842
391.842	0.986765	3.78429
392.007	0.986774	3.78437
392.173	0.986782	3.78445
392.338	0.98679	3.78453
392.504	0.986799	3.78462
392.67	0.986807	3.7847
392.835	0.986816	3.78478
393.001	0.986824	3.78487
393.166	0.986832	3.78495
393.332	0.986841	3.78503
393.498	0.986849	3.78511
393.663	0.986857	3.7852
393.829	0.986866	3.78528
393.995	0.986874	3.78536
394.16	0.986882	3.78545
394.326	0.986891	3.78553
394.491	0.986899	3.78561
394.657	0.986907	3.78569
394.823	0.986916	3.78578
394.988	0.986924	3.78586
395.154	0.986932	3.78594
395.319	0.986941	3.78603
395.485	0.986949	3.78611
395.651	0.986957	3.78619
395.816	0.986965	3.78627
395.982	0.986974	3.78636
396.148	0.986982	3.78644
396.313	0.98699	3.78652
396.479	0.986999	3.78661
396.644	0.987007	3.78669
396.81	0.987015	3.78677
396.976	0.987023	3.78685
397.141	0.987032	3.78694
397.307	0.98704	3.78702
397.472	0.987048	3.7871
397.638	0.987057	3.78718
397.804	0.987065	3.78727
397.969	0.987073	3.78735
398.135	0.987081	3.78743
398.3	0.98709	3.78752
398.466	0.987098	3.7876
398.632	0.987106	3.78768
398.797	0.987114	3.78776
398.963	0.987122	3.78785
399.129	0.987131	3.78793
399.294	0.987139	3.78801
399.46	0.987147	3.78809
399.625	0.987155	3.78818
399.791	0.987164	3.78826
399.957	0.987172	3.78834
400.122	0.98718	3.78843
400.288	0.987188	3.78851
400.453	0.987196	3.78859
400.619	0.987205	3.78867
400.785	0.987213	3.78876
400.95	0.987221	3.78884
401.116	0.987229	3.78892
401.282	0.987237	3.789
401.447	0.987246	3.78909
401.613	0.987254	3.78917
401.778	0.987262	3.78925
401.944	0.98727	3.78934
402.11	0.987278	3.78942
402.275	0.987287	3.7895
402.441	0.987295	3.78958
402.606	0.987303	3.78967
402.772	0.987311	3.78975
402.938	0.987319	3.78983
403.103	0.987327	3.78991
403.269	0.987336	3.79
403.434	0.987344	3.79008
403.6	0.987352	3.79016
403.766	0.98736	3.79025
403.931	0.987368	3.79033
404.097	0.987376	3.79041
404.263	0.987384	3.79049
404.428	0.987392	3.79058
404.594	0.987401	3.79066
404.759	0.987409	3.79074
404.925	0.987417	3.79082
405.091	0.987425	3.79091
405.256	0.987433	3.79099
405.422	0.987441	3.79107
405.587	0.987449	3.79115
405.753	0.987457	3.79124
405.919	0.987465	3.79132
406.084	0.987474	3.7914
406.25	0.987482	3.79148
406.415	0.98749	3.79157
406.581	0.987498	3.79165
406.747	0.987506	3.79173
406.912	0.987514	3.79182
407.078	0.987522	3.7919
407.244	0.98753	3.79198
407.409	0.987538	3.79206
407.575	0.987546	3.79215
407.74	0.987554	3.79223
407.906	0.987562	3.79231
408.072	0.987571	3.79239
408.237	0.987579	3.79248
408.403	0.987587	3.79256
408.568	0.987595	3.79264
408.734	0.987603	3.79272
408.9	0.987611	3.79281
409.065	0.987619	3.79289
409.231	0.987627	3.79297
409.397	0.987635	3.79305
409.562	0.987643	3.79314
409.728	0.987651	3.79322
409.893	0.987659	3.7933
410.059	0.987667	3.79339
410.225	0.987675	3.79347
410.39	0.987683	3.79355
410.556	0.987691	3.79363
410.721	0.987699	3.79372
410.887	0.987707	3.7938
411.053	0.987715	3.79388
411.218	0.987723	3.79396
411.384	0.987731	3.79405
411.549	0.987739	3.79413
411.715	0.987747	3.79421
411.881	0.987755	3.79429
412.046	0.987763	3.79438
412.212	0.987771	3.79446
412.378	0.987779	3.79454
412.543	0.987787	3.79462
412.709	0.987795	3.79471
412.874	0.987803	3.79479
413.04	0.987811	3.79487
413.206	0.987819	3.79495
413.371	0.987827	3.79504
413.537	0.987835	3.79512
413.702	0.987843	3.7952
413.868	0.987851	3.79528
414.034	0.987859	3.79537
414.199	0.987866	3.79545
414.365	0.987874	3.79553
414.531	0.987882	3.79561
414.696	0.98789	3.7957
414.862	0.987898	3.79578
415.027	0.987906	3.79586
415.193	0.987914	3.79594
415.359	0.987922	3.79603
415.524	0.98793	3.79611
415.69	0.987938	3.79619
415.855	0.987946	3.79627
416.021	0.987954	3.79636
416.187	0.987962	3.79644
416.352	0.987969	3.79652
416.518	0.987977	3.7966
416.683	0.987985	3.79669
416.849	0.987993	3.79677
417.015	0.988001	3.79685
417.18	0.988009	3.79693
417.346	0.988017	3.79702
417.512	0.988025	3.7971
417.677	0.988033	3.79718
417.843	0.98804	3.79726
418.008	0.988048	3.79735
418.174	0.988056	3.79743
418.34	0.988064	3.79751
418.505	0.988072	3.79759
418.671	0.98808	3.79768
418.836	0.988088	3.79776
419.002	0.988095	3.79784
419.168	0.988103	3.79792
419.333	0.988111	3.79801
419.499	0.988119	3.79809
419.665	0.988127	3.79817
419.83	0.988135	3.79825
419.996	0.988143	3.79834
420.161	0.98815	3.79842
420.327	0.988158	3.7985
420.493	0.988166	3.79858
420.658	0.988174	3.79867
420.824	0.988182	3.79875
420.989	0.988189	3.79883
421.155	0.988197	3.79891
421.321	0.988205	3.799
421.486	0.988213	3.79908
421.652	0.988221	3.79916
421.817	0.988228	3.79924
421.983	0.988236	3.79933
422.149	0.988244	3.79941
422.314	0.988252	3.79949
422.48	0.98826	3.79957
422.646	0.988267	3.79966
422.811	0.988275	3.79974
422.977	0.988283	3.79982
423.142	0.988291	3.7999
423.308	0.988299	3.79999
423.474	0.988306	3.80007
423.639	0.988314	3.80015
423.805	0.988322	3.80023
423.97	0.98833	3.80032
424.136	0.988337	3.8004
424.302	0.988345	3.80048
424.467	0.988353	3.80056
424.633	0.988361	3.80064
424.799	0.988368	3.80073
424.964	0.988376	3.80081
425.13	0.988384	3.80089
425.295	0.988392	3.80097
425.461	0.988399	3.80106
425.627	0.988407	3.80114
425.792	0.988415	3.80122
425.958	0.988423	3.8013
426.123	0.98843	3.80139
426.289	0.988438	3.80147
426.455	0.988446	3.80155
426.62	0.988453	3.80163
426.786	0.988461	3.80172
426.951	0.988469	3.8018
427.117	0.988477	3.80188
427.283	0.988484	3.80196
427.448	0.988492	3.80205
427.614	0.9885	3.80213
427.78	0.988507	3.80221
427.945	0.988515	3.80229
428.111	0.988523	3.80237
428.276	0.98853	3.80246
428.442	0.988538	3.80254
428.608	0.988546	3.80262
428.773	0.988553	3.8027
428.939	0.988561	3.80279
429.104	0.988569	3.80287
429.27	0.988576	3.80295
429.436	0.988584	3.80303
429.601	0.988592	3.80312
429.767	0.988599	3.8032
429.933	0.988607	3.80328
430.098	0.988615	3.80336
430.264	0.988622	3.80345
430.429	0.98863	3.80353
430.595	0.988638	3.80361
430.761	0.988645	3.80369
430.926	0.988653	3.80377
431.092	0.988661	3.80386
431.257	0.988668	3.80394
431.423	0.988676	3.80402
431.589	0.988683	3.8041
431.754	0.988691	3.80419
431.92	0.988699	3.80427
432.085	0.988706	3.80435
432.251	0.988714	3.80443
432.417	0.988721	3.80452
432.582	0.988729	3.8046
432.748	0.988737	3.80468
432.914	0.988744	3.80476
433.079	0.988752	3.80484
433.245	0.988759	3.80493
433.41	0.988767	3.80501
433.576	0.988775	3.80509
433.742	0.988782	3.80517
433.907	0.98879	3.80526
434.073	0.988797	3.80534
434.238	0.988805	3.80542
434.404	0.988813	3.8055
434.57	0.98882	3.80559
434.735	0.988828	3.80567
434.901	0.988835	3.80575
435.067	0.988843	3.80583
435.232	0.98885	3.80591
435.398	0.988858	3.806
435.563	0.988865	3.80608
435.729	0.988873	3.80616
435.895	0.988881	3.80624
436.06	0.988888	3.80633
436.226	0.988896	3.80641
436.391	0.988903	3.80649
436.557	0.988911	3.80657
436.723	0.988918	3.80665
436.888	0.988926	3.80674
437.054	0.988933	3.80682
437.219	0.988941	3.8069
437.385	0.988948	3.80698
437.551	0.988956	3.80707
437.716	0.988963	3.80715
437.882	0.988971	3.80723
438.048	0.988978	3.80731
438.213	0.988986	3.8074
438.379	0.988993	3.80748
438.544	0.989001	3.80756
438.71	0.989008	3.80764
438.876	0.989016	3.80772
439.041	0.989023	3.80781
439.207	0.989031	3.80789
439.372	0.989038	3.80797
439.538	0.989046	3.80805
439.704	0.989053	3.80814
439.869	0.989061	3.80822
440.035	0.989068	3.8083
440.201	0.989076	3.80838
440.366	0.989083	3.80846
440.532	0.989091	3.80855
440.697	0.989098	3.80863
440.863	0.989106	3.80871
441.029	0.989113	3.80879
441.194	0.989121	3.80888
441.36	0.989128	3.80896
441.525	0.989135	3.80904
441.691	0.989143	3.80912
441.857	0.98915	3.8092
442.022	0.989158	3.80929
442.188	0.989165	3.80937
442.353	0.989173	3.80945
442.519	0.98918	3.80953
442.685	0.989188	3.80962
442.85	0.989195	3.8097
443.016	0.989202	3.80978
443.182	0.98921	3.80986
443.347	0.989217	3.80994
443.513	0.989225	3.81003
443.678	0.989232	3.81011
443.844	0.989239	3.81019
444.01	0.989247	3.81027
444.175	0.989254	3.81035
444.341	0.989262	3.81044
444.506	0.989269	3.81052
444.672	0.989277	3.8106
444.838	0.989284	3.81068
445.003	0.989291	3.81077
445.169	0.989299	3.81085
445.335	0.989306	3.81093
445.5	0.989313	3.81101
445.666	0.989321	3.81109
445.831	0.989328	3.81118
445.997	0.989336	3.81126
446.163	0.989343	3.81134
446.328	0.98935	3.81142
446.494	0.989358	3.81151
446.659	0.989365	3.81159
446.825	0.989372	3.81167
446.991	0.98938	3.81175
447.156	0.989387	3.81183
447.322	0.989394	3.81192
447.487	0.989402	3.812
447.653	0.989409	3.81208
447.819	0.989417	3.81216
447.984	0.989424	3.81224
448.15	0.989431	3.81233
448.316	0.989439	3.81241
448.481	0.989446	3.81249
448.647	0.989453	3.81257
448.812	0.989461	3.81266
448.978	0.989468	3.81274
449.144	0.989475	3.81282
449.309	0.989482	3.8129
449.475	0.98949	3.81298
449.64	0.989497	3.81307
449.806	0.989504	3.81315
449.972	0.989512	3.81323
450.137	0.989519	3.81331
450.303	0.989526	3.81339
450.469	0.989534	3.81348
450.634	0.989541	3.81356
450.8	0.989548	3.81364
450.965	0.989555	3.81372
451.131	0.989563	3.8138
451.297	0.98957	3.81389
451.462	0.989577	3.81397
451.628	0.989585	3.81405
451.793	0.989592	3.81413
451.959	0.989599	3.81422
452.125	0.989606	3.8143
452.29	0.989614	3.81438
452.456	0.989621	3.81446
452.621	0.989628	3.81454
452.787	0.989635	3.81463
452.953	0.989643	3.81471
453.118	0.98965	3.81479
453.284	0.989657	3.81487
453.45	0.989665	3.81495
453.615	0.989672	3.81504
453.781	0.989679	3.81512
453.946	0.989686	3.8152
454.112	0.989693	3.81528
454.278	0.989701	3.81536
454.443	0.989708	3.81545
454.609	0.989715	3.81553
454.774	0.989722	3.81561
454.94	0.98973	3.81569
455.106	0.989737	3.81578
455.271	0.989744	3.81586
455.437	0.989751	3.81594
455.603	0.989758	3.81602
455.768	0.989766	3.8161
455.934	0.989773	3.81619
456.099	0.98978	3.81627
456.265	0.989787	3.81635
456.431	0.989795	3.81643
456.596	0.989802	3.81651
456.762	0.989809	3.8166
456.927	0.989816	3.81668
457.093	0.989823	3.81676
457.259	0.98983	3.81684
457.424	0.989838	3.81692
457.59	0.989845	3.81701
457.755	0.989852	3.81709
457.921	0.989859	3.81717
458.087	0.989866	3.81725
458.252	0.989874	3.81733
458.418	0.989881	3.81742
458.584	0.989888	3.8175
458.749	0.989895	3.81758
458.915	0.989902	3.81766
459.08	0.989909	3.81774
459.246	0.989916	3.81783
459.412	0.989924	3.81791
459.577	0.989931	3.81799
459.743	0.989938	3.81807
459.908	0.989945	3.81815
460.074	0.989952	3.81824
460.24	0.989959	3.81832
460.405	0.989966	3.8184
460.571	0.989974	3.81848
460.737	0.989981	3.81856
460.902	0.989988	3.81865
461.068	0.989995	3.81873
461.233	0.990002	3.81881
461.399	0.990009	3.81889
461.565	0.990016	3.81897
461.73	0.990023	3.81906
461.896	0.990031	3.81914
462.061	0.990038	3.81922
462.227	0.990045	3.8193
462.393	0.990052	3.81938
462.558	0.990059	3.81947
462.724	0.990066	3.81955
462.889	0.990073	3.81963
463.055	0.99008	3.81971
463.221	0.990087	3.81979
463.386	0.990094	3.81988
463.552	0.990102	3.81996
463.718	0.990109	3.82004
463.883	0.990116	3.82012
464.049	0.990123	3.8202
464.214	0.99013	3.82029
464.38	0.990137	3.82037
464.546	0.990144	3.82045
464.711	0.990151	3.82053
464.877	0.990158	3.82061
465.042	0.990165	3.8207
465.208	0.990172	3.82078
465.374	0.990179	3.82086
465.539	0.990186	3.82094
465.705	0.990193	3.82102
465.87	0.9902	3.82111
466.036	0.990208	3.82119
466.202	0.990215	3.82127
466.367	0.990222	3.82135
466.533	0.990229	3.82143
466.699	0.990236	3.82152
466.864	0.990243	3.8216
467.03	0.99025	3.82168
467.195	0.990257	3.82176
467.361	0.990264	3.82184
467.527	0.990271	3.82193
467.692	0.990278	3.82201
467.858	0.990285	3.82209
468.023	0.990292	3.82217
468.189	0.990299	3.82225
468.355	0.990306	3.82234
468.52	0.990313	3.82242
468.686	0.99032	3.8225
468.852	0.990327	3.82258
469.017	0.990334	3.82266
469.183	0.990341	3.82275
469.348	0.990348	3.82283
469.514	0.990355	3.82291
469.68	0.990362	3.82299
469.845	0.990369	3.82307
470.011	0.990376	3.82316
470.176	0.990383	3.82324
470.342	0.99039	3.82332
470.508	0.990397	3.8234
470.673	0.990404	3.82348
470.839	0.990411	3.82356
471.004	0.990418	3.82365
471.17	0.990425	3.82373
471.336	0.990432	3.82381
471.501	0.990439	3.82389
471.667	0.990445	3.82397
471.833	0.990452	3.82406
471.998	0.990459	3.82414
472.164	0.990466	3.82422
472.329	0.990473	3.8243
472.495	0.99048	3.82438
472.661	0.990487	3.82447
472.826	0.990494	3.82455
472.992	0.990501	3.82463
473.157	0.990508	3.82471
473.323	0.990515	3.82479
473.489	0.990522	3.82488
473.654	0.990529	3.82496
473.82	0.990536	3.82504
473.986	0.990543	3.82512
474.151	0.990549	3.8252
474.317	0.990556	3.82529
474.482	0.990563	3.82537
474.648	0.99057	3.82545
474.814	0.990577	3.82553
474.979	0.990584	3.82561
475.145	0.990591	3.82569
475.31	0.990598	3.82578
475.476	0.990605	3.82586
475.642	0.990612	3.82594
475.807	0.990619	3.82602
475.973	0.990625	3.8261
476.138	0.990632	3.82619
476.304	0.990639	3.82627
476.47	0.990646	3.82635
476.635	0.990653	3.82643
476.801	0.99066	3.82651
476.967	0.990667	3.8266
477.132	0.990674	3.82668
477.298	0.99068	3.82676
477.463	0.990687	3.82684
477.629	0.990694	3.82692
477.795	0.990701	3.827
477.96	0.990708	3.82709
478.126	0.990715	3.82717
478.291	0.990722	3.82725
478.457	0.990728	3.82733
478.623	0.990735	3.82741
478.788	0.990742	3.8275
478.954	0.990749	3.82758
479.12	0.990756	3.82766
479.285	0.990763	3.82774
479.451	0.990769	3.82782
479.616	0.990776	3.82791
479.782	0.990783	3.82799
479.948	0.99079	3.82807
480.113	0.990797	3.82815
480.279	0.990804	3.82823
480.444	0.99081	3.82831
480.61	0.990817	3.8284
480.776	0.990824	3.82848
480.941	0.990831	3.82856
481.107	0.990838	3.82864
481.272	0.990845	3.82872
481.438	0.990851	3.82881
481.604	0.990858	3.82889
481.769	0.990865	3.82897
481.935	0.990872	3.82905
482.101	0.990879	3.82913
482.266	0.990885	3.82921
482.432	0.990892	3.8293
482.597	0.990899	3.82938
482.763	0.990906	3.82946
482.929	0.990912	3.82954
483.094	0.990919	3.82962
483.26	0.990926	3.82971
483.425	0.990933	3.82979
483.591	0.99094	3.82987
483.757	0.990946	3.82995
483.922	0.990953	3.83003
484.088	0.99096	3.83011
484.254	0.990967	3.8302
484.419	0.990973	3.83028
484.585	0.99098	3.83036
484.75	0.990987	3.83044
484.916	0.990994	3.83052
485.082	0.991	3.83061
485.247	0.991007	3.83069
485.413	0.991014	3.83077
485.578	0.991021	3.83085
485.744	0.991027	3.83093
485.91	0.991034	3.83101
486.075	0.991041	3.8311
486.241	0.991048	3.83118
486.406	0.991054	3.83126
486.572	0.991061	3.83134
486.738	0.991068	3.83142
486.903	0.991075	3.83151
487.069	0.991081	3.83159
487.235	0.991088	3.83167
487.4	0.991095	3.83175
487.566	0.991101	3.83183
487.731	0.991108	3.83191
487.897	0.991115	3.832
488.063	0.991121	3.83208
488.228	0.991128	3.83216
488.394	0.991135	3.83224
488.559	0.991142	3.83232
488.725	0.991148	3.83241
488.891	0.991155	3.83249
489.056	0.991162	3.83257
489.222	0.991168	3.83265
489.388	0.991175	3.83273
489.553	0.991182	3.83281
489.719	0.991188	3.8329
489.884	0.991195	3.83298
490.05	0.991202	3.83306
490.216	0.991208	3.83314
490.381	0.991215	3.83322
490.547	0.991222	3.83331
490.712	0.991228	3.83339
490.878	0.991235	3.83347
491.044	0.991242	3.83355
491.209	0.991248	3.83363
491.375	0.991255	3.83371
491.54	0.991262	3.8338
491.706	0.991268	3.83388
491.872	0.991275	3.83396
492.037	0.991282	3.83404
492.203	0.991288	3.83412
492.369	0.991295	3.8342
492.534	0.991302	3.83429
492.7	0.991308	3.83437
492.865	0.991315	3.83445
493.031	0.991322	3.83453
493.197	0.991328	3.83461
493.362	0.991335	3.8347
493.528	0.991341	3.83478
493.693	0.991348	3.83486
493.859	0.991355	3.83494
494.025	0.991361	3.83502
494.19	0.991368	3.8351
494.356	0.991375	3.83519
494.522	0.991381	3.83527
494.687	0.991388	3.83535
494.853	0.991394	3.83543
495.018	0.991401	3.83551
495.184	0.991408	3.83559
495.35	0.991414	3.83568
495.515	0.991421	3.83576
495.681	0.991427	3.83584
495.846	0.991434	3.83592
496.012	0.991441	3.836
496.178	0.991447	3.83608
496.343	0.991454	3.83617
496.509	0.99146	3.83625
496.674	0.991467	3.83633
496.84	0.991473	3.83641
497.006	0.99148	3.83649
497.171	0.991487	3.83658
497.337	0.991493	3.83666
497.503	0.9915	3.83674
497.668	0.991506	3.83682
497.834	0.991513	3.8369
497.999	0.991519	3.83698
498.165	0.991526	3.83707
498.331	0.991533	3.83715
498.496	0.991539	3.83723
498.662	0.991546	3.83731
498.827	0.991552	3.83739
498.993	0.991559	3.83747
499.159	0.991565	3.83756
499.324	0.991572	3.83764
499.49	0.991578	3.83772
499.656	0.991585	3.8378
499.821	0.991591	3.83788
499.987	0.991598	3.83796
