0	1.00149	3.55791
0	1.00149	3.55791
1.48129	1.00878	3.571
2.97738	1.00687	3.56915
4.45867	1.00559	3.56981
5.93996	1.00453	3.572
7.42124	1.00197	3.57247
8.90253	0.999502	3.57396
10.369	0.996462	3.57503
11.8503	0.993128	3.57619
13.3316	0.989578	3.57737
14.8129	0.985833	3.5785
16.2941	0.981981	3.57966
17.7754	0.978048	3.58081
19.2567	0.974078	3.58196
20.7528	0.970063	3.58312
22.2341	0.966108	3.58427
23.7154	0.962196	3.58541
25.1967	0.958346	3.58656
26.678	0.954572	3.5877
28.1592	0.950888	3.58885
29.6405	0.947302	3.58999
31.1218	0.943823	3.59114
32.6031	0.940455	3.59228
34.0844	0.937203	3.59343
35.5657	0.93407	3.59457
37.047	0.931057	3.59572
38.5134	0.928193	3.59686
39.9947	0.925421	3.598
41.476	0.922768	3.59915
42.9573	0.920234	3.6003
44.4386	0.917816	3.60145
45.9199	0.915512	3.6026
47.4012	0.91332	3.60375
48.8824	0.911237	3.60491
50.3637	0.909259	3.60606
51.845	0.907385	3.60721
53.3263	0.90561	3.60837
54.8076	0.903931	3.60953
56.2889	0.902346	3.61068
57.7702	0.90085	3.61184
59.2514	0.899441	3.613
60.7327	0.898115	3.61416
62.214	0.896868	3.61532
63.6953	0.895699	3.61648
65.1766	0.894604	3.61764
66.6579	0.893579	3.61881
68.1392	0.892622	3.61997
69.6204	0.89173	3.62114
71.1017	0.8909	3.6223
72.583	0.89013	3.62347
74.0643	0.889417	3.62464
75.5456	0.888758	3.62581
77.0269	0.888151	3.62698
78.5082	0.887594	3.62815
79.9894	0.887084	3.62933
81.4707	0.886619	3.6305
82.952	0.886198	3.63167
84.4333	0.885817	3.63285
85.9146	0.885477	3.63403
87.3959	0.885173	3.6352
88.8772	0.884906	3.63638
90.3584	0.884672	3.63756
91.8397	0.884471	3.63874
93.321	0.884301	3.63993
94.8023	0.88416	3.64111
96.2836	0.884048	3.64229
97.7649	0.883962	3.64348
99.2462	0.883902	3.64466
100.727	0.883866	3.64585
102.209	0.883853	3.64704
103.69	0.883862	3.64823
105.171	0.883892	3.64942
106.653	0.883942	3.65061
108.134	0.884012	3.6518
109.615	0.884099	3.653
111.096	0.884203	3.65419
112.578	0.884324	3.65539
114.059	0.88446	3.65658
115.54	0.884612	3.65778
117.022	0.884777	3.65898
118.503	0.884956	3.66018
119.984	0.885148	3.66138
121.465	0.885352	3.66258
122.947	0.885567	3.66379
124.428	0.885794	3.66499
125.909	0.886031	3.66619
127.391	0.886278	3.6674
128.872	0.886535	3.66861
130.353	0.8868	3.66982
131.834	0.887075	3.67103
133.316	0.887357	3.67224
134.797	0.887648	3.67345
136.278	0.887946	3.67466
137.76	0.888251	3.67587
139.241	0.888562	3.67709
140.722	0.888881	3.6783
142.203	0.889205	3.67952
143.685	0.889535	3.68074
145.166	0.889871	3.68196
146.647	0.890212	3.68318
148.129	0.890558	3.6844
149.61	0.890909	3.68562
151.091	0.891265	3.68684
152.572	0.891625	3.68807
154.054	0.891989	3.68929
155.535	0.892358	3.69052
157.016	0.89273	3.69175
158.498	0.893105	3.69298
159.979	0.893485	3.69421
161.46	0.893867	3.69544
162.941	0.894253	3.69667
164.423	0.894641	3.6979
165.904	0.895033	3.69914
167.385	0.895427	3.70037
168.867	0.895824	3.70161
170.348	0.896224	3.70285
171.829	0.896626	3.70408
173.31	0.89703	3.70532
174.792	0.897437	3.70657
176.273	0.897845	3.70781
177.754	0.898256	3.70905
179.236	0.898668	3.71029
180.717	0.899083	3.71154
182.198	0.899499	3.71279
183.679	0.899917	3.71403
185.161	0.900336	3.71528
186.642	0.900758	3.71653
188.123	0.90118	3.71778
189.605	0.901604	3.71903
191.086	0.90203	3.72029
192.567	0.902457	3.72154
194.048	0.902885	3.7228
195.53	0.903315	3.72405
197.011	0.903745	3.72531
198.492	0.904177	3.72657
199.974	0.90461	3.72783
201.455	0.905044	3.72909
202.936	0.905479	3.73035
204.417	0.905915	3.73162
205.899	0.906352	3.73288
207.38	0.90679	3.73414
208.861	0.907229	3.73541
210.343	0.907669	3.73668
211.824	0.908109	3.73795
213.305	0.908551	3.73922
214.786	0.908993	3.74049
216.268	0.909436	3.74176
217.749	0.90988	3.74304
219.23	0.910324	3.74431
220.712	0.91077	3.74559
222.193	0.911216	3.74686
223.674	0.911662	3.74814
225.155	0.91211	3.74942
226.637	0.912558	3.7507
228.118	0.913006	3.75198
229.599	0.913455	3.75326
231.081	0.913905	3.75455
232.562	0.914356	3.75583
234.043	0.914807	3.75712
235.524	0.915258	3.75841
237.006	0.91571	3.7597
238.487	0.916163	3.76099
239.968	0.916616	3.76228
241.45	0.91707	3.76357
242.931	0.917524	3.76486
244.412	0.917979	3.76616
245.893	0.918434	3.76745
247.375	0.91889	3.76875
248.856	0.919346	3.77005
250.337	0.919803	3.77135
251.819	0.92026	3.77265
253.3	0.920718	3.77395
254.781	0.921176	3.77525
256.262	0.921635	3.77655
257.744	0.922094	3.77786
259.225	0.922553	3.77917
260.706	0.923013	3.78047
262.188	0.923474	3.78178
263.669	0.923935	3.78309
265.15	0.924396	3.7844
266.631	0.924858	3.78572
268.113	0.92532	3.78703
269.594	0.925782	3.78834
271.075	0.926245	3.78966
272.557	0.926709	3.79098
274.038	0.927172	3.7923
275.519	0.927637	3.79362
277.015	0.928106	3.79495
278.497	0.928571	3.79627
279.978	0.929036	3.7976
281.459	0.929502	3.79892
282.94	0.929968	3.80025
284.422	0.930435	3.80157
285.903	0.930902	3.8029
287.384	0.931369	3.80423
288.866	0.931837	3.80556
290.347	0.932305	3.80689
291.828	0.932774	3.80823
293.309	0.933243	3.80956
294.791	0.933712	3.8109
296.272	0.934182	3.81223
297.753	0.934652	3.81357
299.235	0.935122	3.81491
300.716	0.935593	3.81625
302.197	0.936064	3.81759
303.678	0.936536	3.81894
305.16	0.937008	3.82028
306.641	0.93748	3.82163
308.122	0.937953	3.82297
309.604	0.938426	3.82432
311.085	0.9389	3.82567
312.566	0.939373	3.82702
314.047	0.939848	3.82837
315.529	0.940322	3.82973
317.01	0.940797	3.83108
318.491	0.941273	3.83244
319.973	0.941748	3.8338
321.454	0.942225	3.83515
322.935	0.942701	3.83651
324.416	0.943178	3.83787
325.898	0.943655	3.83924
327.379	0.944133	3.8406
328.86	0.944611	3.84197
330.342	0.945089	3.84333
331.823	0.945568	3.8447
333.304	0.946047	3.84607
334.785	0.946526	3.84744
336.267	0.947006	3.84881
337.748	0.947487	3.85018
339.229	0.947967	3.85156
340.711	0.948448	3.85293
342.192	0.948929	3.85431
343.673	0.949411	3.85569
345.154	0.949893	3.85706
346.636	0.950376	3.85845
348.117	0.950859	3.85983
349.598	0.951342	3.86121
351.08	0.951825	3.86259
352.561	0.952309	3.86398
354.042	0.952794	3.86537
355.523	0.953278	3.86676
357.005	0.953763	3.86815
358.486	0.954249	3.86954
359.967	0.954735	3.87093
361.449	0.955221	3.87232
362.93	0.955707	3.87372
364.411	0.956194	3.87511
365.892	0.956682	3.87651
367.374	0.957169	3.87791
368.855	0.957657	3.87931
370.336	0.958146	3.88071
371.818	0.958635	3.88212
373.299	0.959124	3.88352
374.78	0.959613	3.88493
376.261	0.960103	3.88633
377.743	0.960594	3.88774
379.224	0.961084	3.88915
380.705	0.961576	3.89056
382.187	0.962067	3.89198
383.668	0.962559	3.89339
385.149	0.963051	3.89481
386.63	0.963544	3.89622
388.112	0.964037	3.89764
389.593	0.96453	3.89906
391.074	0.965024	3.90048
392.556	0.965518	3.9019
394.037	0.966012	3.90333
395.518	0.966507	3.90475
396.999	0.967002	3.90618
398.481	0.967498	3.90761
399.962	0.967994	3.90904
401.443	0.96849	3.91047
402.925	0.968987	3.9119
404.406	0.969484	3.91333
405.887	0.969981	3.91477
407.368	0.970479	3.9162
408.85	0.970978	3.91764
410.331	0.971476	3.91908
411.812	0.971975	3.92052
413.294	0.972475	3.92196
414.775	0.972974	3.92341
416.256	0.973475	3.92485
417.737	0.973975	3.9263
419.219	0.974476	3.92774
420.7	0.974977	3.92919
422.181	0.975479	3.93064
423.663	0.975981	3.9321
425.144	0.976484	3.93355
426.625	0.976986	3.935
428.106	0.97749	3.93646
429.588	0.977993	3.93792
431.069	0.978497	3.93938
432.55	0.979002	3.94084
434.032	0.979506	3.9423
435.513	0.980012	3.94376
436.994	0.980517	3.94523
438.475	0.981023	3.94669
439.957	0.981529	3.94816
441.438	0.982036	3.94963
442.919	0.982543	3.9511
444.401	0.983051	3.95257
445.882	0.983558	3.95405
447.363	0.984067	3.95552
448.844	0.984575	3.957
450.326	0.985084	3.95848
451.807	0.985594	3.95996
453.288	0.986103	3.96144
454.77	0.986614	3.96292
456.251	0.987124	3.9644
457.732	0.987635	3.96589
459.213	0.988146	3.96738
460.695	0.988658	3.96886
462.176	0.98917	3.97035
463.657	0.989683	3.97185
465.139	0.990196	3.97334
466.62	0.990709	3.97483
468.101	0.991222	3.97633
469.582	0.991737	3.97783
471.064	0.992251	3.97933
472.545	0.992766	3.98083
474.026	0.993281	3.98233
475.508	0.993797	3.98383
476.989	0.994313	3.98534
478.47	0.994829	3.98684
479.951	0.995346	3.98835
481.433	0.995863	3.98986
482.914	0.996381	3.99137
484.395	0.996898	3.99289
485.877	0.997417	3.9944
487.358	0.997936	3.99591
488.839	0.998455	3.99743
490.32	0.998974	3.99895
491.802	0.999494	4.00047
493.283	1.00001	4.00199
494.764	1.00054	4.00352
496.246	1.00106	4.00504
497.727	1.00158	4.00657
499.208	1.0021	4.0081
