0	1.00149	3.55791
0	1.00149	3.55791
0.236554	1.00192	3.55864
0.470766	1.00301	3.56054
0.702636	1.00445	3.56307
0.936848	1.00595	3.56579
1.17106	1.00725	3.56817
1.40761	1.00819	3.56992
1.64183	1.00866	3.57088
1.87604	1.00868	3.57107
2.11025	1.00832	3.57063
2.34212	1.00771	3.56979
2.57633	1.00698	3.56879
2.81054	1.00626	3.56783
3.04475	1.00561	3.56705
3.27897	1.00511	3.56655
3.51318	1.00476	3.56635
3.74739	1.00454	3.56642
3.9816	1.00444	3.56672
4.21581	1.0044	3.56718
4.45003	1.00439	3.56771
4.68424	1.00434	3.5682
4.91845	1.00421	3.56859
5.155	1.004	3.56885
5.38922	1.0037	3.56897
5.62343	1.00333	3.56898
5.85764	1.0029	3.56892
6.09185	1.00244	3.56884
6.32606	1.00197	3.56876
6.56027	1.00149	3.5687
6.79449	1.00102	3.56866
7.0287	1.00057	3.56868
7.26291	1.00013	3.56875
7.49712	0.999714	3.56887
7.73133	0.9993	3.56902
7.96555	0.998883	3.56919
8.19976	0.998453	3.56935
8.43397	0.998003	3.56949
8.66818	0.997533	3.56961
8.90239	0.997042	3.56971
9.13661	0.996533	3.5698
9.37082	0.99601	3.56988
9.60503	0.995473	3.56994
9.83924	0.994927	3.57001
10.0735	0.994374	3.57007
10.3077	0.993818	3.57014
10.5419	0.99326	3.57021
10.7761	0.992702	3.5703
11.0103	0.992142	3.5704
11.2445	0.991581	3.5705
11.4787	0.991016	3.57061
11.7129	0.990446	3.57071
11.9471	0.989871	3.57081
12.1814	0.98929	3.57091
12.4156	0.988705	3.57101
12.6498	0.988115	3.5711
12.884	0.98752	3.5712
13.1182	0.986922	3.57128
13.3524	0.986321	3.57137
13.5866	0.985718	3.57146
13.8208	0.985114	3.57154
14.0551	0.98451	3.57163
14.2893	0.983906	3.57172
14.5235	0.983301	3.57182
14.7577	0.982697	3.57191
14.9919	0.982092	3.572
15.2261	0.981488	3.57209
15.4603	0.980884	3.57218
15.6945	0.98028	3.57227
15.9288	0.979677	3.57236
16.163	0.979075	3.57245
16.3972	0.978473	3.57254
16.6314	0.977873	3.57263
16.8656	0.977274	3.57271
17.0998	0.976677	3.5728
17.334	0.976082	3.57289
17.5682	0.97549	3.57297
17.8024	0.9749	3.57306
18.0367	0.974313	3.57314
18.2685	0.973734	3.57322
18.5027	0.973153	3.57331
18.737	0.972575	3.57339
18.9712	0.972	3.57347
19.2054	0.971429	3.57355
19.4396	0.970861	3.57364
19.6738	0.970297	3.57372
19.908	0.969736	3.5738
20.1422	0.96918	3.57387
20.3764	0.968627	3.57395
20.6106	0.968079	3.57403
20.8449	0.967535	3.57411
21.0791	0.966996	3.57418
21.3133	0.966461	3.57426
21.5475	0.96593	3.57433
21.7817	0.965405	3.57441
22.0159	0.964884	3.57448
22.2501	0.964368	3.57455
22.4843	0.963856	3.57463
22.7186	0.96335	3.5747
22.9528	0.962849	3.57477
23.187	0.962353	3.57484
23.4212	0.961862	3.57491
23.6554	0.961376	3.57498
23.8896	0.960896	3.57504
24.1238	0.960421	3.57511
24.358	0.959951	3.57518
24.5922	0.959486	3.57524
24.8265	0.959027	3.57531
25.0607	0.958573	3.57537
25.2949	0.958125	3.57544
25.5291	0.957682	3.5755
25.7633	0.957244	3.57556
25.9975	0.956812	3.57562
26.2317	0.956385	3.57569
26.4659	0.955964	3.57575
26.7002	0.955548	3.57581
26.9344	0.955138	3.57587
27.1686	0.954733	3.57592
27.4028	0.954334	3.57598
27.637	0.95394	3.57604
27.8712	0.953551	3.5761
28.1054	0.953168	3.57615
28.3396	0.95279	3.57621
28.5739	0.952418	3.57626
28.8081	0.95205	3.57632
29.0423	0.951689	3.57637
29.2765	0.951332	3.57642
29.5107	0.950981	3.57647
29.7449	0.950635	3.57653
29.9791	0.950294	3.57658
30.2133	0.949958	3.57663
30.4475	0.949627	3.57668
30.6818	0.949302	3.57673
30.916	0.948981	3.57678
31.1502	0.948666	3.57682
31.3844	0.948355	3.57687
31.6186	0.948049	3.57692
31.8528	0.947749	3.57697
32.087	0.947453	3.57701
32.3212	0.947161	3.57706
32.5555	0.946875	3.5771
32.7897	0.946593	3.57715
33.0239	0.946316	3.57719
33.2581	0.946043	3.57723
33.4923	0.945775	3.57728
33.7265	0.945512	3.57732
33.9607	0.945253	3.57736
34.1949	0.944998	3.5774
34.4291	0.944748	3.57745
34.6634	0.944502	3.57749
34.8976	0.94426	3.57753
35.1318	0.944022	3.57757
35.366	0.943789	3.57761
35.6002	0.94356	3.57764
35.8344	0.943334	3.57768
36.0686	0.943113	3.57772
36.3028	0.942896	3.57776
36.5371	0.942682	3.5778
36.7713	0.942472	3.57783
37.0055	0.942266	3.57787
37.2397	0.942064	3.57791
37.4739	0.941866	3.57794
37.7081	0.941671	3.57798
37.9423	0.941479	3.57801
38.1765	0.941292	3.57805
38.4107	0.941107	3.57808
38.645	0.940926	3.57812
38.8792	0.940749	3.57815
39.1134	0.940574	3.57818
39.3476	0.940403	3.57822
39.5818	0.940236	3.57825
39.816	0.940071	3.57828
40.0502	0.93991	3.57831
40.2844	0.939751	3.57834
40.5187	0.939596	3.57838
40.7529	0.939443	3.57841
40.9871	0.939294	3.57844
41.2213	0.939147	3.57847
41.4555	0.939004	3.5785
41.6897	0.938863	3.57853
41.9239	0.938724	3.57856
42.1605	0.938588	3.57859
42.3947	0.938455	3.57862
42.6289	0.938324	3.57865
42.8631	0.938197	3.57868
43.0973	0.938072	3.5787
43.3315	0.937949	3.57873
43.5658	0.937829	3.57876
43.8	0.937711	3.57879
44.0342	0.937595	3.57882
44.2684	0.937482	3.57884
44.5026	0.937371	3.57887
44.7368	0.937263	3.5789
44.971	0.937156	3.57892
45.2052	0.937052	3.57895
45.4394	0.93695	3.57898
45.6737	0.93685	3.579
45.9079	0.936752	3.57903
46.1421	0.936656	3.57905
46.3763	0.936562	3.57908
46.6105	0.93647	3.5791
46.8447	0.936379	3.57913
47.0789	0.936291	3.57915
47.3131	0.936205	3.57918
47.5474	0.93612	3.5792
47.7816	0.936037	3.57923
48.0158	0.935956	3.57925
48.25	0.935876	3.57927
48.4842	0.935799	3.5793
48.7184	0.935722	3.57932
48.9526	0.935648	3.57935
49.1868	0.935575	3.57937
49.421	0.935503	3.57939
49.6553	0.935434	3.57941
49.8895	0.935365	3.57944
50.1237	0.935298	3.57946
50.3579	0.935233	3.57948
50.5921	0.935169	3.57951
50.8263	0.935106	3.57953
51.0605	0.935045	3.57955
51.2947	0.934985	3.57957
51.529	0.934926	3.57959
51.7632	0.934869	3.57962
51.9974	0.934812	3.57964
52.2316	0.934757	3.57966
52.4658	0.934704	3.57968
52.7	0.934651	3.5797
52.9342	0.9346	3.57972
53.1684	0.93455	3.57974
53.4027	0.934501	3.57977
53.6369	0.934453	3.57979
53.8711	0.934406	3.57981
54.1053	0.93436	3.57983
54.3395	0.934315	3.57985
54.5737	0.934271	3.57987
54.8079	0.934228	3.57989
55.0421	0.934187	3.57991
55.2763	0.934146	3.57993
55.5106	0.934106	3.57995
55.7448	0.934067	3.57997
55.979	0.934029	3.57999
56.2132	0.933991	3.58001
56.4474	0.933955	3.58003
56.6816	0.933919	3.58005
56.9158	0.933885	3.58007
57.15	0.933851	3.58009
57.3843	0.933818	3.58011
57.6185	0.933785	3.58013
57.8527	0.933754	3.58015
58.0869	0.933723	3.58017
58.3211	0.933693	3.58019
58.5553	0.933664	3.5802
58.7895	0.933635	3.58022
59.0237	0.933607	3.58024
59.2579	0.93358	3.58026
59.4922	0.933553	3.58028
59.7264	0.933528	3.5803
59.9606	0.933502	3.58032
60.1948	0.933478	3.58034
60.429	0.933454	3.58036
60.6632	0.93343	3.58037
60.8974	0.933407	3.58039
61.1316	0.933385	3.58041
61.3659	0.933363	3.58043
61.6001	0.933342	3.58045
61.8343	0.933322	3.58047
62.0685	0.933301	3.58048
62.3027	0.933282	3.5805
62.5369	0.933263	3.58052
62.7711	0.933244	3.58054
63.0053	0.933226	3.58056
63.2396	0.933209	3.58057
63.4738	0.933192	3.58059
63.708	0.933175	3.58061
63.9422	0.933159	3.58063
64.1764	0.933143	3.58065
64.4106	0.933128	3.58066
64.6448	0.933113	3.58068
64.879	0.933098	3.5807
65.1132	0.933084	3.58072
65.3475	0.93307	3.58073
65.5817	0.933057	3.58075
65.8159	0.933044	3.58077
66.0501	0.933032	3.58079
66.2843	0.93302	3.58081
66.5185	0.933008	3.58082
66.7527	0.932996	3.58084
66.9869	0.932985	3.58086
67.2212	0.932974	3.58087
67.4554	0.932964	3.58089
67.6896	0.932954	3.58091
67.9238	0.932944	3.58093
68.158	0.932935	3.58094
68.3922	0.932925	3.58096
68.6264	0.932916	3.58098
68.8606	0.932908	3.581
69.0948	0.9329	3.58101
69.3291	0.932891	3.58103
69.5633	0.932884	3.58105
69.7975	0.932876	3.58106
70.0317	0.932869	3.58108
70.2659	0.932862	3.5811
70.5001	0.932855	3.58111
70.7343	0.932849	3.58113
70.9685	0.932843	3.58115
71.2028	0.932837	3.58117
71.437	0.932831	3.58118
71.6712	0.932825	3.5812
71.9054	0.93282	3.58122
72.1396	0.932815	3.58123
72.3738	0.93281	3.58125
72.608	0.932805	3.58127
72.8422	0.932801	3.58128
73.0765	0.932796	3.5813
73.3107	0.932792	3.58132
73.5449	0.932788	3.58133
73.7791	0.932785	3.58135
74.0133	0.932781	3.58137
74.2475	0.932778	3.58138
74.4817	0.932775	3.5814
74.7159	0.932772	3.58142
74.9501	0.932769	3.58143
75.1844	0.932766	3.58145
75.4186	0.932763	3.58147
75.6528	0.932761	3.58148
75.887	0.932759	3.5815
76.1212	0.932757	3.58152
76.3554	0.932755	3.58153
76.5896	0.932753	3.58155
76.8238	0.932752	3.58157
77.0581	0.93275	3.58158
77.2923	0.932749	3.5816
77.5265	0.932747	3.58161
77.7607	0.932746	3.58163
77.9949	0.932745	3.58165
78.2291	0.932745	3.58166
78.4633	0.932744	3.58168
78.6975	0.932743	3.5817
78.9317	0.932743	3.58171
79.166	0.932742	3.58173
79.4002	0.932742	3.58175
79.6344	0.932742	3.58176
79.8686	0.932742	3.58178
80.1028	0.932742	3.58179
80.337	0.932742	3.58181
80.5712	0.932743	3.58183
80.8054	0.932743	3.58184
81.0397	0.932743	3.58186
81.2739	0.932744	3.58188
81.5081	0.932745	3.58189
81.7423	0.932745	3.58191
81.9765	0.932746	3.58192
82.2107	0.932747	3.58194
82.4449	0.932748	3.58196
82.6791	0.932749	3.58197
82.9133	0.93275	3.58199
83.1476	0.932751	3.58201
83.3818	0.932753	3.58202
83.616	0.932754	3.58204
83.8502	0.932756	3.58205
84.0844	0.932757	3.58207
84.3186	0.932759	3.58209
84.5528	0.93276	3.5821
84.787	0.932762	3.58212
85.0213	0.932764	3.58214
85.2555	0.932766	3.58215
85.4897	0.932768	3.58217
85.7239	0.93277	3.58218
85.9581	0.932772	3.5822
86.1923	0.932774	3.58222
86.4265	0.932776	3.58223
86.6607	0.932778	3.58225
86.895	0.932781	3.58226
87.1292	0.932783	3.58228
87.3634	0.932786	3.5823
87.5976	0.932788	3.58231
87.8318	0.93279	3.58233
88.066	0.932793	3.58234
88.3002	0.932796	3.58236
88.5344	0.932798	3.58238
88.7686	0.932801	3.58239
89.0029	0.932804	3.58241
89.2371	0.932806	3.58242
89.4713	0.932809	3.58244
89.7055	0.932812	3.58246
89.9397	0.932815	3.58247
90.1739	0.932818	3.58249
90.4081	0.932821	3.5825
90.6423	0.932824	3.58252
90.8766	0.932827	3.58254
91.1108	0.93283	3.58255
91.345	0.932833	3.58257
91.5792	0.932837	3.58258
91.8134	0.93284	3.5826
92.0476	0.932843	3.58262
92.2818	0.932846	3.58263
92.516	0.93285	3.58265
92.7502	0.932853	3.58266
92.9845	0.932856	3.58268
93.2187	0.93286	3.5827
93.4529	0.932863	3.58271
93.6871	0.932867	3.58273
93.9213	0.93287	3.58274
94.1555	0.932874	3.58276
94.3897	0.932877	3.58278
94.6239	0.932881	3.58279
94.8582	0.932884	3.58281
95.0924	0.932888	3.58282
95.3266	0.932892	3.58284
95.5608	0.932895	3.58286
95.795	0.932899	3.58287
96.0292	0.932903	3.58289
96.2634	0.932907	3.5829
96.4976	0.93291	3.58292
96.7319	0.932914	3.58294
96.9661	0.932918	3.58295
97.2003	0.932922	3.58297
97.4345	0.932926	3.58298
97.6687	0.93293	3.583
97.9029	0.932933	3.58302
98.1371	0.932937	3.58303
98.3713	0.932941	3.58305
98.6055	0.932945	3.58306
98.8398	0.932949	3.58308
99.074	0.932953	3.58309
99.3082	0.932957	3.58311
99.5424	0.932961	3.58313
99.7766	0.932965	3.58314
100.011	0.932969	3.58316
100.245	0.932973	3.58317
100.479	0.932977	3.58319
100.713	0.932981	3.58321
100.948	0.932986	3.58322
101.182	0.93299	3.58324
101.416	0.932994	3.58325
101.65	0.932998	3.58327
101.885	0.933002	3.58329
102.119	0.933006	3.5833
102.353	0.93301	3.58332
102.587	0.933015	3.58333
102.821	0.933019	3.58335
103.056	0.933023	3.58337
103.29	0.933027	3.58338
103.524	0.933032	3.5834
103.758	0.933036	3.58341
103.992	0.93304	3.58343
104.227	0.933044	3.58344
104.461	0.933049	3.58346
104.695	0.933053	3.58348
104.929	0.933057	3.58349
105.163	0.933062	3.58351
105.398	0.933066	3.58352
105.632	0.93307	3.58354
105.866	0.933074	3.58356
106.1	0.933079	3.58357
106.335	0.933083	3.58359
106.569	0.933088	3.5836
106.803	0.933092	3.58362
107.037	0.933096	3.58363
107.271	0.933101	3.58365
107.506	0.933105	3.58367
107.74	0.933109	3.58368
107.974	0.933114	3.5837
108.208	0.933118	3.58371
108.442	0.933123	3.58373
108.677	0.933127	3.58375
108.911	0.933131	3.58376
109.145	0.933136	3.58378
109.379	0.93314	3.58379
109.614	0.933145	3.58381
109.848	0.933149	3.58382
110.082	0.933154	3.58384
110.316	0.933158	3.58386
110.55	0.933163	3.58387
110.785	0.933167	3.58389
111.019	0.933172	3.5839
111.253	0.933176	3.58392
111.487	0.93318	3.58394
111.721	0.933185	3.58395
111.956	0.933189	3.58397
112.19	0.933194	3.58398
112.424	0.933198	3.584
112.658	0.933203	3.58401
112.892	0.933207	3.58403
113.127	0.933212	3.58405
113.361	0.933216	3.58406
113.595	0.933221	3.58408
113.829	0.933225	3.58409
114.064	0.93323	3.58411
114.298	0.933235	3.58413
114.532	0.933239	3.58414
114.766	0.933244	3.58416
115	0.933248	3.58417
115.235	0.933253	3.58419
115.469	0.933257	3.5842
115.703	0.933262	3.58422
115.937	0.933266	3.58424
116.171	0.933271	3.58425
116.406	0.933275	3.58427
116.64	0.93328	3.58428
116.874	0.933284	3.5843
117.108	0.933289	3.58432
117.342	0.933294	3.58433
117.577	0.933298	3.58435
117.811	0.933303	3.58436
118.045	0.933307	3.58438
118.279	0.933312	3.58439
118.514	0.933316	3.58441
118.748	0.933321	3.58443
118.982	0.933325	3.58444
119.216	0.93333	3.58446
119.45	0.933335	3.58447
119.685	0.933339	3.58449
119.919	0.933344	3.58451
120.153	0.933348	3.58452
120.387	0.933353	3.58454
120.621	0.933357	3.58455
120.856	0.933362	3.58457
121.09	0.933367	3.58458
121.324	0.933371	3.5846
121.558	0.933376	3.58462
121.793	0.93338	3.58463
122.027	0.933385	3.58465
122.261	0.93339	3.58466
122.495	0.933394	3.58468
122.729	0.933399	3.5847
122.964	0.933403	3.58471
123.198	0.933408	3.58473
123.432	0.933412	3.58474
123.666	0.933417	3.58476
123.9	0.933422	3.58477
124.135	0.933426	3.58479
124.369	0.933431	3.58481
124.603	0.933435	3.58482
124.837	0.93344	3.58484
125.071	0.933445	3.58485
125.306	0.933449	3.58487
125.54	0.933454	3.58488
125.774	0.933458	3.5849
126.008	0.933463	3.58492
126.243	0.933467	3.58493
126.477	0.933472	3.58495
126.711	0.933477	3.58496
126.945	0.933481	3.58498
127.179	0.933486	3.585
127.414	0.93349	3.58501
127.648	0.933495	3.58503
127.882	0.9335	3.58504
128.116	0.933504	3.58506
128.35	0.933509	3.58507
128.585	0.933513	3.58509
128.819	0.933518	3.58511
129.053	0.933523	3.58512
129.287	0.933527	3.58514
129.522	0.933532	3.58515
129.756	0.933536	3.58517
129.99	0.933541	3.58519
130.224	0.933545	3.5852
130.458	0.93355	3.58522
130.693	0.933555	3.58523
130.927	0.933559	3.58525
131.161	0.933564	3.58526
131.395	0.933568	3.58528
131.629	0.933573	3.5853
131.864	0.933578	3.58531
132.098	0.933582	3.58533
132.332	0.933587	3.58534
132.566	0.933591	3.58536
132.8	0.933596	3.58537
133.035	0.9336	3.58539
133.269	0.933605	3.58541
133.503	0.93361	3.58542
133.737	0.933614	3.58544
133.972	0.933619	3.58545
134.206	0.933623	3.58547
134.44	0.933628	3.58549
134.674	0.933633	3.5855
134.908	0.933637	3.58552
135.143	0.933642	3.58553
135.377	0.933646	3.58555
135.611	0.933651	3.58556
135.845	0.933655	3.58558
136.079	0.93366	3.5856
136.314	0.933665	3.58561
136.548	0.933669	3.58563
136.782	0.933674	3.58564
137.016	0.933678	3.58566
137.251	0.933683	3.58567
137.485	0.933687	3.58569
137.719	0.933692	3.58571
137.953	0.933697	3.58572
138.187	0.933701	3.58574
138.422	0.933706	3.58575
138.656	0.93371	3.58577
138.89	0.933715	3.58579
139.124	0.933719	3.5858
139.358	0.933724	3.58582
139.593	0.933729	3.58583
139.827	0.933733	3.58585
140.061	0.933738	3.58586
140.295	0.933742	3.58588
140.529	0.933747	3.5859
140.764	0.933751	3.58591
140.998	0.933756	3.58593
141.232	0.93376	3.58594
141.466	0.933765	3.58596
141.701	0.93377	3.58597
141.935	0.933774	3.58599
142.169	0.933779	3.58601
142.403	0.933783	3.58602
142.635	0.933788	3.58604
142.869	0.933792	3.58605
143.103	0.933797	3.58607
143.338	0.933801	3.58609
143.572	0.933806	3.5861
143.806	0.933811	3.58612
144.04	0.933815	3.58613
144.275	0.93382	3.58615
144.509	0.933824	3.58616
144.743	0.933829	3.58618
144.977	0.933833	3.5862
145.211	0.933838	3.58621
145.446	0.933842	3.58623
145.68	0.933847	3.58624
145.914	0.933851	3.58626
146.148	0.933856	3.58627
146.382	0.933861	3.58629
146.617	0.933865	3.58631
146.851	0.93387	3.58632
147.085	0.933874	3.58634
147.319	0.933879	3.58635
147.553	0.933883	3.58637
147.788	0.933888	3.58639
148.022	0.933892	3.5864
148.256	0.933897	3.58642
148.49	0.933901	3.58643
148.725	0.933906	3.58645
148.959	0.93391	3.58646
149.193	0.933915	3.58648
149.427	0.93392	3.5865
149.661	0.933924	3.58651
149.896	0.933929	3.58653
150.13	0.933933	3.58654
150.364	0.933938	3.58656
150.598	0.933942	3.58657
150.832	0.933947	3.58659
151.067	0.933951	3.58661
151.301	0.933956	3.58662
151.535	0.93396	3.58664
151.769	0.933965	3.58665
152.004	0.933969	3.58667
152.238	0.933974	3.58669
152.472	0.933978	3.5867
152.706	0.933983	3.58672
152.94	0.933987	3.58673
153.175	0.933992	3.58675
153.409	0.933996	3.58676
153.643	0.934001	3.58678
153.877	0.934005	3.5868
154.111	0.93401	3.58681
154.346	0.934015	3.58683
154.58	0.934019	3.58684
154.814	0.934024	3.58686
155.048	0.934028	3.58687
155.282	0.934033	3.58689
155.517	0.934037	3.58691
155.751	0.934042	3.58692
155.985	0.934046	3.58694
156.219	0.934051	3.58695
156.454	0.934055	3.58697
156.688	0.93406	3.58698
156.922	0.934064	3.587
157.156	0.934069	3.58702
157.39	0.934073	3.58703
157.625	0.934078	3.58705
157.859	0.934082	3.58706
158.093	0.934087	3.58708
158.327	0.934091	3.5871
158.561	0.934096	3.58711
158.796	0.9341	3.58713
159.03	0.934105	3.58714
159.264	0.934109	3.58716
159.498	0.934114	3.58717
159.733	0.934118	3.58719
159.967	0.934123	3.58721
160.201	0.934127	3.58722
160.435	0.934132	3.58724
160.669	0.934136	3.58725
160.904	0.934141	3.58727
161.138	0.934145	3.58728
161.372	0.93415	3.5873
161.606	0.934154	3.58732
161.84	0.934159	3.58733
162.075	0.934163	3.58735
162.309	0.934168	3.58736
162.543	0.934172	3.58738
162.777	0.934176	3.58739
163.011	0.934181	3.58741
163.246	0.934185	3.58743
163.48	0.93419	3.58744
163.714	0.934194	3.58746
163.948	0.934199	3.58747
164.183	0.934203	3.58749
164.417	0.934208	3.58751
164.651	0.934212	3.58752
164.885	0.934217	3.58754
165.119	0.934221	3.58755
165.354	0.934226	3.58757
165.588	0.93423	3.58758
165.822	0.934235	3.5876
166.056	0.934239	3.58762
166.29	0.934244	3.58763
166.525	0.934248	3.58765
166.759	0.934253	3.58766
166.993	0.934257	3.58768
167.227	0.934262	3.58769
167.461	0.934266	3.58771
167.696	0.934271	3.58773
167.93	0.934275	3.58774
168.164	0.934279	3.58776
168.398	0.934284	3.58777
168.633	0.934288	3.58779
168.867	0.934293	3.5878
169.101	0.934297	3.58782
169.335	0.934302	3.58784
169.569	0.934306	3.58785
169.804	0.934311	3.58787
170.038	0.934315	3.58788
170.272	0.93432	3.5879
170.506	0.934324	3.58792
170.74	0.934329	3.58793
170.975	0.934333	3.58795
171.209	0.934337	3.58796
171.443	0.934342	3.58798
171.677	0.934346	3.58799
171.912	0.934351	3.58801
172.146	0.934355	3.58803
172.38	0.93436	3.58804
172.614	0.934364	3.58806
172.848	0.934369	3.58807
173.083	0.934373	3.58809
173.317	0.934378	3.5881
173.551	0.934382	3.58812
173.785	0.934386	3.58814
174.019	0.934391	3.58815
174.254	0.934395	3.58817
174.488	0.9344	3.58818
174.722	0.934404	3.5882
174.956	0.934409	3.58821
175.19	0.934413	3.58823
175.425	0.934418	3.58825
175.659	0.934422	3.58826
175.893	0.934427	3.58828
176.127	0.934431	3.58829
176.362	0.934435	3.58831
176.596	0.93444	3.58833
176.83	0.934444	3.58834
177.064	0.934449	3.58836
177.298	0.934453	3.58837
177.533	0.934458	3.58839
177.767	0.934462	3.5884
178.001	0.934467	3.58842
178.235	0.934471	3.58844
178.469	0.934475	3.58845
178.704	0.93448	3.58847
178.938	0.934484	3.58848
179.172	0.934489	3.5885
179.406	0.934493	3.58851
179.641	0.934498	3.58853
179.875	0.934502	3.58855
180.109	0.934506	3.58856
180.343	0.934511	3.58858
180.577	0.934515	3.58859
180.812	0.93452	3.58861
181.046	0.934524	3.58862
181.28	0.934529	3.58864
181.514	0.934533	3.58866
181.748	0.934537	3.58867
181.983	0.934542	3.58869
182.217	0.934546	3.5887
182.451	0.934551	3.58872
182.685	0.934555	3.58873
182.919	0.93456	3.58875
183.154	0.934564	3.58877
183.388	0.934568	3.58878
183.622	0.934573	3.5888
183.856	0.934577	3.58881
184.091	0.934582	3.58883
184.325	0.934586	3.58885
184.559	0.934591	3.58886
184.793	0.934595	3.58888
185.027	0.934599	3.58889
185.262	0.934604	3.58891
185.496	0.934608	3.58892
185.73	0.934613	3.58894
185.964	0.934617	3.58896
186.198	0.934622	3.58897
186.433	0.934626	3.58899
186.667	0.93463	3.589
186.901	0.934635	3.58902
187.135	0.934639	3.58903
187.37	0.934644	3.58905
187.604	0.934648	3.58907
187.838	0.934652	3.58908
188.072	0.934657	3.5891
188.306	0.934661	3.58911
188.541	0.934666	3.58913
188.775	0.93467	3.58914
189.009	0.934674	3.58916
189.243	0.934679	3.58918
189.477	0.934683	3.58919
189.712	0.934688	3.58921
189.946	0.934692	3.58922
190.18	0.934697	3.58924
190.414	0.934701	3.58925
190.648	0.934705	3.58927
190.883	0.93471	3.58929
191.117	0.934714	3.5893
191.351	0.934719	3.58932
191.585	0.934723	3.58933
191.82	0.934727	3.58935
192.054	0.934732	3.58937
192.288	0.934736	3.58938
192.522	0.934741	3.5894
192.756	0.934745	3.58941
192.991	0.934749	3.58943
193.225	0.934754	3.58944
193.459	0.934758	3.58946
193.693	0.934763	3.58948
193.927	0.934767	3.58949
194.162	0.934771	3.58951
194.396	0.934776	3.58952
194.63	0.93478	3.58954
194.864	0.934785	3.58955
195.099	0.934789	3.58957
195.333	0.934793	3.58959
195.567	0.934798	3.5896
195.801	0.934802	3.58962
196.035	0.934807	3.58963
196.27	0.934811	3.58965
196.504	0.934815	3.58966
196.738	0.93482	3.58968
196.972	0.934824	3.5897
197.206	0.934829	3.58971
197.441	0.934833	3.58973
197.675	0.934837	3.58974
197.909	0.934842	3.58976
198.143	0.934846	3.58977
198.377	0.93485	3.58979
198.612	0.934855	3.58981
198.846	0.934859	3.58982
199.08	0.934864	3.58984
199.314	0.934868	3.58985
199.549	0.934872	3.58987
199.783	0.934877	3.58988
200.017	0.934881	3.5899
200.251	0.934886	3.58992
200.485	0.93489	3.58993
200.72	0.934894	3.58995
200.954	0.934899	3.58996
201.188	0.934903	3.58998
201.422	0.934908	3.59
201.656	0.934912	3.59001
201.891	0.934916	3.59003
202.125	0.934921	3.59004
202.359	0.934925	3.59006
202.593	0.934929	3.59007
202.827	0.934934	3.59009
203.062	0.934938	3.59011
203.296	0.934943	3.59012
203.53	0.934947	3.59014
203.764	0.934951	3.59015
203.999	0.934956	3.59017
204.233	0.93496	3.59018
204.467	0.934964	3.5902
204.701	0.934969	3.59022
204.935	0.934973	3.59023
205.17	0.934978	3.59025
205.404	0.934982	3.59026
205.638	0.934986	3.59028
205.872	0.934991	3.59029
206.106	0.934995	3.59031
206.341	0.934999	3.59033
206.575	0.935004	3.59034
206.809	0.935008	3.59036
207.043	0.935013	3.59037
207.278	0.935017	3.59039
207.512	0.935021	3.5904
207.746	0.935026	3.59042
207.98	0.93503	3.59044
208.214	0.935034	3.59045
208.449	0.935039	3.59047
208.683	0.935043	3.59048
208.917	0.935048	3.5905
209.151	0.935052	3.59051
209.385	0.935056	3.59053
209.62	0.935061	3.59055
209.854	0.935065	3.59056
210.088	0.935069	3.59058
210.322	0.935074	3.59059
210.556	0.935078	3.59061
210.791	0.935082	3.59062
211.025	0.935087	3.59064
211.259	0.935091	3.59066
211.493	0.935096	3.59067
211.728	0.9351	3.59069
211.962	0.935104	3.5907
212.196	0.935109	3.59072
212.43	0.935113	3.59074
212.664	0.935117	3.59075
212.899	0.935122	3.59077
213.133	0.935126	3.59078
213.367	0.93513	3.5908
213.601	0.935135	3.59081
213.835	0.935139	3.59083
214.07	0.935144	3.59085
214.304	0.935148	3.59086
214.538	0.935152	3.59088
214.772	0.935157	3.59089
215.007	0.935161	3.59091
215.241	0.935165	3.59092
215.475	0.93517	3.59094
215.709	0.935174	3.59096
215.943	0.935178	3.59097
216.178	0.935183	3.59099
216.412	0.935187	3.591
216.646	0.935191	3.59102
216.88	0.935196	3.59103
217.114	0.9352	3.59105
217.349	0.935205	3.59107
217.583	0.935209	3.59108
217.817	0.935213	3.5911
218.051	0.935218	3.59111
218.285	0.935222	3.59113
218.52	0.935226	3.59114
218.754	0.935231	3.59116
218.988	0.935235	3.59118
219.222	0.935239	3.59119
219.457	0.935244	3.59121
219.691	0.935248	3.59122
219.925	0.935252	3.59124
220.159	0.935257	3.59125
220.393	0.935261	3.59127
220.628	0.935265	3.59129
220.862	0.93527	3.5913
221.096	0.935274	3.59132
221.33	0.935278	3.59133
221.564	0.935283	3.59135
221.799	0.935287	3.59136
222.033	0.935292	3.59138
222.267	0.935296	3.5914
222.501	0.9353	3.59141
222.736	0.935305	3.59143
222.97	0.935309	3.59144
223.204	0.935313	3.59146
223.438	0.935318	3.59147
223.672	0.935322	3.59149
223.907	0.935326	3.59151
224.141	0.935331	3.59152
224.375	0.935335	3.59154
224.609	0.935339	3.59155
224.843	0.935344	3.59157
225.078	0.935348	3.59158
225.312	0.935352	3.5916
225.546	0.935357	3.59162
225.78	0.935361	3.59163
226.014	0.935365	3.59165
226.249	0.93537	3.59166
226.483	0.935374	3.59168
226.717	0.935378	3.59169
226.951	0.935383	3.59171
227.186	0.935387	3.59173
227.42	0.935391	3.59174
227.654	0.935396	3.59176
227.888	0.9354	3.59177
228.122	0.935404	3.59179
228.357	0.935409	3.5918
228.591	0.935413	3.59182
228.825	0.935417	3.59184
229.059	0.935422	3.59185
229.293	0.935426	3.59187
229.528	0.93543	3.59188
229.762	0.935435	3.5919
229.996	0.935439	3.59192
230.23	0.935443	3.59193
230.464	0.935448	3.59195
230.699	0.935452	3.59196
230.933	0.935456	3.59198
231.167	0.935461	3.59199
231.401	0.935465	3.59201
231.636	0.935469	3.59203
231.87	0.935474	3.59204
232.104	0.935478	3.59206
232.338	0.935482	3.59207
232.572	0.935487	3.59209
232.807	0.935491	3.5921
233.041	0.935495	3.59212
233.275	0.9355	3.59214
233.509	0.935504	3.59215
233.743	0.935508	3.59217
233.978	0.935513	3.59218
234.212	0.935517	3.5922
234.446	0.935521	3.59221
234.68	0.935526	3.59223
234.915	0.93553	3.59225
235.149	0.935534	3.59226
235.383	0.935539	3.59228
235.617	0.935543	3.59229
235.851	0.935547	3.59231
236.086	0.935552	3.59232
236.32	0.935556	3.59234
236.554	0.93556	3.59236
236.788	0.935565	3.59237
237.022	0.935569	3.59239
237.257	0.935573	3.5924
237.491	0.935578	3.59242
237.725	0.935582	3.59243
237.959	0.935586	3.59245
238.193	0.93559	3.59247
238.428	0.935595	3.59248
238.662	0.935599	3.5925
238.896	0.935603	3.59251
239.13	0.935608	3.59253
239.365	0.935612	3.59254
239.599	0.935616	3.59256
239.833	0.935621	3.59258
240.067	0.935625	3.59259
240.301	0.935629	3.59261
240.536	0.935634	3.59262
240.77	0.935638	3.59264
241.004	0.935642	3.59265
241.238	0.935647	3.59267
241.472	0.935651	3.59269
241.707	0.935655	3.5927
241.941	0.93566	3.59272
242.175	0.935664	3.59273
242.409	0.935668	3.59275
242.644	0.935673	3.59276
242.878	0.935677	3.59278
243.112	0.935681	3.5928
243.346	0.935685	3.59281
243.58	0.93569	3.59283
243.815	0.935694	3.59284
244.049	0.935698	3.59286
244.283	0.935703	3.59287
244.517	0.935707	3.59289
244.751	0.935711	3.59291
244.986	0.935716	3.59292
245.22	0.93572	3.59294
245.454	0.935724	3.59295
245.688	0.935729	3.59297
245.922	0.935733	3.59298
246.157	0.935737	3.593
246.391	0.935742	3.59302
246.625	0.935746	3.59303
246.859	0.93575	3.59305
247.094	0.935754	3.59306
247.328	0.935759	3.59308
247.562	0.935763	3.59309
247.796	0.935767	3.59311
248.03	0.935772	3.59313
248.265	0.935776	3.59314
248.499	0.93578	3.59316
248.733	0.935785	3.59317
248.967	0.935789	3.59319
249.201	0.935793	3.5932
249.436	0.935797	3.59322
249.67	0.935802	3.59324
249.904	0.935806	3.59325
250.138	0.93581	3.59327
250.373	0.935815	3.59328
250.607	0.935819	3.5933
250.841	0.935823	3.59331
251.075	0.935828	3.59333
251.309	0.935832	3.59335
251.544	0.935836	3.59336
251.778	0.935841	3.59338
252.012	0.935845	3.59339
252.246	0.935849	3.59341
252.48	0.935853	3.59342
252.715	0.935858	3.59344
252.949	0.935862	3.59346
253.183	0.935866	3.59347
253.417	0.935871	3.59349
253.651	0.935875	3.5935
253.886	0.935879	3.59352
254.12	0.935884	3.59353
254.354	0.935888	3.59355
254.588	0.935892	3.59357
254.823	0.935896	3.59358
255.057	0.935901	3.5936
255.291	0.935905	3.59361
255.525	0.935909	3.59363
255.759	0.935914	3.59364
255.994	0.935918	3.59366
256.228	0.935922	3.59368
256.462	0.935927	3.59369
256.696	0.935931	3.59371
256.93	0.935935	3.59372
257.165	0.935939	3.59374
257.399	0.935944	3.59375
257.633	0.935948	3.59377
257.867	0.935952	3.59379
258.101	0.935957	3.5938
258.336	0.935961	3.59382
258.57	0.935965	3.59383
258.804	0.935969	3.59385
259.038	0.935974	3.59386
259.273	0.935978	3.59388
259.507	0.935982	3.5939
259.741	0.935987	3.59391
259.975	0.935991	3.59393
260.209	0.935995	3.59394
260.444	0.936	3.59396
260.678	0.936004	3.59397
260.912	0.936008	3.59399
261.146	0.936012	3.59401
261.38	0.936017	3.59402
261.615	0.936021	3.59404
261.849	0.936025	3.59405
262.083	0.93603	3.59407
262.317	0.936034	3.59408
262.552	0.936038	3.5941
262.786	0.936042	3.59412
263.02	0.936047	3.59413
263.254	0.936051	3.59415
263.488	0.936055	3.59416
263.723	0.93606	3.59418
263.957	0.936064	3.59419
264.191	0.936068	3.59421
264.425	0.936072	3.59423
264.659	0.936077	3.59424
264.894	0.936081	3.59426
265.128	0.936085	3.59427
265.362	0.93609	3.59429
265.596	0.936094	3.5943
265.83	0.936098	3.59432
266.065	0.936102	3.59434
266.299	0.936107	3.59435
266.533	0.936111	3.59437
266.767	0.936115	3.59438
267.002	0.93612	3.5944
267.236	0.936124	3.59441
267.47	0.936128	3.59443
267.704	0.936132	3.59445
267.938	0.936137	3.59446
268.173	0.936141	3.59448
268.407	0.936145	3.59449
268.641	0.93615	3.59451
268.875	0.936154	3.59452
269.109	0.936158	3.59454
269.344	0.936162	3.59456
269.578	0.936167	3.59457
269.812	0.936171	3.59459
270.046	0.936175	3.5946
270.281	0.936179	3.59462
270.515	0.936184	3.59463
270.749	0.936188	3.59465
270.983	0.936192	3.59467
271.217	0.936197	3.59468
271.452	0.936201	3.5947
271.686	0.936205	3.59471
271.92	0.936209	3.59473
272.154	0.936214	3.59474
272.388	0.936218	3.59476
272.623	0.936222	3.59478
272.857	0.936227	3.59479
273.091	0.936231	3.59481
273.325	0.936235	3.59482
273.559	0.936239	3.59484
273.794	0.936244	3.59485
274.028	0.936248	3.59487
274.262	0.936252	3.59488
274.496	0.936256	3.5949
274.731	0.936261	3.59492
274.965	0.936265	3.59493
275.199	0.936269	3.59495
275.433	0.936274	3.59496
275.667	0.936278	3.59498
275.902	0.936282	3.59499
276.136	0.936286	3.59501
276.37	0.936291	3.59503
276.604	0.936295	3.59504
276.838	0.936299	3.59506
277.073	0.936303	3.59507
277.307	0.936308	3.59509
277.541	0.936312	3.5951
277.775	0.936316	3.59512
278.01	0.936321	3.59514
278.244	0.936325	3.59515
278.478	0.936329	3.59517
278.712	0.936333	3.59518
278.946	0.936338	3.5952
279.181	0.936342	3.59521
279.415	0.936346	3.59523
279.649	0.93635	3.59525
279.883	0.936355	3.59526
280.117	0.936359	3.59528
280.352	0.936363	3.59529
280.586	0.936368	3.59531
280.82	0.936372	3.59532
281.054	0.936376	3.59534
281.288	0.93638	3.59536
281.523	0.936385	3.59537
281.757	0.936389	3.59539
281.991	0.936393	3.5954
282.225	0.936397	3.59542
282.46	0.936402	3.59543
282.694	0.936406	3.59545
282.928	0.93641	3.59547
283.162	0.936414	3.59548
283.396	0.936419	3.5955
283.631	0.936423	3.59551
283.865	0.936427	3.59553
284.099	0.936431	3.59554
284.333	0.936436	3.59556
284.567	0.93644	3.59558
284.802	0.936444	3.59559
285.036	0.936449	3.59561
285.27	0.936453	3.59562
285.504	0.936457	3.59564
285.739	0.936461	3.59565
285.973	0.936466	3.59567
286.207	0.93647	3.59569
286.441	0.936474	3.5957
286.675	0.936478	3.59572
286.91	0.936483	3.59573
287.144	0.936487	3.59575
287.378	0.936491	3.59576
287.612	0.936495	3.59578
287.846	0.9365	3.5958
288.081	0.936504	3.59581
288.315	0.936508	3.59583
288.549	0.936512	3.59584
288.783	0.936517	3.59586
289.017	0.936521	3.59587
289.252	0.936525	3.59589
289.486	0.936529	3.59591
289.72	0.936534	3.59592
289.954	0.936538	3.59594
290.189	0.936542	3.59595
290.423	0.936547	3.59597
290.657	0.936551	3.59598
290.891	0.936555	3.596
291.125	0.936559	3.59601
291.36	0.936564	3.59603
291.594	0.936568	3.59605
291.828	0.936572	3.59606
292.062	0.936576	3.59608
292.296	0.936581	3.59609
292.531	0.936585	3.59611
292.765	0.936589	3.59612
292.999	0.936593	3.59614
293.233	0.936598	3.59616
293.467	0.936602	3.59617
293.702	0.936606	3.59619
293.936	0.93661	3.5962
294.17	0.936615	3.59622
294.404	0.936619	3.59623
294.639	0.936623	3.59625
294.873	0.936627	3.59627
295.107	0.936632	3.59628
295.341	0.936636	3.5963
295.575	0.93664	3.59631
295.81	0.936644	3.59633
296.044	0.936649	3.59634
296.278	0.936653	3.59636
296.512	0.936657	3.59638
296.746	0.936661	3.59639
296.981	0.936666	3.59641
297.215	0.93667	3.59642
297.449	0.936674	3.59644
297.683	0.936678	3.59645
297.918	0.936683	3.59647
298.152	0.936687	3.59649
298.386	0.936691	3.5965
298.62	0.936695	3.59652
298.854	0.9367	3.59653
299.089	0.936704	3.59655
299.323	0.936708	3.59656
299.557	0.936712	3.59658
299.791	0.936717	3.5966
300.025	0.936721	3.59661
300.26	0.936725	3.59663
300.494	0.936729	3.59664
300.728	0.936734	3.59666
300.962	0.936738	3.59667
301.196	0.936742	3.59669
301.431	0.936746	3.59671
301.665	0.936751	3.59672
301.899	0.936755	3.59674
302.133	0.936759	3.59675
302.368	0.936763	3.59677
302.602	0.936768	3.59678
302.836	0.936772	3.5968
303.07	0.936776	3.59681
303.304	0.93678	3.59683
303.539	0.936785	3.59685
303.773	0.936789	3.59686
304.007	0.936793	3.59688
304.241	0.936797	3.59689
304.475	0.936801	3.59691
304.71	0.936806	3.59692
304.944	0.93681	3.59694
305.178	0.936814	3.59696
305.412	0.936818	3.59697
305.647	0.936823	3.59699
305.881	0.936827	3.597
306.115	0.936831	3.59702
306.349	0.936835	3.59703
306.583	0.93684	3.59705
306.818	0.936844	3.59707
307.052	0.936848	3.59708
307.286	0.936852	3.5971
307.52	0.936857	3.59711
307.754	0.936861	3.59713
307.989	0.936865	3.59714
308.223	0.936869	3.59716
308.457	0.936874	3.59718
308.691	0.936878	3.59719
308.925	0.936882	3.59721
309.16	0.936886	3.59722
309.394	0.936891	3.59724
309.628	0.936895	3.59725
309.862	0.936899	3.59727
310.097	0.936903	3.59729
310.331	0.936907	3.5973
310.565	0.936912	3.59732
310.799	0.936916	3.59733
311.033	0.93692	3.59735
311.268	0.936924	3.59736
311.502	0.936929	3.59738
311.736	0.936933	3.5974
311.97	0.936937	3.59741
312.204	0.936941	3.59743
312.439	0.936946	3.59744
312.673	0.93695	3.59746
312.907	0.936954	3.59747
313.141	0.936958	3.59749
313.376	0.936963	3.5975
313.61	0.936967	3.59752
313.844	0.936971	3.59754
314.078	0.936975	3.59755
314.312	0.936979	3.59757
314.547	0.936984	3.59758
314.781	0.936988	3.5976
315.015	0.936992	3.59761
315.249	0.936996	3.59763
315.483	0.937001	3.59765
315.718	0.937005	3.59766
315.952	0.937009	3.59768
316.186	0.937013	3.59769
316.42	0.937018	3.59771
316.654	0.937022	3.59772
316.889	0.937026	3.59774
317.123	0.93703	3.59776
317.357	0.937034	3.59777
317.591	0.937039	3.59779
317.826	0.937043	3.5978
318.06	0.937047	3.59782
318.294	0.937051	3.59783
318.528	0.937056	3.59785
318.762	0.93706	3.59787
318.997	0.937064	3.59788
319.231	0.937068	3.5979
319.465	0.937073	3.59791
319.699	0.937077	3.59793
319.933	0.937081	3.59794
320.168	0.937085	3.59796
320.402	0.937089	3.59798
320.636	0.937094	3.59799
320.87	0.937098	3.59801
321.104	0.937102	3.59802
321.339	0.937106	3.59804
321.573	0.937111	3.59805
321.807	0.937115	3.59807
322.041	0.937119	3.59808
322.276	0.937123	3.5981
322.51	0.937127	3.59812
322.744	0.937132	3.59813
322.978	0.937136	3.59815
323.212	0.93714	3.59816
323.447	0.937144	3.59818
323.681	0.937149	3.59819
323.915	0.937153	3.59821
324.149	0.937157	3.59823
324.383	0.937161	3.59824
324.618	0.937165	3.59826
324.852	0.93717	3.59827
325.086	0.937174	3.59829
325.32	0.937178	3.5983
325.555	0.937182	3.59832
325.789	0.937187	3.59834
326.023	0.937191	3.59835
326.257	0.937195	3.59837
326.491	0.937199	3.59838
326.726	0.937203	3.5984
326.96	0.937208	3.59841
327.194	0.937212	3.59843
327.428	0.937216	3.59845
327.662	0.93722	3.59846
327.897	0.937225	3.59848
328.131	0.937229	3.59849
328.365	0.937233	3.59851
328.599	0.937237	3.59852
328.833	0.937241	3.59854
329.068	0.937246	3.59855
329.302	0.93725	3.59857
329.536	0.937254	3.59859
329.77	0.937258	3.5986
330.005	0.937263	3.59862
330.239	0.937267	3.59863
330.473	0.937271	3.59865
330.707	0.937275	3.59866
330.941	0.937279	3.59868
331.176	0.937284	3.5987
331.41	0.937288	3.59871
331.644	0.937292	3.59873
331.878	0.937296	3.59874
332.112	0.9373	3.59876
332.347	0.937305	3.59877
332.581	0.937309	3.59879
332.815	0.937313	3.59881
333.049	0.937317	3.59882
333.284	0.937322	3.59884
333.518	0.937326	3.59885
333.752	0.93733	3.59887
333.986	0.937334	3.59888
334.22	0.937338	3.5989
334.455	0.937343	3.59892
334.689	0.937347	3.59893
334.923	0.937351	3.59895
335.157	0.937355	3.59896
335.391	0.937359	3.59898
335.626	0.937364	3.59899
335.86	0.937368	3.59901
336.094	0.937372	3.59902
336.328	0.937376	3.59904
336.562	0.937381	3.59906
336.797	0.937385	3.59907
337.031	0.937389	3.59909
337.265	0.937393	3.5991
337.499	0.937397	3.59912
337.734	0.937402	3.59913
337.968	0.937406	3.59915
338.202	0.93741	3.59917
338.436	0.937414	3.59918
338.67	0.937418	3.5992
338.905	0.937423	3.59921
339.139	0.937427	3.59923
339.373	0.937431	3.59924
339.607	0.937435	3.59926
339.841	0.937439	3.59928
340.076	0.937444	3.59929
340.31	0.937448	3.59931
340.544	0.937452	3.59932
340.781	0.937456	3.59934
341.015	0.937461	3.59935
341.249	0.937465	3.59937
341.483	0.937469	3.59939
341.717	0.937473	3.5994
341.952	0.937477	3.59942
342.186	0.937482	3.59943
342.42	0.937486	3.59945
342.654	0.93749	3.59946
342.889	0.937494	3.59948
343.123	0.937498	3.59949
343.357	0.937503	3.59951
343.591	0.937507	3.59953
343.825	0.937511	3.59954
344.06	0.937515	3.59956
344.294	0.937519	3.59957
344.528	0.937524	3.59959
344.762	0.937528	3.5996
344.996	0.937532	3.59962
345.231	0.937536	3.59964
345.465	0.93754	3.59965
345.699	0.937545	3.59967
345.933	0.937549	3.59968
346.168	0.937553	3.5997
346.402	0.937557	3.59971
346.636	0.937561	3.59973
346.87	0.937566	3.59975
347.104	0.93757	3.59976
347.339	0.937574	3.59978
347.573	0.937578	3.59979
347.807	0.937582	3.59981
348.041	0.937587	3.59982
348.275	0.937591	3.59984
348.51	0.937595	3.59985
348.744	0.937599	3.59987
348.978	0.937603	3.59989
349.212	0.937608	3.5999
349.446	0.937612	3.59992
349.681	0.937616	3.59993
349.915	0.93762	3.59995
350.149	0.937624	3.59996
350.383	0.937629	3.59998
350.618	0.937633	3.6
350.852	0.937637	3.60001
351.086	0.937641	3.60003
351.32	0.937645	3.60004
351.554	0.93765	3.60006
351.789	0.937654	3.60007
352.023	0.937658	3.60009
352.257	0.937662	3.60011
352.491	0.937666	3.60012
352.725	0.937671	3.60014
352.96	0.937675	3.60015
353.194	0.937679	3.60017
353.428	0.937683	3.60018
353.662	0.937687	3.6002
353.897	0.937692	3.60021
354.131	0.937696	3.60023
354.365	0.9377	3.60025
354.599	0.937704	3.60026
354.833	0.937708	3.60028
355.068	0.937713	3.60029
355.302	0.937717	3.60031
355.536	0.937721	3.60032
355.77	0.937725	3.60034
356.004	0.937729	3.60036
356.239	0.937733	3.60037
356.473	0.937738	3.60039
356.707	0.937742	3.6004
356.941	0.937746	3.60042
357.175	0.93775	3.60043
357.41	0.937754	3.60045
357.644	0.937759	3.60047
357.878	0.937763	3.60048
358.112	0.937767	3.6005
358.347	0.937771	3.60051
358.581	0.937775	3.60053
358.815	0.93778	3.60054
359.049	0.937784	3.60056
359.283	0.937788	3.60057
359.518	0.937792	3.60059
359.752	0.937796	3.60061
359.986	0.937801	3.60062
360.22	0.937805	3.60064
360.454	0.937809	3.60065
360.689	0.937813	3.60067
360.923	0.937817	3.60068
361.157	0.937821	3.6007
361.391	0.937826	3.60072
361.625	0.93783	3.60073
361.86	0.937834	3.60075
362.094	0.937838	3.60076
362.328	0.937842	3.60078
362.562	0.937847	3.60079
362.797	0.937851	3.60081
363.031	0.937855	3.60083
363.265	0.937859	3.60084
363.499	0.937863	3.60086
363.733	0.937868	3.60087
363.968	0.937872	3.60089
364.202	0.937876	3.6009
364.436	0.93788	3.60092
364.67	0.937884	3.60093
364.904	0.937888	3.60095
365.139	0.937893	3.60097
365.373	0.937897	3.60098
365.607	0.937901	3.601
365.841	0.937905	3.60101
366.076	0.937909	3.60103
366.31	0.937914	3.60104
366.544	0.937918	3.60106
366.778	0.937922	3.60108
367.012	0.937926	3.60109
367.247	0.93793	3.60111
367.481	0.937934	3.60112
367.715	0.937939	3.60114
367.949	0.937943	3.60115
368.183	0.937947	3.60117
368.418	0.937951	3.60118
368.652	0.937955	3.6012
368.886	0.93796	3.60122
369.12	0.937964	3.60123
369.354	0.937968	3.60125
369.589	0.937972	3.60126
369.823	0.937976	3.60128
370.057	0.93798	3.60129
370.291	0.937985	3.60131
370.526	0.937989	3.60133
370.76	0.937993	3.60134
370.994	0.937997	3.60136
371.228	0.938001	3.60137
371.462	0.938006	3.60139
371.697	0.93801	3.6014
371.931	0.938014	3.60142
372.165	0.938018	3.60144
372.399	0.938022	3.60145
372.633	0.938026	3.60147
372.868	0.938031	3.60148
373.102	0.938035	3.6015
373.336	0.938039	3.60151
373.57	0.938043	3.60153
373.805	0.938047	3.60154
374.039	0.938051	3.60156
374.273	0.938056	3.60158
374.507	0.93806	3.60159
374.741	0.938064	3.60161
374.976	0.938068	3.60162
375.21	0.938072	3.60164
375.444	0.938077	3.60165
375.678	0.938081	3.60167
375.912	0.938085	3.60169
376.147	0.938089	3.6017
376.381	0.938093	3.60172
376.615	0.938097	3.60173
376.849	0.938102	3.60175
377.083	0.938106	3.60176
377.318	0.93811	3.60178
377.552	0.938114	3.60179
377.786	0.938118	3.60181
378.02	0.938122	3.60183
378.255	0.938127	3.60184
378.489	0.938131	3.60186
378.723	0.938135	3.60187
378.957	0.938139	3.60189
379.191	0.938143	3.6019
379.426	0.938147	3.60192
379.66	0.938152	3.60194
379.894	0.938156	3.60195
380.128	0.93816	3.60197
380.362	0.938164	3.60198
380.597	0.938168	3.602
380.831	0.938173	3.60201
381.065	0.938177	3.60203
381.299	0.938181	3.60204
381.534	0.938185	3.60206
381.768	0.938189	3.60208
382.002	0.938193	3.60209
382.236	0.938198	3.60211
382.47	0.938202	3.60212
382.705	0.938206	3.60214
382.939	0.93821	3.60215
383.173	0.938214	3.60217
383.407	0.938218	3.60219
383.641	0.938223	3.6022
383.876	0.938227	3.60222
384.11	0.938231	3.60223
384.344	0.938235	3.60225
384.578	0.938239	3.60226
384.812	0.938243	3.60228
385.047	0.938248	3.6023
385.281	0.938252	3.60231
385.515	0.938256	3.60233
385.749	0.93826	3.60234
385.984	0.938264	3.60236
386.218	0.938268	3.60237
386.452	0.938273	3.60239
386.686	0.938277	3.6024
386.92	0.938281	3.60242
387.155	0.938285	3.60244
387.389	0.938289	3.60245
387.623	0.938293	3.60247
387.857	0.938298	3.60248
388.091	0.938302	3.6025
388.326	0.938306	3.60251
388.56	0.93831	3.60253
388.794	0.938314	3.60255
389.028	0.938318	3.60256
389.262	0.938323	3.60258
389.497	0.938327	3.60259
389.731	0.938331	3.60261
389.965	0.938335	3.60262
390.199	0.938339	3.60264
390.434	0.938343	3.60265
390.668	0.938347	3.60267
390.902	0.938352	3.60269
391.136	0.938356	3.6027
391.37	0.93836	3.60272
391.605	0.938364	3.60273
391.839	0.938368	3.60275
392.073	0.938372	3.60276
392.307	0.938377	3.60278
392.541	0.938381	3.6028
392.776	0.938385	3.60281
393.01	0.938389	3.60283
393.244	0.938393	3.60284
393.478	0.938397	3.60286
393.713	0.938402	3.60287
393.947	0.938406	3.60289
394.181	0.93841	3.6029
394.415	0.938414	3.60292
394.649	0.938418	3.60294
394.884	0.938422	3.60295
395.118	0.938426	3.60297
395.352	0.938431	3.60298
395.586	0.938435	3.603
395.82	0.938439	3.60301
396.055	0.938443	3.60303
396.289	0.938447	3.60305
396.523	0.938451	3.60306
396.757	0.938456	3.60308
396.991	0.93846	3.60309
397.226	0.938464	3.60311
397.46	0.938468	3.60312
397.694	0.938472	3.60314
397.928	0.938476	3.60315
398.163	0.938481	3.60317
398.397	0.938485	3.60319
398.631	0.938489	3.6032
398.865	0.938493	3.60322
399.099	0.938497	3.60323
399.334	0.938501	3.60325
399.568	0.938505	3.60326
399.802	0.93851	3.60328
400.036	0.938514	3.6033
400.27	0.938518	3.60331
400.505	0.938522	3.60333
400.739	0.938526	3.60334
400.973	0.93853	3.60336
401.207	0.938535	3.60337
401.442	0.938539	3.60339
401.676	0.938543	3.6034
401.91	0.938547	3.60342
402.144	0.938551	3.60344
402.378	0.938555	3.60345
402.613	0.938559	3.60347
402.847	0.938564	3.60348
403.081	0.938568	3.6035
403.315	0.938572	3.60351
403.549	0.938576	3.60353
403.784	0.93858	3.60355
404.018	0.938584	3.60356
404.252	0.938588	3.60358
404.486	0.938593	3.60359
404.72	0.938597	3.60361
404.955	0.938601	3.60362
405.189	0.938605	3.60364
405.423	0.938609	3.60365
405.657	0.938613	3.60367
405.892	0.938618	3.60369
406.126	0.938622	3.6037
406.36	0.938626	3.60372
406.594	0.93863	3.60373
406.828	0.938634	3.60375
407.063	0.938638	3.60376
407.297	0.938642	3.60378
407.531	0.938647	3.6038
407.765	0.938651	3.60381
407.999	0.938655	3.60383
408.234	0.938659	3.60384
408.468	0.938663	3.60386
408.702	0.938667	3.60387
408.936	0.938671	3.60389
409.171	0.938676	3.6039
409.405	0.93868	3.60392
409.639	0.938684	3.60394
409.873	0.938688	3.60395
410.107	0.938692	3.60397
410.342	0.938696	3.60398
410.576	0.9387	3.604
410.81	0.938705	3.60401
411.044	0.938709	3.60403
411.278	0.938713	3.60404
411.513	0.938717	3.60406
411.747	0.938721	3.60408
411.981	0.938725	3.60409
412.215	0.938729	3.60411
412.449	0.938734	3.60412
412.684	0.938738	3.60414
412.918	0.938742	3.60415
413.152	0.938746	3.60417
413.386	0.93875	3.60419
413.621	0.938754	3.6042
413.855	0.938758	3.60422
414.089	0.938763	3.60423
414.323	0.938767	3.60425
414.557	0.938771	3.60426
414.792	0.938775	3.60428
415.026	0.938779	3.60429
415.26	0.938783	3.60431
415.494	0.938787	3.60433
415.728	0.938792	3.60434
415.963	0.938796	3.60436
416.197	0.9388	3.60437
416.431	0.938804	3.60439
416.665	0.938808	3.6044
416.899	0.938812	3.60442
417.134	0.938816	3.60444
417.368	0.938821	3.60445
417.602	0.938825	3.60447
417.836	0.938829	3.60448
418.071	0.938833	3.6045
418.305	0.938837	3.60451
418.539	0.938841	3.60453
418.773	0.938845	3.60454
419.007	0.938849	3.60456
419.242	0.938854	3.60458
419.476	0.938858	3.60459
419.71	0.938862	3.60461
419.944	0.938866	3.60462
420.178	0.93887	3.60464
420.413	0.938874	3.60465
420.647	0.938878	3.60467
420.881	0.938883	3.60469
421.115	0.938887	3.6047
421.35	0.938891	3.60472
421.584	0.938895	3.60473
421.818	0.938899	3.60475
422.052	0.938903	3.60476
422.286	0.938907	3.60478
422.521	0.938911	3.60479
422.755	0.938916	3.60481
422.989	0.93892	3.60483
423.223	0.938924	3.60484
423.457	0.938928	3.60486
423.692	0.938932	3.60487
423.926	0.938936	3.60489
424.16	0.93894	3.6049
424.394	0.938945	3.60492
424.628	0.938949	3.60493
424.863	0.938953	3.60495
425.097	0.938957	3.60497
425.331	0.938961	3.60498
425.565	0.938965	3.605
425.8	0.938969	3.60501
426.034	0.938973	3.60503
426.268	0.938978	3.60504
426.502	0.938982	3.60506
426.736	0.938986	3.60508
426.971	0.93899	3.60509
427.205	0.938994	3.60511
427.439	0.938998	3.60512
427.673	0.939002	3.60514
427.907	0.939006	3.60515
428.142	0.939011	3.60517
428.376	0.939015	3.60518
428.61	0.939019	3.6052
428.844	0.939023	3.60522
429.079	0.939027	3.60523
429.313	0.939031	3.60525
429.547	0.939035	3.60526
429.781	0.93904	3.60528
430.015	0.939044	3.60529
430.25	0.939048	3.60531
430.484	0.939052	3.60533
430.718	0.939056	3.60534
430.952	0.93906	3.60536
431.186	0.939064	3.60537
431.421	0.939068	3.60539
431.655	0.939073	3.6054
431.889	0.939077	3.60542
432.123	0.939081	3.60543
432.357	0.939085	3.60545
432.592	0.939089	3.60547
432.826	0.939093	3.60548
433.06	0.939097	3.6055
433.294	0.939101	3.60551
433.529	0.939106	3.60553
433.763	0.93911	3.60554
433.997	0.939114	3.60556
434.231	0.939118	3.60557
434.465	0.939122	3.60559
434.7	0.939126	3.60561
434.934	0.93913	3.60562
435.168	0.939134	3.60564
435.402	0.939138	3.60565
435.636	0.939143	3.60567
435.871	0.939147	3.60568
436.105	0.939151	3.6057
436.339	0.939155	3.60572
436.573	0.939159	3.60573
436.808	0.939163	3.60575
437.042	0.939167	3.60576
437.276	0.939171	3.60578
437.51	0.939176	3.60579
437.744	0.93918	3.60581
437.979	0.939184	3.60582
438.213	0.939188	3.60584
438.447	0.939192	3.60586
438.681	0.939196	3.60587
438.915	0.9392	3.60589
439.15	0.939204	3.6059
439.384	0.939209	3.60592
439.618	0.939213	3.60593
439.852	0.939217	3.60595
440.086	0.939221	3.60596
440.321	0.939225	3.60598
440.555	0.939229	3.606
440.789	0.939233	3.60601
441.023	0.939237	3.60603
441.258	0.939241	3.60604
441.492	0.939246	3.60606
441.726	0.93925	3.60607
441.96	0.939254	3.60609
442.194	0.939258	3.60611
442.429	0.939262	3.60612
442.663	0.939266	3.60614
442.897	0.93927	3.60615
443.131	0.939274	3.60617
443.365	0.939279	3.60618
443.6	0.939283	3.6062
443.834	0.939287	3.60621
444.068	0.939291	3.60623
444.302	0.939295	3.60625
444.537	0.939299	3.60626
444.771	0.939303	3.60628
445.005	0.939307	3.60629
445.239	0.939311	3.60631
445.473	0.939316	3.60632
445.708	0.93932	3.60634
445.942	0.939324	3.60635
446.176	0.939328	3.60637
446.41	0.939332	3.60639
446.644	0.939336	3.6064
446.879	0.93934	3.60642
447.113	0.939344	3.60643
447.347	0.939348	3.60645
447.581	0.939353	3.60646
447.815	0.939357	3.60648
448.05	0.939361	3.6065
448.284	0.939365	3.60651
448.518	0.939369	3.60653
448.752	0.939373	3.60654
448.987	0.939377	3.60656
449.221	0.939381	3.60657
449.455	0.939385	3.60659
449.689	0.93939	3.6066
449.923	0.939394	3.60662
450.158	0.939398	3.60664
450.392	0.939402	3.60665
450.626	0.939406	3.60667
450.86	0.93941	3.60668
451.094	0.939414	3.6067
451.329	0.939418	3.60671
451.563	0.939422	3.60673
451.797	0.939427	3.60674
452.031	0.939431	3.60676
452.265	0.939435	3.60678
452.5	0.939439	3.60679
452.734	0.939443	3.60681
452.968	0.939447	3.60682
453.202	0.939451	3.60684
453.437	0.939455	3.60685
453.671	0.939459	3.60687
453.905	0.939463	3.60688
454.139	0.939468	3.6069
454.373	0.939472	3.60692
454.608	0.939476	3.60693
454.842	0.93948	3.60695
455.076	0.939484	3.60696
455.31	0.939488	3.60698
455.544	0.939492	3.60699
455.779	0.939496	3.60701
456.013	0.9395	3.60703
456.247	0.939505	3.60704
456.481	0.939509	3.60706
456.716	0.939513	3.60707
456.95	0.939517	3.60709
457.184	0.939521	3.6071
457.418	0.939525	3.60712
457.652	0.939529	3.60713
457.887	0.939533	3.60715
458.121	0.939537	3.60717
458.355	0.939541	3.60718
458.589	0.939546	3.6072
458.823	0.93955	3.60721
459.058	0.939554	3.60723
459.292	0.939558	3.60724
459.526	0.939562	3.60726
459.76	0.939566	3.60727
459.994	0.93957	3.60729
460.229	0.939574	3.60731
460.463	0.939578	3.60732
460.697	0.939582	3.60734
460.931	0.939587	3.60735
461.166	0.939591	3.60737
461.4	0.939595	3.60738
461.634	0.939599	3.6074
461.868	0.939603	3.60741
462.102	0.939607	3.60743
462.337	0.939611	3.60745
462.571	0.939615	3.60746
462.805	0.939619	3.60748
463.039	0.939623	3.60749
463.273	0.939628	3.60751
463.508	0.939632	3.60752
463.742	0.939636	3.60754
463.976	0.93964	3.60756
464.21	0.939644	3.60757
464.445	0.939648	3.60759
464.679	0.939652	3.6076
464.913	0.939656	3.60762
465.147	0.93966	3.60763
465.381	0.939664	3.60765
465.616	0.939669	3.60766
465.85	0.939673	3.60768
466.084	0.939677	3.6077
466.318	0.939681	3.60771
466.552	0.939685	3.60773
466.787	0.939689	3.60774
467.021	0.939693	3.60776
467.255	0.939697	3.60777
467.489	0.939701	3.60779
467.723	0.939705	3.6078
467.958	0.939709	3.60782
468.192	0.939714	3.60784
468.426	0.939718	3.60785
468.66	0.939722	3.60787
468.895	0.939726	3.60788
469.129	0.93973	3.6079
469.363	0.939734	3.60791
469.597	0.939738	3.60793
469.831	0.939742	3.60794
470.066	0.939746	3.60796
470.3	0.93975	3.60798
470.534	0.939754	3.60799
470.768	0.939759	3.60801
471.002	0.939763	3.60802
471.237	0.939767	3.60804
471.471	0.939771	3.60805
471.705	0.939775	3.60807
471.939	0.939779	3.60809
472.174	0.939783	3.6081
472.408	0.939787	3.60812
472.642	0.939791	3.60813
472.876	0.939795	3.60815
473.11	0.939799	3.60816
473.345	0.939804	3.60818
473.579	0.939808	3.60819
473.813	0.939812	3.60821
474.047	0.939816	3.60823
474.281	0.93982	3.60824
474.516	0.939824	3.60826
474.75	0.939828	3.60827
474.984	0.939832	3.60829
475.218	0.939836	3.6083
475.452	0.93984	3.60832
475.687	0.939844	3.60833
475.921	0.939849	3.60835
476.155	0.939853	3.60837
476.389	0.939857	3.60838
476.624	0.939861	3.6084
476.858	0.939865	3.60841
477.092	0.939869	3.60843
477.326	0.939873	3.60844
477.56	0.939877	3.60846
477.795	0.939881	3.60847
478.029	0.939885	3.60849
478.263	0.939889	3.60851
478.497	0.939893	3.60852
478.731	0.939898	3.60854
478.966	0.939902	3.60855
479.2	0.939906	3.60857
479.434	0.93991	3.60858
479.668	0.939914	3.6086
479.902	0.939918	3.60861
480.137	0.939922	3.60863
480.371	0.939926	3.60865
480.605	0.93993	3.60866
480.839	0.939934	3.60868
481.074	0.939938	3.60869
481.308	0.939942	3.60871
481.542	0.939947	3.60872
481.776	0.939951	3.60874
482.01	0.939955	3.60875
482.245	0.939959	3.60877
482.479	0.939963	3.60879
482.713	0.939967	3.6088
482.947	0.939971	3.60882
483.181	0.939975	3.60883
483.416	0.939979	3.60885
483.65	0.939983	3.60886
483.884	0.939987	3.60888
484.118	0.939991	3.6089
484.353	0.939996	3.60891
484.587	0.94	3.60893
484.821	0.940004	3.60894
485.055	0.940008	3.60896
485.289	0.940012	3.60897
485.524	0.940016	3.60899
485.758	0.94002	3.609
485.992	0.940024	3.60902
486.226	0.940028	3.60904
486.46	0.940032	3.60905
486.695	0.940036	3.60907
486.929	0.94004	3.60908
487.163	0.940044	3.6091
487.397	0.940049	3.60911
487.631	0.940053	3.60913
487.866	0.940057	3.60914
488.1	0.940061	3.60916
488.334	0.940065	3.60918
488.568	0.940069	3.60919
488.803	0.940073	3.60921
489.037	0.940077	3.60922
489.271	0.940081	3.60924
489.505	0.940085	3.60925
489.739	0.940089	3.60927
489.974	0.940093	3.60928
490.208	0.940097	3.6093
490.442	0.940102	3.60932
490.676	0.940106	3.60933
490.91	0.94011	3.60935
491.145	0.940114	3.60936
491.379	0.940118	3.60938
491.613	0.940122	3.60939
491.847	0.940126	3.60941
492.082	0.94013	3.60942
492.316	0.940134	3.60944
492.55	0.940138	3.60946
492.784	0.940142	3.60947
493.018	0.940146	3.60949
493.253	0.94015	3.6095
493.487	0.940154	3.60952
493.721	0.940159	3.60953
493.955	0.940163	3.60955
494.189	0.940167	3.60956
494.424	0.940171	3.60958
494.658	0.940175	3.6096
494.892	0.940179	3.60961
495.126	0.940183	3.60963
495.36	0.940187	3.60964
495.595	0.940191	3.60966
495.829	0.940195	3.60967
496.063	0.940199	3.60969
496.297	0.940203	3.6097
496.532	0.940207	3.60972
496.766	0.940211	3.60974
497	0.940216	3.60975
497.234	0.94022	3.60977
497.468	0.940224	3.60978
497.703	0.940228	3.6098
497.937	0.940232	3.60981
498.171	0.940236	3.60983
498.405	0.94024	3.60984
498.639	0.940244	3.60986
498.874	0.940248	3.60988
499.108	0.940252	3.60989
499.342	0.940256	3.60991
499.576	0.94026	3.60992
499.811	0.940264	3.60994
