0	1.00149	3.55791
0	1.00149	3.55791
0.331226	1.0023	3.55931
0.662451	1.00422	3.56266
0.996989	1.0064	3.5666
1.32821	1.00808	3.56969
1.65944	1.00892	3.57135
1.99067	1.00886	3.57149
2.31858	1.00816	3.57056
2.6498	1.00715	3.56917
2.98103	1.00616	3.5679
3.31226	1.00538	3.56709
3.64348	1.00491	3.56686
3.97471	1.00469	3.56713
4.30593	1.00463	3.56777
4.63716	1.00459	3.56852
4.96838	1.00444	3.56911
5.29961	1.00413	3.56945
5.63084	1.00365	3.56956
5.96206	1.00306	3.56951
6.29329	1.0024	3.5694
6.62451	1.00172	3.5693
6.95574	1.00106	3.56925
7.28696	1.00042	3.56931
7.61819	0.999814	3.56946
7.94941	0.999216	3.56967
8.28064	0.998602	3.56989
8.61187	0.997952	3.57008
8.94309	0.997263	3.57023
9.27432	0.996537	3.57035
9.60554	0.99578	3.57045
9.93677	0.994998	3.57053
10.268	0.994201	3.57061
10.5992	0.993397	3.57071
10.9304	0.992589	3.57082
11.2617	0.991778	3.57094
11.5929	0.99096	3.57108
11.9241	0.990131	3.57121
12.2553	0.989291	3.57134
12.5866	0.98844	3.57147
12.9178	0.987578	3.57159
13.249	0.986706	3.5717
13.5803	0.985826	3.57181
13.9115	0.984941	3.57192
14.2427	0.984053	3.57204
14.5739	0.983162	3.57216
14.9052	0.982269	3.57227
15.2364	0.981373	3.57239
15.5676	0.980476	3.57251
15.8988	0.979577	3.57263
16.2301	0.978677	3.57275
16.5613	0.977775	3.57286
16.8925	0.976874	3.57298
17.2237	0.975973	3.57309
17.555	0.975073	3.57321
17.8895	0.974167	3.57332
18.2207	0.973272	3.57343
18.5519	0.972379	3.57355
18.8832	0.97149	3.57366
19.2144	0.970605	3.57377
19.5456	0.969723	3.57388
19.8768	0.968846	3.57399
20.2081	0.967973	3.5741
20.5393	0.967105	3.57421
20.8705	0.966242	3.57432
21.2018	0.965386	3.57443
21.533	0.964535	3.57454
21.8642	0.96369	3.57465
22.1954	0.962852	3.57475
22.5267	0.962021	3.57486
22.8579	0.961197	3.57497
23.1891	0.96038	3.57507
23.5203	0.959571	3.57518
23.8516	0.958769	3.57528
24.1828	0.957975	3.57538
24.514	0.957188	3.57549
24.8452	0.956411	3.57559
25.1765	0.955641	3.57569
25.5077	0.95488	3.57579
25.8389	0.954127	3.57589
26.1701	0.953383	3.57599
26.5014	0.952648	3.57609
26.8326	0.951921	3.57619
27.1638	0.951204	3.57629
27.495	0.950495	3.57639
27.8263	0.949796	3.57649
28.1575	0.949106	3.57658
28.4887	0.948424	3.57668
28.8199	0.947752	3.57677
29.1512	0.947089	3.57687
29.4824	0.946436	3.57696
29.8136	0.945792	3.57706
30.1448	0.945156	3.57715
30.4761	0.944531	3.57725
30.8073	0.943914	3.57734
31.1385	0.943306	3.57743
31.4697	0.942708	3.57752
31.801	0.942119	3.57761
32.1322	0.941539	3.5777
32.4634	0.940968	3.57779
32.7946	0.940406	3.57788
33.1259	0.939854	3.57797
33.4571	0.93931	3.57806
33.7883	0.938775	3.57815
34.1196	0.938249	3.57824
34.4508	0.937732	3.57832
34.782	0.937223	3.57841
35.1132	0.936723	3.5785
35.4445	0.936232	3.57858
35.7757	0.935749	3.57867
36.1069	0.935274	3.57875
36.4381	0.934808	3.57884
36.7694	0.934351	3.57892
37.1006	0.933901	3.57901
37.4318	0.93346	3.57909
37.763	0.933026	3.57917
38.0943	0.932601	3.57926
38.4255	0.932183	3.57934
38.7567	0.931773	3.57942
39.0879	0.931371	3.5795
39.4192	0.930976	3.57959
39.7504	0.930589	3.57967
40.0816	0.930209	3.57975
40.4128	0.929836	3.57983
40.7441	0.929471	3.57991
41.0753	0.929113	3.57999
41.4065	0.928761	3.58007
41.7377	0.928417	3.58015
42.069	0.928079	3.58023
42.4002	0.927749	3.5803
42.7314	0.927424	3.58038
43.0626	0.927107	3.58046
43.3939	0.926795	3.58054
43.7251	0.92649	3.58062
44.0563	0.926191	3.58069
44.3875	0.925899	3.58077
44.7188	0.925612	3.58085
45.05	0.925332	3.58092
45.3812	0.925057	3.581
45.7124	0.924788	3.58107
46.0437	0.924524	3.58115
46.3749	0.924266	3.58123
46.7061	0.924014	3.5813
47.0374	0.923767	3.58138
47.3686	0.923525	3.58145
47.6998	0.923289	3.58152
48.031	0.923058	3.5816
48.3623	0.922831	3.58167
48.6935	0.92261	3.58175
49.0247	0.922393	3.58182
49.3559	0.922181	3.58189
49.6872	0.921974	3.58197
50.0184	0.921772	3.58204
50.3496	0.921574	3.58211
50.6808	0.92138	3.58219
51.0121	0.921191	3.58226
51.3433	0.921006	3.58233
51.6745	0.920826	3.5824
52.0057	0.920649	3.58247
52.337	0.920477	3.58255
52.6682	0.920308	3.58262
52.9994	0.920144	3.58269
53.3306	0.919983	3.58276
53.6619	0.919826	3.58283
53.9931	0.919673	3.5829
54.3243	0.919523	3.58297
54.6555	0.919377	3.58304
54.9868	0.919234	3.58312
55.318	0.919095	3.58319
55.6492	0.918959	3.58326
55.9804	0.918826	3.58333
56.3117	0.918697	3.5834
56.6429	0.91857	3.58347
56.9741	0.918447	3.58354
57.3053	0.918327	3.58361
57.6366	0.91821	3.58368
57.9678	0.918096	3.58374
58.299	0.917984	3.58381
58.6302	0.917876	3.58388
58.9615	0.91777	3.58395
59.2927	0.917666	3.58402
59.6239	0.917566	3.58409
59.9552	0.917468	3.58416
60.2864	0.917373	3.58423
60.6176	0.91728	3.5843
60.9488	0.917189	3.58437
61.2801	0.917101	3.58443
61.6113	0.917015	3.5845
61.9425	0.916932	3.58457
62.2737	0.91685	3.58464
62.605	0.916771	3.58471
62.9362	0.916694	3.58477
63.2674	0.916619	3.58484
63.5986	0.916546	3.58491
63.9299	0.916476	3.58498
64.2611	0.916407	3.58505
64.5923	0.91634	3.58511
64.9235	0.916275	3.58518
65.2548	0.916212	3.58525
65.586	0.91615	3.58532
65.9172	0.916091	3.58538
66.2484	0.916033	3.58545
66.5797	0.915977	3.58552
66.9109	0.915923	3.58558
67.2421	0.91587	3.58565
67.5733	0.915818	3.58572
67.9046	0.915769	3.58578
68.2358	0.915721	3.58585
68.567	0.915674	3.58592
68.8982	0.915629	3.58599
69.2295	0.915585	3.58605
69.5607	0.915543	3.58612
69.8919	0.915502	3.58618
70.2231	0.915462	3.58625
70.5544	0.915424	3.58632
70.8856	0.915387	3.58638
71.2168	0.915351	3.58645
71.548	0.915317	3.58652
71.8793	0.915283	3.58658
72.2105	0.915251	3.58665
72.5417	0.91522	3.58672
72.8729	0.91519	3.58678
73.2042	0.915162	3.58685
73.5354	0.915134	3.58691
73.8666	0.915107	3.58698
74.1979	0.915082	3.58705
74.5291	0.915057	3.58711
74.8603	0.915034	3.58718
75.1915	0.915011	3.58724
75.5228	0.914989	3.58731
75.854	0.914969	3.58738
76.1852	0.914949	3.58744
76.5164	0.91493	3.58751
76.8477	0.914912	3.58757
77.1789	0.914895	3.58764
77.5068	0.914878	3.5877
77.838	0.914863	3.58777
78.1692	0.914848	3.58783
78.5005	0.914834	3.5879
78.8317	0.914821	3.58796
79.1629	0.914808	3.58803
79.4941	0.914797	3.5881
79.8254	0.914786	3.58816
80.1566	0.914775	3.58823
80.4878	0.914766	3.58829
80.8191	0.914757	3.58836
81.1503	0.914748	3.58842
81.4815	0.91474	3.58849
81.8127	0.914733	3.58855
82.144	0.914727	3.58862
82.4752	0.914721	3.58868
82.8064	0.914716	3.58875
83.1376	0.914711	3.58881
83.4689	0.914707	3.58888
83.8001	0.914703	3.58894
84.1313	0.9147	3.58901
84.4625	0.914697	3.58907
84.7938	0.914695	3.58914
85.125	0.914694	3.5892
85.4562	0.914692	3.58927
85.7874	0.914692	3.58933
86.1187	0.914692	3.5894
86.4499	0.914692	3.58946
86.7811	0.914693	3.58953
87.1123	0.914694	3.58959
87.4436	0.914695	3.58966
87.7748	0.914697	3.58972
88.106	0.9147	3.58979
88.4372	0.914703	3.58985
88.7685	0.914706	3.58992
89.0997	0.914709	3.58998
89.4309	0.914713	3.59005
89.7621	0.914718	3.59011
90.0934	0.914722	3.59018
90.4246	0.914727	3.59024
90.7558	0.914733	3.59031
91.087	0.914738	3.59037
91.4183	0.914744	3.59044
91.7495	0.914751	3.5905
92.0807	0.914757	3.59057
92.4119	0.914764	3.59063
92.7432	0.914771	3.59069
93.0744	0.914779	3.59076
93.4056	0.914787	3.59082
93.7369	0.914795	3.59089
94.0681	0.914803	3.59095
94.3993	0.914811	3.59102
94.7305	0.91482	3.59108
95.0618	0.914829	3.59115
95.393	0.914839	3.59121
95.7242	0.914848	3.59128
96.0554	0.914858	3.59134
96.3867	0.914868	3.59141
96.7179	0.914878	3.59147
97.0491	0.914889	3.59153
97.3803	0.9149	3.5916
97.7116	0.91491	3.59166
98.0428	0.914922	3.59173
98.374	0.914933	3.59179
98.7052	0.914944	3.59186
99.0365	0.914956	3.59192
99.3677	0.914968	3.59199
99.6989	0.91498	3.59205
100.03	0.914992	3.59211
100.361	0.915005	3.59218
100.693	0.915017	3.59224
101.024	0.91503	3.59231
101.355	0.915043	3.59237
101.686	0.915056	3.59244
102.017	0.915069	3.5925
102.349	0.915083	3.59257
102.68	0.915096	3.59263
103.011	0.91511	3.59269
103.342	0.915123	3.59276
103.674	0.915137	3.59282
104.005	0.915151	3.59289
104.336	0.915166	3.59295
104.667	0.91518	3.59302
104.999	0.915194	3.59308
105.33	0.915209	3.59315
105.661	0.915224	3.59321
105.992	0.915238	3.59327
106.323	0.915253	3.59334
106.655	0.915268	3.5934
106.986	0.915284	3.59347
107.317	0.915299	3.59353
107.648	0.915314	3.5936
107.98	0.91533	3.59366
108.311	0.915345	3.59372
108.642	0.915361	3.59379
108.973	0.915377	3.59385
109.304	0.915392	3.59392
109.636	0.915408	3.59398
109.967	0.915424	3.59405
110.298	0.91544	3.59411
110.629	0.915457	3.59417
110.961	0.915473	3.59424
111.292	0.915489	3.5943
111.623	0.915505	3.59437
111.954	0.915522	3.59443
112.285	0.915539	3.5945
112.617	0.915555	3.59456
112.948	0.915572	3.59462
113.279	0.915589	3.59469
113.61	0.915605	3.59475
113.942	0.915622	3.59482
114.273	0.915639	3.59488
114.604	0.915656	3.59495
114.935	0.915673	3.59501
115.267	0.915691	3.59507
115.598	0.915708	3.59514
115.929	0.915725	3.5952
116.26	0.915742	3.59527
116.591	0.91576	3.59533
116.923	0.915777	3.5954
117.254	0.915795	3.59546
117.585	0.915812	3.59552
117.916	0.91583	3.59559
118.248	0.915847	3.59565
118.579	0.915865	3.59572
118.91	0.915883	3.59578
119.241	0.9159	3.59584
119.572	0.915918	3.59591
119.904	0.915936	3.59597
120.235	0.915954	3.59604
120.566	0.915972	3.5961
120.897	0.91599	3.59617
121.229	0.916008	3.59623
121.56	0.916026	3.59629
121.891	0.916044	3.59636
122.222	0.916062	3.59642
122.553	0.91608	3.59649
122.885	0.916098	3.59655
123.216	0.916116	3.59661
123.547	0.916135	3.59668
123.878	0.916153	3.59674
124.21	0.916171	3.59681
124.541	0.916189	3.59687
124.872	0.916208	3.59694
125.203	0.916226	3.597
125.535	0.916245	3.59706
125.866	0.916263	3.59713
126.197	0.916281	3.59719
126.528	0.9163	3.59726
126.859	0.916318	3.59732
127.191	0.916337	3.59739
127.522	0.916355	3.59745
127.853	0.916374	3.59751
128.184	0.916393	3.59758
128.516	0.916411	3.59764
128.847	0.91643	3.59771
129.178	0.916449	3.59777
129.509	0.916467	3.59783
129.84	0.916486	3.5979
130.172	0.916505	3.59796
130.503	0.916523	3.59803
130.834	0.916542	3.59809
131.165	0.916561	3.59816
131.497	0.91658	3.59822
131.828	0.916598	3.59828
132.159	0.916617	3.59835
132.49	0.916636	3.59841
132.821	0.916655	3.59848
133.153	0.916674	3.59854
133.484	0.916692	3.5986
133.815	0.916711	3.59867
134.146	0.91673	3.59873
134.478	0.916749	3.5988
134.809	0.916768	3.59886
135.14	0.916787	3.59892
135.471	0.916806	3.59899
135.803	0.916825	3.59905
136.134	0.916844	3.59912
136.465	0.916863	3.59918
136.796	0.916882	3.59925
137.127	0.916901	3.59931
137.459	0.91692	3.59937
137.79	0.916939	3.59944
138.121	0.916958	3.5995
138.452	0.916977	3.59957
138.784	0.916996	3.59963
139.115	0.917015	3.59969
139.446	0.917034	3.59976
139.777	0.917053	3.59982
140.108	0.917072	3.59989
140.44	0.917091	3.59995
140.771	0.91711	3.60002
141.102	0.917129	3.60008
141.433	0.917148	3.60014
141.765	0.917167	3.60021
142.096	0.917186	3.60027
142.427	0.917205	3.60034
142.758	0.917225	3.6004
143.089	0.917244	3.60046
143.421	0.917263	3.60053
143.752	0.917282	3.60059
144.083	0.917301	3.60066
144.414	0.91732	3.60072
144.746	0.917339	3.60078
145.077	0.917358	3.60085
145.408	0.917378	3.60091
145.739	0.917397	3.60098
146.071	0.917416	3.60104
146.402	0.917435	3.60111
146.733	0.917454	3.60117
147.064	0.917473	3.60123
147.395	0.917492	3.6013
147.727	0.917512	3.60136
148.058	0.917531	3.60143
148.389	0.91755	3.60149
148.72	0.917569	3.60155
149.052	0.917588	3.60162
149.383	0.917607	3.60168
149.714	0.917627	3.60175
150.045	0.917646	3.60181
150.376	0.917665	3.60187
150.708	0.917684	3.60194
151.039	0.917703	3.602
151.37	0.917723	3.60207
151.701	0.917742	3.60213
152.033	0.917761	3.60219
152.364	0.91778	3.60226
152.695	0.917799	3.60232
153.026	0.917818	3.60239
153.357	0.917838	3.60245
153.689	0.917857	3.60252
154.02	0.917876	3.60258
154.351	0.917895	3.60264
154.682	0.917914	3.60271
155.014	0.917934	3.60277
155.345	0.917953	3.60284
155.676	0.917972	3.6029
156.007	0.917991	3.60296
156.338	0.91801	3.60303
156.67	0.918029	3.60309
157.001	0.918049	3.60316
157.332	0.918068	3.60322
157.663	0.918087	3.60328
157.995	0.918106	3.60335
158.326	0.918125	3.60341
158.657	0.918145	3.60348
158.988	0.918164	3.60354
159.32	0.918183	3.60361
159.651	0.918202	3.60367
159.982	0.918221	3.60373
160.317	0.918241	3.6038
160.648	0.91826	3.60386
160.979	0.918279	3.60393
161.31	0.918298	3.60399
161.641	0.918317	3.60405
161.973	0.918336	3.60412
162.304	0.918356	3.60418
162.635	0.918375	3.60425
162.966	0.918394	3.60431
163.298	0.918413	3.60437
163.629	0.918432	3.60444
163.96	0.918451	3.6045
164.291	0.918471	3.60457
164.622	0.91849	3.60463
164.954	0.918509	3.6047
165.285	0.918528	3.60476
165.616	0.918547	3.60482
165.947	0.918566	3.60489
166.279	0.918586	3.60495
166.61	0.918605	3.60502
166.941	0.918624	3.60508
167.272	0.918643	3.60514
167.603	0.918662	3.60521
167.935	0.918681	3.60527
168.266	0.9187	3.60534
168.597	0.91872	3.6054
168.928	0.918739	3.60546
169.26	0.918758	3.60553
169.591	0.918777	3.60559
169.922	0.918796	3.60566
170.253	0.918815	3.60572
170.585	0.918834	3.60578
170.916	0.918853	3.60585
171.247	0.918873	3.60591
171.578	0.918892	3.60598
171.909	0.918911	3.60604
172.241	0.91893	3.60611
172.572	0.918949	3.60617
172.903	0.918968	3.60623
173.234	0.918987	3.6063
173.566	0.919006	3.60636
173.897	0.919025	3.60643
174.228	0.919045	3.60649
174.559	0.919064	3.60655
174.89	0.919083	3.60662
175.222	0.919102	3.60668
175.553	0.919121	3.60675
175.884	0.91914	3.60681
176.215	0.919159	3.60687
176.547	0.919178	3.60694
176.878	0.919197	3.607
177.209	0.919216	3.60707
177.54	0.919235	3.60713
177.871	0.919254	3.60719
178.203	0.919274	3.60726
178.534	0.919293	3.60732
178.865	0.919312	3.60739
179.196	0.919331	3.60745
179.528	0.91935	3.60751
179.859	0.919369	3.60758
180.19	0.919388	3.60764
180.521	0.919407	3.60771
180.853	0.919426	3.60777
181.184	0.919445	3.60784
181.515	0.919464	3.6079
181.846	0.919483	3.60796
182.177	0.919502	3.60803
182.509	0.919521	3.60809
182.84	0.91954	3.60816
183.171	0.919559	3.60822
183.502	0.919578	3.60828
183.834	0.919597	3.60835
184.165	0.919616	3.60841
184.496	0.919635	3.60848
184.827	0.919654	3.60854
185.158	0.919673	3.6086
185.49	0.919692	3.60867
185.821	0.919711	3.60873
186.152	0.91973	3.6088
186.483	0.919749	3.60886
186.815	0.919768	3.60892
187.146	0.919787	3.60899
187.477	0.919806	3.60905
187.808	0.919825	3.60912
188.139	0.919844	3.60918
188.471	0.919863	3.60924
188.802	0.919882	3.60931
189.133	0.919901	3.60937
189.464	0.91992	3.60944
189.796	0.919939	3.6095
190.127	0.919958	3.60957
190.458	0.919977	3.60963
190.789	0.919996	3.60969
191.12	0.920015	3.60976
191.452	0.920034	3.60982
191.783	0.920053	3.60989
192.114	0.920072	3.60995
192.445	0.920091	3.61001
192.777	0.92011	3.61008
193.108	0.920129	3.61014
193.439	0.920148	3.61021
193.77	0.920167	3.61027
194.102	0.920186	3.61033
194.433	0.920205	3.6104
194.764	0.920224	3.61046
195.095	0.920243	3.61053
195.426	0.920262	3.61059
195.758	0.92028	3.61065
196.089	0.920299	3.61072
196.42	0.920318	3.61078
196.751	0.920337	3.61085
197.083	0.920356	3.61091
197.414	0.920375	3.61097
197.745	0.920394	3.61104
198.076	0.920413	3.6111
198.407	0.920432	3.61117
198.739	0.920451	3.61123
199.07	0.92047	3.61129
199.401	0.920488	3.61136
199.732	0.920507	3.61142
200.064	0.920526	3.61149
200.395	0.920545	3.61155
200.726	0.920564	3.61162
201.057	0.920583	3.61168
201.388	0.920602	3.61174
201.72	0.920621	3.61181
202.051	0.92064	3.61187
202.382	0.920658	3.61194
202.713	0.920677	3.612
203.045	0.920696	3.61206
203.376	0.920715	3.61213
203.707	0.920734	3.61219
204.038	0.920753	3.61226
204.37	0.920772	3.61232
204.701	0.920791	3.61238
205.032	0.920809	3.61245
205.363	0.920828	3.61251
205.694	0.920847	3.61258
206.026	0.920866	3.61264
206.357	0.920885	3.6127
206.688	0.920904	3.61277
207.019	0.920922	3.61283
207.351	0.920941	3.6129
207.682	0.92096	3.61296
208.013	0.920979	3.61302
208.344	0.920998	3.61309
208.675	0.921017	3.61315
209.007	0.921035	3.61322
209.338	0.921054	3.61328
209.669	0.921073	3.61334
210	0.921092	3.61341
210.332	0.921111	3.61347
210.663	0.921129	3.61354
210.994	0.921148	3.6136
211.325	0.921167	3.61366
211.656	0.921186	3.61373
211.988	0.921205	3.61379
212.319	0.921223	3.61386
212.65	0.921242	3.61392
212.981	0.921261	3.61399
213.313	0.92128	3.61405
213.644	0.921299	3.61411
213.975	0.921317	3.61418
214.306	0.921336	3.61424
214.638	0.921355	3.61431
214.969	0.921374	3.61437
215.3	0.921392	3.61443
215.631	0.921411	3.6145
215.962	0.92143	3.61456
216.294	0.921449	3.61463
216.625	0.921468	3.61469
216.956	0.921486	3.61475
217.287	0.921505	3.61482
217.619	0.921524	3.61488
217.95	0.921543	3.61495
218.281	0.921561	3.61501
218.612	0.92158	3.61507
218.943	0.921599	3.61514
219.275	0.921618	3.6152
219.606	0.921636	3.61527
219.937	0.921655	3.61533
220.268	0.921674	3.61539
220.6	0.921692	3.61546
220.931	0.921711	3.61552
221.262	0.92173	3.61559
221.593	0.921749	3.61565
221.924	0.921767	3.61571
222.256	0.921786	3.61578
222.587	0.921805	3.61584
222.918	0.921824	3.61591
223.249	0.921842	3.61597
223.581	0.921861	3.61603
223.912	0.92188	3.6161
224.243	0.921898	3.61616
224.574	0.921917	3.61623
224.906	0.921936	3.61629
225.237	0.921954	3.61635
225.568	0.921973	3.61642
225.899	0.921992	3.61648
226.23	0.922011	3.61655
226.562	0.922029	3.61661
226.893	0.922048	3.61668
227.224	0.922067	3.61674
227.555	0.922085	3.6168
227.887	0.922104	3.61687
228.218	0.922123	3.61693
228.549	0.922141	3.617
228.88	0.92216	3.61706
229.211	0.922179	3.61712
229.543	0.922197	3.61719
229.874	0.922216	3.61725
230.205	0.922235	3.61732
230.536	0.922253	3.61738
230.868	0.922272	3.61744
231.199	0.922291	3.61751
231.53	0.922309	3.61757
231.861	0.922328	3.61764
232.192	0.922347	3.6177
232.524	0.922365	3.61776
232.855	0.922384	3.61783
233.186	0.922402	3.61789
233.517	0.922421	3.61796
233.849	0.92244	3.61802
234.18	0.922458	3.61808
234.511	0.922477	3.61815
234.842	0.922496	3.61821
235.174	0.922514	3.61828
235.505	0.922533	3.61834
235.836	0.922551	3.6184
236.167	0.92257	3.61847
236.498	0.922589	3.61853
236.83	0.922607	3.6186
237.161	0.922626	3.61866
237.492	0.922644	3.61872
237.823	0.922663	3.61879
238.155	0.922682	3.61885
238.486	0.9227	3.61892
238.817	0.922719	3.61898
239.148	0.922737	3.61904
239.479	0.922756	3.61911
239.811	0.922775	3.61917
240.142	0.922793	3.61924
240.473	0.922812	3.6193
240.804	0.92283	3.61936
241.136	0.922849	3.61943
241.467	0.922868	3.61949
241.798	0.922886	3.61956
242.129	0.922905	3.61962
242.46	0.922923	3.61968
242.792	0.922942	3.61975
243.123	0.92296	3.61981
243.454	0.922979	3.61988
243.785	0.922998	3.61994
244.117	0.923016	3.62
244.448	0.923035	3.62007
244.779	0.923053	3.62013
245.11	0.923072	3.6202
245.442	0.92309	3.62026
245.773	0.923109	3.62033
246.104	0.923127	3.62039
246.435	0.923146	3.62045
246.766	0.923164	3.62052
247.098	0.923183	3.62058
247.429	0.923202	3.62065
247.76	0.92322	3.62071
248.091	0.923239	3.62077
248.423	0.923257	3.62084
248.754	0.923276	3.6209
249.085	0.923294	3.62097
249.416	0.923313	3.62103
249.747	0.923331	3.62109
250.079	0.92335	3.62116
250.41	0.923368	3.62122
250.741	0.923387	3.62129
251.072	0.923405	3.62135
251.404	0.923424	3.62141
251.735	0.923442	3.62148
252.066	0.923461	3.62154
252.397	0.923479	3.62161
252.728	0.923498	3.62167
253.06	0.923516	3.62173
253.391	0.923535	3.6218
253.722	0.923553	3.62186
254.053	0.923572	3.62193
254.385	0.92359	3.62199
254.716	0.923609	3.62205
255.047	0.923627	3.62212
255.378	0.923646	3.62218
255.709	0.923664	3.62225
256.041	0.923683	3.62231
256.372	0.923701	3.62237
256.703	0.92372	3.62244
257.034	0.923738	3.6225
257.366	0.923757	3.62257
257.697	0.923775	3.62263
258.028	0.923794	3.62269
258.359	0.923812	3.62276
258.691	0.92383	3.62282
259.022	0.923849	3.62289
259.353	0.923867	3.62295
259.684	0.923886	3.62301
260.015	0.923904	3.62308
260.347	0.923923	3.62314
260.678	0.923941	3.62321
261.009	0.92396	3.62327
261.34	0.923978	3.62333
261.672	0.923996	3.6234
262.003	0.924015	3.62346
262.334	0.924033	3.62353
262.665	0.924052	3.62359
262.996	0.92407	3.62365
263.328	0.924089	3.62372
263.659	0.924107	3.62378
263.99	0.924125	3.62385
264.321	0.924144	3.62391
264.653	0.924162	3.62397
264.984	0.924181	3.62404
265.315	0.924199	3.6241
265.646	0.924218	3.62417
265.977	0.924236	3.62423
266.309	0.924254	3.62429
266.64	0.924273	3.62436
266.971	0.924291	3.62442
267.302	0.92431	3.62449
267.634	0.924328	3.62455
267.965	0.924346	3.62461
268.296	0.924365	3.62468
268.627	0.924383	3.62474
268.959	0.924402	3.62481
269.29	0.92442	3.62487
269.621	0.924438	3.62493
269.952	0.924457	3.625
270.283	0.924475	3.62506
270.615	0.924493	3.62513
270.946	0.924512	3.62519
271.277	0.92453	3.62525
271.608	0.924549	3.62532
271.94	0.924567	3.62538
272.271	0.924585	3.62545
272.602	0.924604	3.62551
272.933	0.924622	3.62557
273.264	0.92464	3.62564
273.596	0.924659	3.6257
273.927	0.924677	3.62577
274.258	0.924695	3.62583
274.589	0.924714	3.62589
274.921	0.924732	3.62596
275.252	0.924751	3.62602
275.583	0.924769	3.62609
275.914	0.924787	3.62615
276.245	0.924806	3.62621
276.577	0.924824	3.62628
276.908	0.924842	3.62634
277.239	0.924861	3.62641
277.57	0.924879	3.62647
277.902	0.924897	3.62653
278.233	0.924916	3.6266
278.564	0.924934	3.62666
278.895	0.924952	3.62673
279.227	0.924971	3.62679
279.558	0.924989	3.62685
279.889	0.925007	3.62692
280.22	0.925026	3.62698
280.551	0.925044	3.62705
280.883	0.925062	3.62711
281.214	0.92508	3.62717
281.545	0.925099	3.62724
281.876	0.925117	3.6273
282.208	0.925135	3.62737
282.539	0.925154	3.62743
282.87	0.925172	3.6275
283.201	0.92519	3.62756
283.532	0.925209	3.62762
283.864	0.925227	3.62769
284.195	0.925245	3.62775
284.526	0.925263	3.62782
284.857	0.925282	3.62788
285.189	0.9253	3.62794
285.52	0.925318	3.62801
285.851	0.925337	3.62807
286.182	0.925355	3.62814
286.513	0.925373	3.6282
286.845	0.925391	3.62826
287.176	0.92541	3.62833
287.507	0.925428	3.62839
287.838	0.925446	3.62846
288.17	0.925464	3.62852
288.501	0.925483	3.62858
288.832	0.925501	3.62865
289.163	0.925519	3.62871
289.495	0.925538	3.62878
289.826	0.925556	3.62884
290.157	0.925574	3.6289
290.488	0.925592	3.62897
290.819	0.925611	3.62903
291.151	0.925629	3.6291
291.482	0.925647	3.62916
291.813	0.925665	3.62922
292.144	0.925684	3.62929
292.476	0.925702	3.62935
292.807	0.92572	3.62942
293.138	0.925738	3.62948
293.469	0.925756	3.62954
293.8	0.925775	3.62961
294.132	0.925793	3.62967
294.463	0.925811	3.62974
294.794	0.925829	3.6298
295.125	0.925848	3.62986
295.457	0.925866	3.62993
295.788	0.925884	3.62999
296.119	0.925902	3.63006
296.45	0.92592	3.63012
296.781	0.925939	3.63018
297.113	0.925957	3.63025
297.444	0.925975	3.63031
297.775	0.925993	3.63038
298.106	0.926011	3.63044
298.434	0.926029	3.6305
298.766	0.926048	3.63057
299.097	0.926066	3.63063
299.428	0.926084	3.63069
299.759	0.926102	3.63076
300.09	0.92612	3.63082
300.422	0.926139	3.63089
300.753	0.926157	3.63095
301.084	0.926175	3.63101
301.415	0.926193	3.63108
301.747	0.926211	3.63114
302.078	0.92623	3.63121
302.409	0.926248	3.63127
302.74	0.926266	3.63133
303.071	0.926284	3.6314
303.403	0.926302	3.63146
303.734	0.92632	3.63153
304.065	0.926339	3.63159
304.396	0.926357	3.63165
304.728	0.926375	3.63172
305.059	0.926393	3.63178
305.39	0.926411	3.63185
305.721	0.926429	3.63191
306.052	0.926448	3.63197
306.384	0.926466	3.63204
306.715	0.926484	3.6321
307.046	0.926502	3.63217
307.377	0.92652	3.63223
307.709	0.926538	3.63229
308.04	0.926556	3.63236
308.371	0.926575	3.63242
308.702	0.926593	3.63249
309.034	0.926611	3.63255
309.365	0.926629	3.63261
309.696	0.926647	3.63268
310.027	0.926665	3.63274
310.358	0.926683	3.63281
310.69	0.926701	3.63287
311.021	0.92672	3.63293
311.352	0.926738	3.633
311.683	0.926756	3.63306
312.015	0.926774	3.63313
312.346	0.926792	3.63319
312.677	0.92681	3.63325
313.008	0.926828	3.63332
313.339	0.926846	3.63338
313.671	0.926864	3.63345
314.002	0.926883	3.63351
314.333	0.926901	3.63357
314.664	0.926919	3.63364
314.996	0.926937	3.6337
315.327	0.926955	3.63377
315.658	0.926973	3.63383
315.989	0.926991	3.63389
316.32	0.927009	3.63396
316.652	0.927027	3.63402
316.983	0.927045	3.63409
317.314	0.927064	3.63415
317.645	0.927082	3.63421
317.977	0.9271	3.63428
318.308	0.927118	3.63434
318.639	0.927136	3.63441
318.97	0.927154	3.63447
319.302	0.927172	3.63453
319.633	0.92719	3.6346
319.964	0.927208	3.63466
320.295	0.927226	3.63473
320.626	0.927244	3.63479
320.958	0.927262	3.63485
321.289	0.92728	3.63492
321.62	0.927298	3.63498
321.951	0.927316	3.63505
322.283	0.927335	3.63511
322.614	0.927353	3.63517
322.945	0.927371	3.63524
323.276	0.927389	3.6353
323.607	0.927407	3.63537
323.939	0.927425	3.63543
324.27	0.927443	3.63549
324.601	0.927461	3.63556
324.932	0.927479	3.63562
325.264	0.927497	3.63569
325.595	0.927515	3.63575
325.926	0.927533	3.63581
326.257	0.927551	3.63588
326.588	0.927569	3.63594
326.92	0.927587	3.63601
327.251	0.927605	3.63607
327.582	0.927623	3.63613
327.913	0.927641	3.6362
328.245	0.927659	3.63626
328.576	0.927677	3.63633
328.907	0.927695	3.63639
329.238	0.927713	3.63645
329.569	0.927731	3.63652
329.901	0.927749	3.63658
330.232	0.927767	3.63665
330.563	0.927785	3.63671
330.894	0.927803	3.63677
331.226	0.927821	3.63684
331.557	0.927839	3.6369
331.888	0.927857	3.63697
332.219	0.927875	3.63703
332.551	0.927893	3.63709
332.882	0.927911	3.63716
333.213	0.927929	3.63722
333.544	0.927947	3.63729
333.875	0.927965	3.63735
334.207	0.927983	3.63741
334.538	0.928001	3.63748
334.869	0.928019	3.63754
335.2	0.928037	3.63761
335.532	0.928055	3.63767
335.863	0.928073	3.63773
336.194	0.928091	3.6378
336.525	0.928109	3.63786
336.856	0.928127	3.63793
337.188	0.928145	3.63799
337.519	0.928163	3.63805
337.85	0.928181	3.63812
338.181	0.928199	3.63818
338.513	0.928217	3.63825
338.844	0.928235	3.63831
339.175	0.928252	3.63837
339.506	0.92827	3.63844
339.837	0.928288	3.6385
340.169	0.928306	3.63857
340.5	0.928324	3.63863
340.831	0.928342	3.63869
341.162	0.92836	3.63876
341.494	0.928378	3.63882
341.825	0.928396	3.63889
342.156	0.928414	3.63895
342.487	0.928432	3.63901
342.819	0.92845	3.63908
343.15	0.928468	3.63914
343.481	0.928486	3.63921
343.812	0.928504	3.63927
344.143	0.928521	3.63933
344.475	0.928539	3.6394
344.806	0.928557	3.63946
345.137	0.928575	3.63953
345.468	0.928593	3.63959
345.8	0.928611	3.63965
346.131	0.928629	3.63972
346.462	0.928647	3.63978
346.793	0.928665	3.63985
347.124	0.928683	3.63991
347.456	0.928701	3.63997
347.787	0.928718	3.64004
348.118	0.928736	3.6401
348.449	0.928754	3.64016
348.781	0.928772	3.64023
349.112	0.92879	3.64029
349.443	0.928808	3.64036
349.774	0.928826	3.64042
350.105	0.928844	3.64048
350.437	0.928862	3.64055
350.768	0.928879	3.64061
351.099	0.928897	3.64068
351.43	0.928915	3.64074
351.762	0.928933	3.6408
352.093	0.928951	3.64087
352.424	0.928969	3.64093
352.755	0.928987	3.641
353.087	0.929005	3.64106
353.418	0.929022	3.64112
353.749	0.92904	3.64119
354.08	0.929058	3.64125
354.411	0.929076	3.64132
354.743	0.929094	3.64138
355.074	0.929112	3.64144
355.405	0.92913	3.64151
355.736	0.929147	3.64157
356.068	0.929165	3.64164
356.399	0.929183	3.6417
356.73	0.929201	3.64176
357.061	0.929219	3.64183
357.392	0.929237	3.64189
357.724	0.929254	3.64196
358.055	0.929272	3.64202
358.386	0.92929	3.64208
358.717	0.929308	3.64215
359.049	0.929326	3.64221
359.38	0.929344	3.64228
359.711	0.929361	3.64234
360.042	0.929379	3.6424
360.373	0.929397	3.64247
360.705	0.929415	3.64253
361.036	0.929433	3.6426
361.367	0.929451	3.64266
361.698	0.929468	3.64272
362.03	0.929486	3.64279
362.361	0.929504	3.64285
362.692	0.929522	3.64292
363.023	0.92954	3.64298
363.355	0.929557	3.64304
363.686	0.929575	3.64311
364.017	0.929593	3.64317
364.348	0.929611	3.64324
364.679	0.929629	3.6433
365.011	0.929646	3.64336
365.342	0.929664	3.64343
365.673	0.929682	3.64349
366.004	0.9297	3.64356
366.336	0.929718	3.64362
366.667	0.929735	3.64368
366.998	0.929753	3.64375
367.329	0.929771	3.64381
367.66	0.929789	3.64388
367.992	0.929806	3.64394
368.323	0.929824	3.644
368.654	0.929842	3.64407
368.985	0.92986	3.64413
369.317	0.929878	3.6442
369.648	0.929895	3.64426
369.979	0.929913	3.64432
370.31	0.929931	3.64439
370.641	0.929949	3.64445
370.973	0.929966	3.64452
371.304	0.929984	3.64458
371.635	0.930002	3.64464
371.966	0.93002	3.64471
372.298	0.930037	3.64477
372.629	0.930055	3.64484
372.96	0.930073	3.6449
373.291	0.930091	3.64496
373.623	0.930108	3.64503
373.954	0.930126	3.64509
374.285	0.930144	3.64516
374.616	0.930162	3.64522
374.947	0.930179	3.64528
375.279	0.930197	3.64535
375.61	0.930215	3.64541
375.941	0.930232	3.64547
376.272	0.93025	3.64554
376.604	0.930268	3.6456
376.935	0.930286	3.64567
377.266	0.930303	3.64573
377.597	0.930321	3.64579
377.928	0.930339	3.64586
378.26	0.930356	3.64592
378.591	0.930374	3.64599
378.922	0.930392	3.64605
379.253	0.93041	3.64611
379.585	0.930427	3.64618
379.916	0.930445	3.64624
380.247	0.930463	3.64631
380.578	0.93048	3.64637
380.909	0.930498	3.64643
381.241	0.930516	3.6465
381.572	0.930534	3.64656
381.903	0.930551	3.64663
382.234	0.930569	3.64669
382.566	0.930587	3.64675
382.897	0.930604	3.64682
383.228	0.930622	3.64688
383.559	0.93064	3.64695
383.89	0.930657	3.64701
384.222	0.930675	3.64707
384.553	0.930693	3.64714
384.884	0.93071	3.6472
385.215	0.930728	3.64727
385.547	0.930746	3.64733
385.878	0.930763	3.64739
386.209	0.930781	3.64746
386.54	0.930799	3.64752
386.872	0.930816	3.64759
387.203	0.930834	3.64765
387.534	0.930852	3.64771
387.865	0.930869	3.64778
388.196	0.930887	3.64784
388.528	0.930905	3.64791
388.859	0.930922	3.64797
389.19	0.93094	3.64803
389.521	0.930958	3.6481
389.853	0.930975	3.64816
390.184	0.930993	3.64823
390.515	0.931011	3.64829
390.846	0.931028	3.64835
391.177	0.931046	3.64842
391.509	0.931063	3.64848
391.84	0.931081	3.64855
392.171	0.931099	3.64861
392.502	0.931116	3.64867
392.834	0.931134	3.64874
393.165	0.931152	3.6488
393.496	0.931169	3.64887
393.827	0.931187	3.64893
394.158	0.931204	3.64899
394.49	0.931222	3.64906
394.821	0.93124	3.64912
395.152	0.931257	3.64919
395.483	0.931275	3.64925
395.815	0.931293	3.64931
396.146	0.93131	3.64938
396.477	0.931328	3.64944
396.808	0.931345	3.6495
397.14	0.931363	3.64957
397.471	0.931381	3.64963
397.802	0.931398	3.6497
398.133	0.931416	3.64976
398.464	0.931433	3.64982
398.796	0.931451	3.64989
399.127	0.931469	3.64995
399.458	0.931486	3.65002
399.789	0.931504	3.65008
400.121	0.931521	3.65014
400.452	0.931539	3.65021
400.783	0.931556	3.65027
401.114	0.931574	3.65034
401.445	0.931592	3.6504
401.777	0.931609	3.65046
402.108	0.931627	3.65053
402.439	0.931644	3.65059
402.77	0.931662	3.65066
403.102	0.931679	3.65072
403.433	0.931697	3.65078
403.764	0.931715	3.65085
404.095	0.931732	3.65091
404.426	0.93175	3.65098
404.758	0.931767	3.65104
405.089	0.931785	3.6511
405.42	0.931802	3.65117
405.751	0.93182	3.65123
406.083	0.931837	3.6513
406.414	0.931855	3.65136
406.745	0.931873	3.65142
407.076	0.93189	3.65149
407.408	0.931908	3.65155
407.739	0.931925	3.65162
408.07	0.931943	3.65168
408.401	0.93196	3.65174
408.732	0.931978	3.65181
409.064	0.931995	3.65187
409.395	0.932013	3.65194
409.726	0.93203	3.652
410.057	0.932048	3.65206
410.389	0.932065	3.65213
410.72	0.932083	3.65219
411.051	0.9321	3.65226
411.382	0.932118	3.65232
411.713	0.932135	3.65238
412.045	0.932153	3.65245
412.376	0.93217	3.65251
412.707	0.932188	3.65258
413.038	0.932206	3.65264
413.37	0.932223	3.6527
413.701	0.932241	3.65277
414.032	0.932258	3.65283
414.363	0.932276	3.65289
414.694	0.932293	3.65296
415.026	0.932311	3.65302
415.357	0.932328	3.65309
415.688	0.932345	3.65315
416.019	0.932363	3.65321
416.351	0.93238	3.65328
416.682	0.932398	3.65334
417.013	0.932415	3.65341
417.344	0.932433	3.65347
417.676	0.93245	3.65353
418.007	0.932468	3.6536
418.338	0.932485	3.65366
418.669	0.932503	3.65373
419	0.93252	3.65379
419.332	0.932538	3.65385
419.663	0.932555	3.65392
419.994	0.932573	3.65398
420.325	0.93259	3.65405
420.657	0.932608	3.65411
420.988	0.932625	3.65417
421.319	0.932643	3.65424
421.65	0.93266	3.6543
421.981	0.932677	3.65437
422.313	0.932695	3.65443
422.644	0.932712	3.65449
422.975	0.93273	3.65456
423.306	0.932747	3.65462
423.638	0.932765	3.65469
423.969	0.932782	3.65475
424.3	0.9328	3.65481
424.631	0.932817	3.65488
424.962	0.932834	3.65494
425.294	0.932852	3.65501
425.625	0.932869	3.65507
425.956	0.932887	3.65513
426.287	0.932904	3.6552
426.619	0.932922	3.65526
426.95	0.932939	3.65533
427.281	0.932956	3.65539
427.612	0.932974	3.65545
427.944	0.932991	3.65552
428.275	0.933009	3.65558
428.606	0.933026	3.65565
428.937	0.933044	3.65571
429.268	0.933061	3.65577
429.6	0.933078	3.65584
429.931	0.933096	3.6559
430.262	0.933113	3.65596
430.593	0.933131	3.65603
430.925	0.933148	3.65609
431.256	0.933165	3.65616
431.587	0.933183	3.65622
431.918	0.9332	3.65628
432.249	0.933218	3.65635
432.581	0.933235	3.65641
432.912	0.933252	3.65648
433.243	0.93327	3.65654
433.574	0.933287	3.6566
433.906	0.933305	3.65667
434.237	0.933322	3.65673
434.568	0.933339	3.6568
434.899	0.933357	3.65686
435.23	0.933374	3.65692
435.562	0.933391	3.65699
435.893	0.933409	3.65705
436.224	0.933426	3.65712
436.555	0.933444	3.65718
436.887	0.933461	3.65724
437.218	0.933478	3.65731
437.549	0.933496	3.65737
437.88	0.933513	3.65744
438.212	0.93353	3.6575
438.543	0.933548	3.65756
438.874	0.933565	3.65763
439.205	0.933582	3.65769
439.536	0.9336	3.65776
439.868	0.933617	3.65782
440.199	0.933634	3.65788
440.53	0.933652	3.65795
440.861	0.933669	3.65801
441.193	0.933686	3.65808
441.524	0.933704	3.65814
441.855	0.933721	3.6582
442.186	0.933738	3.65827
442.517	0.933756	3.65833
442.849	0.933773	3.6584
443.18	0.93379	3.65846
443.511	0.933808	3.65852
443.842	0.933825	3.65859
444.174	0.933842	3.65865
444.505	0.93386	3.65871
444.836	0.933877	3.65878
445.167	0.933894	3.65884
445.498	0.933912	3.65891
445.83	0.933929	3.65897
446.161	0.933946	3.65903
446.492	0.933964	3.6591
446.823	0.933981	3.65916
447.155	0.933998	3.65923
447.486	0.934016	3.65929
447.817	0.934033	3.65935
448.148	0.93405	3.65942
448.479	0.934067	3.65948
448.811	0.934085	3.65955
449.142	0.934102	3.65961
449.473	0.934119	3.65967
449.804	0.934137	3.65974
450.136	0.934154	3.6598
450.467	0.934171	3.65987
450.798	0.934189	3.65993
451.129	0.934206	3.65999
451.461	0.934223	3.66006
451.792	0.93424	3.66012
452.123	0.934258	3.66019
452.454	0.934275	3.66025
452.785	0.934292	3.66031
453.117	0.934309	3.66038
453.448	0.934327	3.66044
453.779	0.934344	3.66051
454.11	0.934361	3.66057
454.442	0.934379	3.66063
454.773	0.934396	3.6607
455.104	0.934413	3.66076
455.435	0.93443	3.66083
455.766	0.934448	3.66089
456.098	0.934465	3.66095
456.429	0.934482	3.66102
456.76	0.934499	3.66108
457.091	0.934517	3.66115
457.423	0.934534	3.66121
457.754	0.934551	3.66127
458.085	0.934568	3.66134
458.416	0.934586	3.6614
458.747	0.934603	3.66146
459.079	0.93462	3.66153
459.41	0.934637	3.66159
459.741	0.934654	3.66166
460.072	0.934672	3.66172
460.404	0.934689	3.66178
460.735	0.934706	3.66185
461.066	0.934723	3.66191
461.397	0.934741	3.66198
461.729	0.934758	3.66204
462.06	0.934775	3.6621
462.391	0.934792	3.66217
462.722	0.934809	3.66223
463.053	0.934827	3.6623
463.385	0.934844	3.66236
463.716	0.934861	3.66242
464.047	0.934878	3.66249
464.378	0.934895	3.66255
464.71	0.934913	3.66262
465.041	0.93493	3.66268
465.372	0.934947	3.66274
465.703	0.934964	3.66281
466.034	0.934981	3.66287
466.366	0.934999	3.66294
466.697	0.935016	3.663
467.028	0.935033	3.66306
467.359	0.93505	3.66313
467.691	0.935067	3.66319
468.022	0.935085	3.66326
468.353	0.935102	3.66332
468.684	0.935119	3.66338
469.015	0.935136	3.66345
469.347	0.935153	3.66351
469.678	0.93517	3.66358
470.009	0.935188	3.66364
470.34	0.935205	3.6637
470.672	0.935222	3.66377
471.003	0.935239	3.66383
471.334	0.935256	3.6639
471.665	0.935273	3.66396
471.997	0.935291	3.66402
472.328	0.935308	3.66409
472.659	0.935325	3.66415
472.99	0.935342	3.66421
473.321	0.935359	3.66428
473.653	0.935376	3.66434
473.984	0.935394	3.66441
474.315	0.935411	3.66447
474.646	0.935428	3.66453
474.978	0.935445	3.6646
475.309	0.935462	3.66466
475.64	0.935479	3.66473
475.971	0.935496	3.66479
476.302	0.935514	3.66485
476.634	0.935531	3.66492
476.965	0.935548	3.66498
477.296	0.935565	3.66505
477.627	0.935582	3.66511
477.959	0.935599	3.66517
478.29	0.935616	3.66524
478.621	0.935633	3.6653
478.952	0.935651	3.66537
479.283	0.935668	3.66543
479.615	0.935685	3.66549
479.946	0.935702	3.66556
480.277	0.935719	3.66562
480.608	0.935736	3.66569
480.94	0.935753	3.66575
481.271	0.93577	3.66581
481.602	0.935787	3.66588
481.933	0.935805	3.66594
482.265	0.935822	3.66601
482.596	0.935839	3.66607
482.927	0.935856	3.66613
483.258	0.935873	3.6662
483.589	0.93589	3.66626
483.921	0.935907	3.66633
484.252	0.935924	3.66639
484.583	0.935941	3.66645
484.914	0.935958	3.66652
485.246	0.935975	3.66658
485.577	0.935993	3.66665
485.908	0.93601	3.66671
486.239	0.936027	3.66677
486.57	0.936044	3.66684
486.902	0.936061	3.6669
487.233	0.936078	3.66696
487.564	0.936095	3.66703
487.895	0.936112	3.66709
488.227	0.936129	3.66716
488.558	0.936146	3.66722
488.889	0.936163	3.66728
489.22	0.93618	3.66735
489.551	0.936197	3.66741
489.883	0.936214	3.66748
490.214	0.936231	3.66754
490.545	0.936248	3.6676
490.876	0.936266	3.66767
491.208	0.936283	3.66773
491.539	0.9363	3.6678
491.87	0.936317	3.66786
492.201	0.936334	3.66792
492.533	0.936351	3.66799
492.864	0.936368	3.66805
493.195	0.936385	3.66812
493.526	0.936402	3.66818
493.857	0.936419	3.66824
494.189	0.936436	3.66831
494.52	0.936453	3.66837
494.851	0.93647	3.66844
495.182	0.936487	3.6685
495.514	0.936504	3.66856
495.845	0.936521	3.66863
496.176	0.936538	3.66869
496.507	0.936555	3.66876
496.838	0.936572	3.66882
497.17	0.936589	3.66888
497.501	0.936606	3.66895
497.832	0.936623	3.66901
498.163	0.93664	3.66908
498.495	0.936657	3.66914
498.826	0.936674	3.6692
499.157	0.936691	3.66927
499.488	0.936708	3.66933
499.819	0.936725	3.6694
