0	1.00149	3.55791
0	1.00149	3.55791
0.296257	1.00215	3.55904
0.592514	1.00376	3.56185
0.888772	1.0057	3.56533
1.18503	1.00741	3.56845
1.18799	1.00742	3.56848
1.48425	1.00854	3.57057
1.78051	1.00891	3.57142
2.07676	1.00862	3.57114
2.37302	1.00787	3.57011
2.66631	1.00695	3.56884
2.96257	1.00604	3.56768
3.25883	1.00532	3.56688
3.55509	1.00483	3.56655
3.85134	1.00456	3.56665
4.1476	1.00445	3.56709
4.44386	1.00441	3.56772
4.74012	1.00433	3.56833
5.03637	1.00415	3.56877
5.33263	1.00382	3.56901
5.62889	1.00337	3.56905
5.92514	1.00282	3.56897
6.2214	1.00222	3.56885
6.51766	1.0016	3.56873
6.81392	1.00098	3.56864
7.11017	1.00039	3.56862
7.40643	0.999817	3.56868
7.70269	0.999266	3.56882
7.99894	0.998717	3.56899
8.2952	0.99815	3.56916
8.59146	0.997554	3.5693
8.88772	0.996925	3.56941
9.18397	0.996267	3.56949
9.48023	0.995583	3.56956
9.77649	0.994877	3.56961
10.0727	0.994157	3.56965
10.369	0.993428	3.5697
10.6653	0.992695	3.56976
10.9615	0.99196	3.56984
11.2578	0.991223	3.56993
11.554	0.990479	3.57002
11.8503	0.989728	3.57011
12.1465	0.988967	3.5702
12.4428	0.988199	3.57028
12.7391	0.987421	3.57037
13.0353	0.986636	3.57044
13.3316	0.985844	3.57052
13.6278	0.985047	3.57059
13.9241	0.984246	3.57066
14.2203	0.983444	3.57073
14.5166	0.98264	3.57081
14.8129	0.981834	3.57088
15.1091	0.981028	3.57096
15.4054	0.98022	3.57104
15.7016	0.979412	3.57112
15.9979	0.978603	3.57119
16.2941	0.977793	3.57127
16.5904	0.976984	3.57134
16.8867	0.976175	3.57141
17.1859	0.975359	3.57148
17.4821	0.974553	3.57155
17.7784	0.973749	3.57162
18.0747	0.972948	3.57169
18.3709	0.97215	3.57176
18.6672	0.971355	3.57183
18.9634	0.970563	3.5719
19.2597	0.969775	3.57197
19.5559	0.968991	3.57203
19.8522	0.968211	3.5721
20.1485	0.967436	3.57216
20.4447	0.966665	3.57223
20.741	0.965899	3.57229
21.0372	0.965139	3.57235
21.3335	0.964384	3.57242
21.6297	0.963634	3.57248
21.926	0.962891	3.57254
22.2223	0.962153	3.5726
22.5185	0.961422	3.57266
22.8148	0.960697	3.57272
23.111	0.959979	3.57278
23.4073	0.959267	3.57283
23.7035	0.958562	3.57289
23.9998	0.957864	3.57295
24.2961	0.957173	3.573
24.5923	0.95649	3.57306
24.8886	0.955813	3.57311
25.1848	0.955144	3.57316
25.4811	0.954482	3.57322
25.7773	0.953828	3.57327
26.0736	0.953181	3.57332
26.3699	0.952542	3.57337
26.6661	0.951911	3.57342
26.9624	0.951287	3.57347
27.2586	0.950671	3.57351
27.5549	0.950063	3.57356
27.8511	0.949462	3.57361
28.1474	0.94887	3.57366
28.4437	0.948285	3.5737
28.7399	0.947708	3.57375
29.0362	0.947139	3.57379
29.3324	0.946578	3.57383
29.6287	0.946024	3.57388
29.9249	0.945479	3.57392
30.2212	0.944941	3.57396
30.5175	0.944411	3.574
30.8137	0.943889	3.57404
31.11	0.943374	3.57408
31.4062	0.942867	3.57412
31.7025	0.942368	3.57416
31.9987	0.941876	3.5742
32.295	0.941392	3.57423
32.5913	0.940916	3.57427
32.8875	0.940447	3.57431
33.1838	0.939985	3.57434
33.48	0.939531	3.57438
33.7763	0.939084	3.57441
34.0725	0.938644	3.57445
34.3688	0.938212	3.57448
34.6651	0.937786	3.57451
34.9613	0.937368	3.57455
35.2576	0.936957	3.57458
35.5538	0.936552	3.57461
35.8501	0.936155	3.57464
36.1463	0.935764	3.57467
36.4426	0.93538	3.5747
36.7389	0.935002	3.57473
37.0351	0.934631	3.57476
37.3314	0.934267	3.57479
37.6276	0.933909	3.57482
37.9239	0.933557	3.57485
38.2201	0.933212	3.57487
38.5164	0.932872	3.5749
38.8127	0.932539	3.57493
39.1089	0.932212	3.57495
39.4052	0.931891	3.57498
39.7014	0.931576	3.57501
39.9977	0.931266	3.57503
40.2939	0.930962	3.57506
40.5902	0.930664	3.57508
40.8865	0.930371	3.5751
41.1827	0.930084	3.57513
41.479	0.929802	3.57515
41.7752	0.929525	3.57517
42.0715	0.929254	3.5752
42.3677	0.928988	3.57522
42.664	0.928727	3.57524
42.9603	0.928471	3.57526
43.2565	0.928219	3.57528
43.5528	0.927973	3.5753
43.849	0.927731	3.57532
44.1453	0.927494	3.57535
44.4415	0.927262	3.57537
44.7378	0.927034	3.57539
45.0311	0.926813	3.5754
45.3274	0.926594	3.57542
45.6236	0.926379	3.57544
45.9199	0.926169	3.57546
46.2161	0.925963	3.57548
46.5124	0.92576	3.5755
46.8086	0.925562	3.57552
47.1049	0.925368	3.57553
47.4012	0.925178	3.57555
47.6974	0.924991	3.57557
47.9937	0.924808	3.57559
48.2899	0.924629	3.5756
48.5862	0.924454	3.57562
48.8824	0.924282	3.57563
49.1787	0.924114	3.57565
49.475	0.923949	3.57567
49.7712	0.923787	3.57568
50.0675	0.923629	3.5757
50.3637	0.923474	3.57571
50.66	0.923322	3.57573
50.9562	0.923174	3.57574
51.2525	0.923028	3.57576
51.5488	0.922886	3.57577
51.845	0.922746	3.57579
52.1413	0.922609	3.5758
52.4375	0.922475	3.57582
52.7338	0.922344	3.57583
53.03	0.922216	3.57584
53.3263	0.922091	3.57586
53.6226	0.921968	3.57587
53.9188	0.921847	3.57588
54.2151	0.921729	3.5759
54.5113	0.921614	3.57591
54.8076	0.921501	3.57592
55.1038	0.921391	3.57593
55.4001	0.921283	3.57595
55.6964	0.921177	3.57596
55.9926	0.921073	3.57597
56.2889	0.920972	3.57598
56.5851	0.920873	3.57599
56.8814	0.920775	3.57601
57.1776	0.92068	3.57602
57.4739	0.920588	3.57603
57.7702	0.920497	3.57604
58.0664	0.920408	3.57605
58.3627	0.920321	3.57606
58.6589	0.920235	3.57608
58.9552	0.920152	3.57609
59.2514	0.920071	3.5761
59.5477	0.919991	3.57611
59.844	0.919913	3.57612
60.1402	0.919837	3.57613
60.4365	0.919762	3.57614
60.7327	0.919689	3.57615
61.029	0.919618	3.57616
61.3252	0.919548	3.57617
61.6215	0.91948	3.57618
61.9178	0.919413	3.57619
62.214	0.919348	3.5762
62.5103	0.919284	3.57621
62.8065	0.919221	3.57622
63.1028	0.91916	3.57623
63.399	0.919101	3.57624
63.6953	0.919042	3.57625
63.9916	0.918985	3.57626
64.2878	0.91893	3.57627
64.5841	0.918875	3.57628
64.8803	0.918822	3.57629
65.1766	0.91877	3.5763
65.4728	0.918719	3.5763
65.7691	0.918669	3.57631
66.0654	0.91862	3.57632
66.3616	0.918573	3.57633
66.6579	0.918526	3.57634
66.9541	0.918481	3.57635
67.2504	0.918437	3.57636
67.5466	0.918393	3.57637
67.8429	0.918351	3.57637
68.1392	0.918309	3.57638
68.4354	0.918269	3.57639
68.7317	0.918229	3.5764
69.0279	0.918191	3.57641
69.3242	0.918153	3.57642
69.6204	0.918116	3.57643
69.9167	0.91808	3.57643
70.213	0.918045	3.57644
70.5092	0.918011	3.57645
70.8055	0.917977	3.57646
71.1047	0.917944	3.57647
71.4009	0.917912	3.57647
71.6972	0.917881	3.57648
71.9935	0.91785	3.57649
72.2897	0.91782	3.5765
72.586	0.917791	3.57651
72.8822	0.917763	3.57651
73.1785	0.917735	3.57652
73.4747	0.917708	3.57653
73.771	0.917682	3.57654
74.0673	0.917656	3.57654
74.3635	0.917631	3.57655
74.6598	0.917606	3.57656
74.956	0.917582	3.57657
75.2523	0.917559	3.57657
75.5485	0.917536	3.57658
75.8448	0.917514	3.57659
76.1411	0.917492	3.5766
76.4373	0.917471	3.5766
76.7336	0.91745	3.57661
77.0298	0.91743	3.57662
77.3261	0.91741	3.57663
77.6224	0.917391	3.57663
77.9186	0.917372	3.57664
78.2149	0.917354	3.57665
78.5111	0.917336	3.57665
78.8074	0.917318	3.57666
79.1036	0.917302	3.57667
79.3999	0.917285	3.57668
79.6962	0.917269	3.57668
79.9924	0.917253	3.57669
80.2887	0.917238	3.5767
80.5849	0.917223	3.5767
80.8812	0.917208	3.57671
81.1774	0.917194	3.57672
81.4737	0.917181	3.57673
81.77	0.917167	3.57673
82.0662	0.917154	3.57674
82.3625	0.917141	3.57675
82.6587	0.917129	3.57675
82.955	0.917117	3.57676
83.2512	0.917105	3.57677
83.5475	0.917094	3.57677
83.8438	0.917082	3.57678
84.14	0.917072	3.57679
84.4363	0.917061	3.57679
84.7325	0.917051	3.5768
85.0288	0.917041	3.57681
85.325	0.917031	3.57681
85.6213	0.917022	3.57682
85.9176	0.917012	3.57683
86.2138	0.917003	3.57683
86.5101	0.916995	3.57684
86.8063	0.916986	3.57685
87.1026	0.916978	3.57685
87.3988	0.91697	3.57686
87.6951	0.916962	3.57687
87.9914	0.916955	3.57687
88.2876	0.916948	3.57688
88.5839	0.916941	3.57689
88.8801	0.916934	3.57689
89.1764	0.916927	3.5769
89.4726	0.916921	3.57691
89.7689	0.916914	3.57691
90.0652	0.916908	3.57692
90.3614	0.916902	3.57693
90.6577	0.916897	3.57693
90.9539	0.916891	3.57694
91.2502	0.916886	3.57694
91.5464	0.91688	3.57695
91.8427	0.916875	3.57696
92.139	0.916871	3.57696
92.4352	0.916866	3.57697
92.7315	0.916861	3.57698
93.0277	0.916857	3.57698
93.324	0.916853	3.57699
93.6202	0.916849	3.577
93.9165	0.916845	3.577
94.2128	0.916841	3.57701
94.509	0.916837	3.57702
94.8053	0.916834	3.57702
95.1015	0.91683	3.57703
95.3978	0.916827	3.57703
95.694	0.916824	3.57704
95.9903	0.916821	3.57705
96.2866	0.916818	3.57705
96.5828	0.916815	3.57706
96.8791	0.916812	3.57707
97.1753	0.91681	3.57707
97.4716	0.916807	3.57708
97.7678	0.916805	3.57708
98.0641	0.916803	3.57709
98.3604	0.916801	3.5771
98.6566	0.916799	3.5771
98.9529	0.916797	3.57711
99.2491	0.916795	3.57712
99.5454	0.916793	3.57712
99.8416	0.916791	3.57713
100.138	0.91679	3.57713
100.434	0.916788	3.57714
100.73	0.916787	3.57715
101.027	0.916785	3.57715
101.323	0.916784	3.57716
101.619	0.916783	3.57717
101.915	0.916782	3.57717
102.212	0.916781	3.57718
102.508	0.91678	3.57718
102.804	0.916779	3.57719
103.1	0.916778	3.5772
103.397	0.916778	3.5772
103.693	0.916777	3.57721
103.989	0.916776	3.57721
104.285	0.916776	3.57722
104.582	0.916775	3.57723
104.878	0.916775	3.57723
105.174	0.916774	3.57724
105.471	0.916774	3.57725
105.767	0.916774	3.57725
106.063	0.916774	3.57726
106.359	0.916774	3.57726
106.656	0.916774	3.57727
106.952	0.916774	3.57728
107.248	0.916774	3.57728
107.544	0.916774	3.57729
107.841	0.916774	3.57729
108.137	0.916774	3.5773
108.433	0.916774	3.57731
108.729	0.916774	3.57731
109.026	0.916775	3.57732
109.322	0.916775	3.57733
109.618	0.916775	3.57733
109.914	0.916776	3.57734
110.211	0.916776	3.57734
110.507	0.916777	3.57735
110.803	0.916777	3.57736
111.099	0.916778	3.57736
111.396	0.916779	3.57737
111.692	0.916779	3.57737
111.988	0.91678	3.57738
112.284	0.916781	3.57739
112.581	0.916781	3.57739
112.877	0.916782	3.5774
113.173	0.916783	3.5774
113.469	0.916784	3.57741
113.766	0.916785	3.57742
114.062	0.916786	3.57742
114.358	0.916787	3.57743
114.655	0.916788	3.57743
114.951	0.916789	3.57744
115.247	0.91679	3.57745
115.543	0.916791	3.57745
115.84	0.916792	3.57746
116.136	0.916793	3.57746
116.432	0.916794	3.57747
116.728	0.916795	3.57748
117.025	0.916796	3.57748
117.321	0.916797	3.57749
117.617	0.916799	3.57749
117.913	0.9168	3.5775
118.21	0.916801	3.57751
118.506	0.916802	3.57751
118.802	0.916804	3.57752
119.098	0.916805	3.57753
119.395	0.916806	3.57753
119.691	0.916808	3.57754
119.987	0.916809	3.57754
120.283	0.916811	3.57755
120.58	0.916812	3.57756
120.876	0.916813	3.57756
121.172	0.916815	3.57757
121.468	0.916816	3.57757
121.765	0.916818	3.57758
122.061	0.916819	3.57759
122.357	0.916821	3.57759
122.653	0.916822	3.5776
122.95	0.916824	3.5776
123.246	0.916825	3.57761
123.542	0.916827	3.57762
123.838	0.916828	3.57762
124.135	0.91683	3.57763
124.431	0.916832	3.57763
124.727	0.916833	3.57764
125.024	0.916835	3.57765
125.32	0.916836	3.57765
125.616	0.916838	3.57766
125.912	0.91684	3.57766
126.209	0.916841	3.57767
126.505	0.916843	3.57768
126.801	0.916845	3.57768
127.097	0.916847	3.57769
127.394	0.916848	3.57769
127.69	0.91685	3.5777
127.986	0.916852	3.57771
128.282	0.916853	3.57771
128.579	0.916855	3.57772
128.875	0.916857	3.57772
129.171	0.916859	3.57773
129.467	0.91686	3.57774
129.764	0.916862	3.57774
130.06	0.916864	3.57775
130.356	0.916866	3.57775
130.652	0.916867	3.57776
130.949	0.916869	3.57777
131.245	0.916871	3.57777
131.541	0.916873	3.57778
131.837	0.916875	3.57778
132.134	0.916877	3.57779
132.43	0.916878	3.5778
132.726	0.91688	3.5778
133.022	0.916882	3.57781
133.319	0.916884	3.57781
133.615	0.916886	3.57782
133.911	0.916888	3.57783
134.207	0.916889	3.57783
134.504	0.916891	3.57784
134.8	0.916893	3.57784
135.096	0.916895	3.57785
135.393	0.916897	3.57786
135.689	0.916899	3.57786
135.985	0.916901	3.57787
136.281	0.916903	3.57787
136.578	0.916904	3.57788
136.874	0.916906	3.57789
137.17	0.916908	3.57789
137.466	0.91691	3.5779
137.763	0.916912	3.5779
138.059	0.916914	3.57791
138.355	0.916916	3.57792
138.651	0.916918	3.57792
138.948	0.91692	3.57793
139.244	0.916922	3.57793
139.54	0.916924	3.57794
139.836	0.916925	3.57795
140.133	0.916927	3.57795
140.429	0.916929	3.57796
140.725	0.916931	3.57796
141.021	0.916933	3.57797
141.318	0.916935	3.57798
141.614	0.916937	3.57798
141.91	0.916939	3.57799
142.206	0.916941	3.57799
142.503	0.916943	3.578
142.799	0.916945	3.578
143.095	0.916947	3.57801
143.391	0.916949	3.57802
143.688	0.916951	3.57802
143.984	0.916953	3.57803
144.28	0.916955	3.57803
144.576	0.916957	3.57804
144.873	0.916959	3.57805
145.169	0.916961	3.57805
145.465	0.916962	3.57806
145.762	0.916964	3.57806
146.058	0.916966	3.57807
146.354	0.916968	3.57808
146.65	0.91697	3.57808
146.947	0.916972	3.57809
147.243	0.916974	3.57809
147.539	0.916976	3.5781
147.835	0.916978	3.57811
148.132	0.91698	3.57811
148.428	0.916982	3.57812
148.724	0.916984	3.57812
149.02	0.916986	3.57813
149.317	0.916988	3.57814
149.613	0.91699	3.57814
149.909	0.916992	3.57815
150.205	0.916994	3.57815
150.502	0.916996	3.57816
150.798	0.916998	3.57817
151.094	0.917	3.57817
151.39	0.917002	3.57818
151.687	0.917004	3.57818
151.983	0.917006	3.57819
152.279	0.917008	3.5782
152.575	0.91701	3.5782
152.872	0.917012	3.57821
153.168	0.917014	3.57821
153.464	0.917016	3.57822
153.76	0.917018	3.57823
154.057	0.91702	3.57823
154.353	0.917022	3.57824
154.649	0.917024	3.57824
154.945	0.917026	3.57825
155.242	0.917028	3.57826
155.538	0.91703	3.57826
155.834	0.917032	3.57827
156.131	0.917034	3.57827
156.427	0.917036	3.57828
156.723	0.917037	3.57829
157.019	0.917039	3.57829
157.316	0.917041	3.5783
157.612	0.917043	3.5783
157.908	0.917045	3.57831
158.204	0.917047	3.57832
158.501	0.917049	3.57832
158.797	0.917051	3.57833
159.093	0.917053	3.57833
159.389	0.917055	3.57834
159.686	0.917057	3.57835
159.982	0.917059	3.57835
160.278	0.917061	3.57836
160.574	0.917063	3.57836
160.871	0.917065	3.57837
161.167	0.917067	3.57838
161.463	0.917069	3.57838
161.759	0.917071	3.57839
162.056	0.917073	3.57839
162.352	0.917075	3.5784
162.648	0.917077	3.57841
162.944	0.917079	3.57841
163.241	0.917081	3.57842
163.537	0.917083	3.57842
163.833	0.917085	3.57843
164.129	0.917087	3.57843
164.426	0.917089	3.57844
164.722	0.917091	3.57845
165.018	0.917093	3.57845
165.314	0.917095	3.57846
165.611	0.917097	3.57846
165.907	0.917099	3.57847
166.203	0.9171	3.57848
166.5	0.917102	3.57848
166.796	0.917104	3.57849
167.092	0.917106	3.57849
167.388	0.917108	3.5785
167.685	0.91711	3.57851
167.981	0.917112	3.57851
168.277	0.917114	3.57852
168.573	0.917116	3.57852
168.87	0.917118	3.57853
169.166	0.91712	3.57854
169.462	0.917122	3.57854
169.758	0.917124	3.57855
170.055	0.917126	3.57855
170.351	0.917128	3.57856
170.647	0.91713	3.57857
170.943	0.917132	3.57857
171.24	0.917134	3.57858
171.536	0.917136	3.57858
171.832	0.917138	3.57859
172.128	0.91714	3.5786
172.425	0.917141	3.5786
172.721	0.917143	3.57861
173.017	0.917145	3.57861
173.313	0.917147	3.57862
173.61	0.917149	3.57863
173.906	0.917151	3.57863
174.202	0.917153	3.57864
174.498	0.917155	3.57864
174.795	0.917157	3.57865
175.091	0.917159	3.57866
175.387	0.917161	3.57866
175.683	0.917163	3.57867
175.98	0.917165	3.57867
176.276	0.917167	3.57868
176.572	0.917169	3.57869
176.869	0.917171	3.57869
177.165	0.917173	3.5787
177.461	0.917174	3.5787
177.757	0.917176	3.57871
178.054	0.917178	3.57872
178.35	0.91718	3.57872
178.646	0.917182	3.57873
178.942	0.917184	3.57873
179.239	0.917186	3.57874
179.535	0.917188	3.57875
179.831	0.91719	3.57875
180.127	0.917192	3.57876
180.424	0.917194	3.57876
180.72	0.917196	3.57877
181.016	0.917198	3.57878
181.312	0.9172	3.57878
181.609	0.917201	3.57879
181.905	0.917203	3.57879
182.201	0.917205	3.5788
182.497	0.917207	3.5788
182.794	0.917209	3.57881
183.09	0.917211	3.57882
183.386	0.917213	3.57882
183.682	0.917215	3.57883
183.979	0.917217	3.57883
184.275	0.917219	3.57884
184.571	0.917221	3.57885
184.867	0.917223	3.57885
185.164	0.917224	3.57886
185.46	0.917226	3.57886
185.756	0.917228	3.57887
186.052	0.91723	3.57888
186.349	0.917232	3.57888
186.645	0.917234	3.57889
186.941	0.917236	3.57889
187.238	0.917238	3.5789
187.534	0.91724	3.57891
187.83	0.917242	3.57891
188.126	0.917244	3.57892
188.423	0.917246	3.57892
188.719	0.917247	3.57893
189.015	0.917249	3.57894
189.311	0.917251	3.57894
189.608	0.917253	3.57895
189.904	0.917255	3.57895
190.2	0.917257	3.57896
190.496	0.917259	3.57897
190.793	0.917261	3.57897
191.089	0.917263	3.57898
191.385	0.917265	3.57898
191.681	0.917266	3.57899
191.978	0.917268	3.579
192.274	0.91727	3.579
192.57	0.917272	3.57901
192.866	0.917274	3.57901
193.163	0.917276	3.57902
193.459	0.917278	3.57903
193.755	0.91728	3.57903
194.051	0.917282	3.57904
194.348	0.917283	3.57904
194.644	0.917285	3.57905
194.94	0.917287	3.57906
195.236	0.917289	3.57906
195.533	0.917291	3.57907
195.829	0.917293	3.57907
196.125	0.917295	3.57908
196.421	0.917297	3.57909
196.718	0.917299	3.57909
197.014	0.917301	3.5791
197.31	0.917302	3.5791
197.607	0.917304	3.57911
197.903	0.917306	3.57911
198.199	0.917308	3.57912
198.495	0.91731	3.57913
198.792	0.917312	3.57913
199.088	0.917314	3.57914
199.384	0.917316	3.57914
199.68	0.917317	3.57915
199.977	0.917319	3.57916
200.273	0.917321	3.57916
200.569	0.917323	3.57917
200.865	0.917325	3.57917
201.162	0.917327	3.57918
201.458	0.917329	3.57919
201.754	0.917331	3.57919
202.05	0.917333	3.5792
202.347	0.917334	3.5792
202.643	0.917336	3.57921
202.939	0.917338	3.57922
203.235	0.91734	3.57922
203.532	0.917342	3.57923
203.828	0.917344	3.57923
204.124	0.917346	3.57924
204.42	0.917348	3.57925
204.717	0.917349	3.57925
205.013	0.917351	3.57926
205.309	0.917353	3.57926
205.605	0.917355	3.57927
205.902	0.917357	3.57928
206.198	0.917359	3.57928
206.494	0.917361	3.57929
206.79	0.917362	3.57929
207.087	0.917364	3.5793
207.383	0.917366	3.57931
207.679	0.917368	3.57931
207.976	0.91737	3.57932
208.272	0.917372	3.57932
208.568	0.917374	3.57933
208.864	0.917376	3.57934
209.161	0.917377	3.57934
209.457	0.917379	3.57935
209.753	0.917381	3.57935
210.049	0.917383	3.57936
210.346	0.917385	3.57937
210.642	0.917387	3.57937
210.938	0.917389	3.57938
211.234	0.91739	3.57938
211.531	0.917392	3.57939
211.827	0.917394	3.5794
212.123	0.917396	3.5794
212.419	0.917398	3.57941
212.716	0.9174	3.57941
213.012	0.917402	3.57942
213.308	0.917403	3.57943
213.604	0.917405	3.57943
213.901	0.917407	3.57944
214.197	0.917409	3.57944
214.493	0.917411	3.57945
214.789	0.917413	3.57945
215.086	0.917415	3.57946
215.382	0.917416	3.57947
215.678	0.917418	3.57947
215.974	0.91742	3.57948
216.271	0.917422	3.57948
216.567	0.917424	3.57949
216.863	0.917426	3.5795
217.159	0.917428	3.5795
217.456	0.917429	3.57951
217.752	0.917431	3.57951
218.048	0.917433	3.57952
218.345	0.917435	3.57953
218.641	0.917437	3.57953
218.937	0.917439	3.57954
219.233	0.91744	3.57954
219.53	0.917442	3.57955
219.826	0.917444	3.57956
220.122	0.917446	3.57956
220.418	0.917448	3.57957
220.715	0.91745	3.57957
221.011	0.917452	3.57958
221.307	0.917453	3.57959
221.603	0.917455	3.57959
221.9	0.917457	3.5796
222.196	0.917459	3.5796
222.492	0.917461	3.57961
222.788	0.917463	3.57962
223.085	0.917464	3.57962
223.381	0.917466	3.57963
223.677	0.917468	3.57963
223.973	0.91747	3.57964
224.27	0.917472	3.57965
224.566	0.917474	3.57965
224.862	0.917476	3.57966
225.158	0.917477	3.57966
225.455	0.917479	3.57967
225.751	0.917481	3.57968
226.047	0.917483	3.57968
226.343	0.917485	3.57969
226.64	0.917487	3.57969
226.936	0.917488	3.5797
227.232	0.91749	3.57971
227.528	0.917492	3.57971
227.825	0.917494	3.57972
228.121	0.917496	3.57972
228.417	0.917498	3.57973
228.714	0.917499	3.57973
229.01	0.917501	3.57974
229.306	0.917503	3.57975
229.602	0.917505	3.57975
229.899	0.917507	3.57976
230.195	0.917509	3.57976
230.491	0.91751	3.57977
230.787	0.917512	3.57978
231.084	0.917514	3.57978
231.38	0.917516	3.57979
231.676	0.917518	3.57979
231.972	0.91752	3.5798
232.269	0.917521	3.57981
232.565	0.917523	3.57981
232.861	0.917525	3.57982
233.157	0.917527	3.57982
233.454	0.917529	3.57983
233.75	0.917531	3.57984
234.046	0.917532	3.57984
234.342	0.917534	3.57985
234.639	0.917536	3.57985
234.935	0.917538	3.57986
235.231	0.91754	3.57987
235.527	0.917542	3.57987
235.824	0.917543	3.57988
236.12	0.917545	3.57988
236.416	0.917547	3.57989
236.712	0.917549	3.5799
237.009	0.917551	3.5799
237.305	0.917552	3.57991
237.601	0.917554	3.57991
237.897	0.917556	3.57992
238.194	0.917558	3.57993
238.49	0.91756	3.57993
238.786	0.917562	3.57994
239.083	0.917563	3.57994
239.379	0.917565	3.57995
239.675	0.917567	3.57996
239.971	0.917569	3.57996
240.268	0.917571	3.57997
240.564	0.917573	3.57997
240.86	0.917574	3.57998
241.156	0.917576	3.57999
241.453	0.917578	3.57999
241.749	0.91758	3.58
242.045	0.917582	3.58
242.341	0.917583	3.58001
242.638	0.917585	3.58002
242.934	0.917587	3.58002
243.23	0.917589	3.58003
243.526	0.917591	3.58003
243.823	0.917593	3.58004
244.119	0.917594	3.58004
244.415	0.917596	3.58005
244.711	0.917598	3.58006
245.008	0.9176	3.58006
245.304	0.917602	3.58007
245.6	0.917603	3.58007
245.896	0.917605	3.58008
246.193	0.917607	3.58009
246.489	0.917609	3.58009
246.785	0.917611	3.5801
247.081	0.917613	3.5801
247.378	0.917614	3.58011
247.674	0.917616	3.58012
247.97	0.917618	3.58012
248.267	0.91762	3.58013
248.563	0.917622	3.58013
248.859	0.917623	3.58014
249.155	0.917625	3.58015
249.452	0.917627	3.58015
249.748	0.917629	3.58016
250.044	0.917631	3.58016
250.34	0.917633	3.58017
250.637	0.917634	3.58018
250.933	0.917636	3.58018
251.229	0.917638	3.58019
251.525	0.91764	3.58019
251.822	0.917642	3.5802
252.118	0.917643	3.58021
252.414	0.917645	3.58021
252.71	0.917647	3.58022
253.007	0.917649	3.58022
253.303	0.917651	3.58023
253.599	0.917652	3.58024
253.895	0.917654	3.58024
254.192	0.917656	3.58025
254.488	0.917658	3.58025
254.784	0.91766	3.58026
255.08	0.917662	3.58027
255.377	0.917663	3.58027
255.673	0.917665	3.58028
255.969	0.917667	3.58028
256.265	0.917669	3.58029
256.562	0.917671	3.5803
256.858	0.917672	3.5803
257.154	0.917674	3.58031
257.45	0.917676	3.58031
257.747	0.917678	3.58032
258.043	0.91768	3.58033
258.339	0.917681	3.58033
258.636	0.917683	3.58034
258.932	0.917685	3.58034
259.228	0.917687	3.58035
259.524	0.917689	3.58035
259.821	0.91769	3.58036
260.117	0.917692	3.58037
260.413	0.917694	3.58037
260.709	0.917696	3.58038
261.006	0.917698	3.58038
261.302	0.917699	3.58039
261.598	0.917701	3.5804
261.894	0.917703	3.5804
262.191	0.917705	3.58041
262.487	0.917707	3.58041
262.783	0.917709	3.58042
263.079	0.91771	3.58043
263.376	0.917712	3.58043
263.672	0.917714	3.58044
263.968	0.917716	3.58044
264.264	0.917718	3.58045
264.561	0.917719	3.58046
264.857	0.917721	3.58046
265.153	0.917723	3.58047
265.449	0.917725	3.58047
265.746	0.917727	3.58048
266.042	0.917728	3.58049
266.338	0.91773	3.58049
266.634	0.917732	3.5805
266.931	0.917734	3.5805
267.227	0.917736	3.58051
267.523	0.917737	3.58052
267.819	0.917739	3.58052
268.116	0.917741	3.58053
268.412	0.917743	3.58053
268.708	0.917745	3.58054
269.005	0.917746	3.58055
269.301	0.917748	3.58055
269.597	0.91775	3.58056
269.893	0.917752	3.58056
270.19	0.917754	3.58057
270.486	0.917755	3.58058
270.782	0.917757	3.58058
271.078	0.917759	3.58059
271.375	0.917761	3.58059
271.671	0.917763	3.5806
271.967	0.917764	3.58061
272.263	0.917766	3.58061
272.56	0.917768	3.58062
272.856	0.91777	3.58062
273.152	0.917772	3.58063
273.448	0.917773	3.58063
273.745	0.917775	3.58064
274.041	0.917777	3.58065
274.337	0.917779	3.58065
274.633	0.917781	3.58066
274.93	0.917782	3.58066
275.226	0.917784	3.58067
275.522	0.917786	3.58068
275.818	0.917788	3.58068
276.115	0.91779	3.58069
276.411	0.917791	3.58069
276.707	0.917793	3.5807
277.003	0.917795	3.58071
277.3	0.917797	3.58071
277.596	0.917799	3.58072
277.892	0.9178	3.58072
278.188	0.917802	3.58073
278.485	0.917804	3.58074
278.781	0.917806	3.58074
279.077	0.917808	3.58075
279.374	0.917809	3.58075
279.67	0.917811	3.58076
279.966	0.917813	3.58077
280.262	0.917815	3.58077
280.559	0.917816	3.58078
280.855	0.917818	3.58078
281.151	0.91782	3.58079
281.447	0.917822	3.5808
281.744	0.917824	3.5808
282.04	0.917825	3.58081
282.336	0.917827	3.58081
282.632	0.917829	3.58082
282.929	0.917831	3.58083
283.225	0.917833	3.58083
283.521	0.917834	3.58084
283.817	0.917836	3.58084
284.114	0.917838	3.58085
284.41	0.91784	3.58086
284.706	0.917842	3.58086
285.002	0.917843	3.58087
285.299	0.917845	3.58087
285.595	0.917847	3.58088
285.891	0.917849	3.58089
286.187	0.917851	3.58089
286.484	0.917852	3.5809
286.78	0.917854	3.5809
287.076	0.917856	3.58091
287.372	0.917858	3.58091
287.669	0.91786	3.58092
287.965	0.917861	3.58093
288.261	0.917863	3.58093
288.557	0.917865	3.58094
288.854	0.917867	3.58094
289.15	0.917868	3.58095
289.446	0.91787	3.58096
289.743	0.917872	3.58096
290.039	0.917874	3.58097
290.335	0.917876	3.58097
290.631	0.917877	3.58098
290.928	0.917879	3.58099
291.224	0.917881	3.58099
291.52	0.917883	3.581
291.816	0.917885	3.581
292.113	0.917886	3.58101
292.409	0.917888	3.58102
292.705	0.91789	3.58102
293.001	0.917892	3.58103
293.298	0.917894	3.58103
293.594	0.917895	3.58104
293.89	0.917897	3.58105
294.186	0.917899	3.58105
294.483	0.917901	3.58106
294.779	0.917902	3.58106
295.075	0.917904	3.58107
295.371	0.917906	3.58108
295.668	0.917908	3.58108
295.964	0.91791	3.58109
296.26	0.917911	3.58109
296.556	0.917913	3.5811
296.853	0.917915	3.58111
297.149	0.917917	3.58111
297.445	0.917919	3.58112
297.741	0.91792	3.58112
298.038	0.917922	3.58113
298.334	0.917924	3.58114
298.63	0.917926	3.58114
298.926	0.917928	3.58115
299.223	0.917929	3.58115
299.519	0.917931	3.58116
299.815	0.917933	3.58117
300.112	0.917935	3.58117
300.408	0.917936	3.58118
300.704	0.917938	3.58118
301	0.91794	3.58119
301.297	0.917942	3.58119
301.593	0.917944	3.5812
301.889	0.917945	3.58121
302.185	0.917947	3.58121
302.482	0.917949	3.58122
302.778	0.917951	3.58122
303.074	0.917953	3.58123
303.37	0.917954	3.58124
303.667	0.917956	3.58124
303.963	0.917958	3.58125
304.259	0.91796	3.58125
304.555	0.917961	3.58126
304.852	0.917963	3.58127
305.148	0.917965	3.58127
305.444	0.917967	3.58128
305.74	0.917969	3.58128
306.037	0.91797	3.58129
306.333	0.917972	3.5813
306.629	0.917974	3.5813
306.925	0.917976	3.58131
307.222	0.917978	3.58131
307.518	0.917979	3.58132
307.814	0.917981	3.58133
308.11	0.917983	3.58133
308.407	0.917985	3.58134
308.703	0.917986	3.58134
308.999	0.917988	3.58135
309.295	0.91799	3.58136
309.592	0.917992	3.58136
309.888	0.917994	3.58137
310.184	0.917995	3.58137
310.481	0.917997	3.58138
310.777	0.917999	3.58139
311.073	0.918001	3.58139
311.369	0.918003	3.5814
311.666	0.918004	3.5814
311.962	0.918006	3.58141
312.258	0.918008	3.58142
312.554	0.91801	3.58142
312.851	0.918011	3.58143
313.147	0.918013	3.58143
313.443	0.918015	3.58144
313.739	0.918017	3.58145
314.036	0.918019	3.58145
314.332	0.91802	3.58146
314.628	0.918022	3.58146
314.924	0.918024	3.58147
315.221	0.918026	3.58147
315.517	0.918027	3.58148
315.813	0.918029	3.58149
316.109	0.918031	3.58149
316.406	0.918033	3.5815
316.702	0.918035	3.5815
316.998	0.918036	3.58151
317.294	0.918038	3.58152
317.591	0.91804	3.58152
317.887	0.918042	3.58153
318.183	0.918044	3.58153
318.479	0.918045	3.58154
318.776	0.918047	3.58155
319.072	0.918049	3.58155
319.368	0.918051	3.58156
319.664	0.918052	3.58156
319.961	0.918054	3.58157
320.257	0.918056	3.58158
320.553	0.918058	3.58158
320.85	0.91806	3.58159
321.146	0.918061	3.58159
321.442	0.918063	3.5816
321.738	0.918065	3.58161
322.035	0.918067	3.58161
322.331	0.918068	3.58162
322.627	0.91807	3.58162
322.923	0.918072	3.58163
323.22	0.918074	3.58164
323.516	0.918076	3.58164
323.812	0.918077	3.58165
324.108	0.918079	3.58165
324.405	0.918081	3.58166
324.701	0.918083	3.58167
324.997	0.918084	3.58167
325.293	0.918086	3.58168
325.59	0.918088	3.58168
325.886	0.91809	3.58169
326.182	0.918092	3.5817
326.478	0.918093	3.5817
326.775	0.918095	3.58171
327.071	0.918097	3.58171
327.367	0.918099	3.58172
327.663	0.918101	3.58173
327.96	0.918102	3.58173
328.256	0.918104	3.58174
328.552	0.918106	3.58174
328.848	0.918108	3.58175
329.145	0.918109	3.58175
329.441	0.918111	3.58176
329.737	0.918113	3.58177
330.033	0.918115	3.58177
330.33	0.918117	3.58178
330.626	0.918118	3.58178
330.922	0.91812	3.58179
331.219	0.918122	3.5818
331.515	0.918124	3.5818
331.811	0.918125	3.58181
332.107	0.918127	3.58181
332.404	0.918129	3.58182
332.7	0.918131	3.58183
332.996	0.918133	3.58183
333.292	0.918134	3.58184
333.589	0.918136	3.58184
333.885	0.918138	3.58185
334.181	0.91814	3.58186
334.477	0.918141	3.58186
334.774	0.918143	3.58187
335.07	0.918145	3.58187
335.366	0.918147	3.58188
335.662	0.918149	3.58189
335.959	0.91815	3.58189
336.255	0.918152	3.5819
336.551	0.918154	3.5819
336.847	0.918156	3.58191
337.144	0.918157	3.58192
337.44	0.918159	3.58192
337.736	0.918161	3.58193
338.032	0.918163	3.58193
338.329	0.918165	3.58194
338.625	0.918166	3.58195
338.921	0.918168	3.58195
339.217	0.91817	3.58196
339.514	0.918172	3.58196
339.81	0.918173	3.58197
340.106	0.918175	3.58198
340.402	0.918177	3.58198
340.699	0.918179	3.58199
340.995	0.918181	3.58199
341.291	0.918182	3.582
341.588	0.918184	3.58201
341.884	0.918186	3.58201
342.18	0.918188	3.58202
342.476	0.918189	3.58202
342.773	0.918191	3.58203
343.069	0.918193	3.58203
343.365	0.918195	3.58204
343.661	0.918197	3.58205
343.958	0.918198	3.58205
344.254	0.9182	3.58206
344.55	0.918202	3.58206
344.846	0.918204	3.58207
345.143	0.918205	3.58208
345.439	0.918207	3.58208
345.735	0.918209	3.58209
346.031	0.918211	3.58209
346.328	0.918213	3.5821
346.624	0.918214	3.58211
346.92	0.918216	3.58211
347.216	0.918218	3.58212
347.513	0.91822	3.58212
347.809	0.918221	3.58213
348.105	0.918223	3.58214
348.401	0.918225	3.58214
348.698	0.918227	3.58215
348.994	0.918229	3.58215
349.29	0.91823	3.58216
349.586	0.918232	3.58217
349.883	0.918234	3.58217
350.179	0.918236	3.58218
350.475	0.918237	3.58218
350.771	0.918239	3.58219
351.068	0.918241	3.5822
351.364	0.918243	3.5822
351.66	0.918244	3.58221
351.957	0.918246	3.58221
352.253	0.918248	3.58222
352.549	0.91825	3.58223
352.845	0.918252	3.58223
353.142	0.918253	3.58224
353.438	0.918255	3.58224
353.734	0.918257	3.58225
354.03	0.918259	3.58226
354.327	0.91826	3.58226
354.623	0.918262	3.58227
354.919	0.918264	3.58227
355.215	0.918266	3.58228
355.512	0.918268	3.58229
355.808	0.918269	3.58229
356.104	0.918271	3.5823
356.4	0.918273	3.5823
356.697	0.918275	3.58231
356.993	0.918276	3.58231
357.289	0.918278	3.58232
357.585	0.91828	3.58233
357.882	0.918282	3.58233
358.178	0.918284	3.58234
358.474	0.918285	3.58234
358.77	0.918287	3.58235
359.067	0.918289	3.58236
359.363	0.918291	3.58236
359.659	0.918292	3.58237
359.955	0.918294	3.58237
360.252	0.918296	3.58238
360.548	0.918298	3.58239
360.844	0.9183	3.58239
361.14	0.918301	3.5824
361.437	0.918303	3.5824
361.733	0.918305	3.58241
362.029	0.918307	3.58242
362.326	0.918308	3.58242
362.622	0.91831	3.58243
362.918	0.918312	3.58243
363.214	0.918314	3.58244
363.511	0.918315	3.58245
363.807	0.918317	3.58245
364.103	0.918319	3.58246
364.399	0.918321	3.58246
364.696	0.918323	3.58247
364.992	0.918324	3.58248
365.288	0.918326	3.58248
365.584	0.918328	3.58249
365.881	0.91833	3.58249
366.177	0.918331	3.5825
366.473	0.918333	3.58251
366.769	0.918335	3.58251
367.066	0.918337	3.58252
367.362	0.918339	3.58252
367.658	0.91834	3.58253
367.954	0.918342	3.58254
368.251	0.918344	3.58254
368.547	0.918346	3.58255
368.843	0.918347	3.58255
369.139	0.918349	3.58256
369.436	0.918351	3.58256
369.732	0.918353	3.58257
370.028	0.918354	3.58258
370.324	0.918356	3.58258
370.621	0.918358	3.58259
370.917	0.91836	3.58259
371.213	0.918362	3.5826
371.509	0.918363	3.58261
371.806	0.918365	3.58261
372.102	0.918367	3.58262
372.398	0.918369	3.58262
372.695	0.91837	3.58263
372.991	0.918372	3.58264
373.287	0.918374	3.58264
373.583	0.918376	3.58265
373.88	0.918378	3.58265
374.176	0.918379	3.58266
374.472	0.918381	3.58267
374.768	0.918383	3.58267
375.065	0.918385	3.58268
375.361	0.918386	3.58268
375.657	0.918388	3.58269
375.953	0.91839	3.5827
376.25	0.918392	3.5827
376.546	0.918393	3.58271
376.842	0.918395	3.58271
377.138	0.918397	3.58272
377.435	0.918399	3.58273
377.731	0.918401	3.58273
378.027	0.918402	3.58274
378.323	0.918404	3.58274
378.62	0.918406	3.58275
378.916	0.918408	3.58276
379.212	0.918409	3.58276
379.508	0.918411	3.58277
379.805	0.918413	3.58277
380.101	0.918415	3.58278
380.397	0.918417	3.58279
380.693	0.918418	3.58279
380.99	0.91842	3.5828
381.286	0.918422	3.5828
381.582	0.918424	3.58281
381.879	0.918425	3.58282
382.175	0.918427	3.58282
382.471	0.918429	3.58283
382.767	0.918431	3.58283
383.064	0.918432	3.58284
383.36	0.918434	3.58284
383.656	0.918436	3.58285
383.952	0.918438	3.58286
384.249	0.91844	3.58286
384.545	0.918441	3.58287
384.841	0.918443	3.58287
385.137	0.918445	3.58288
385.434	0.918447	3.58289
385.73	0.918448	3.58289
386.026	0.91845	3.5829
386.322	0.918452	3.5829
386.619	0.918454	3.58291
386.915	0.918455	3.58292
387.211	0.918457	3.58292
387.507	0.918459	3.58293
387.804	0.918461	3.58293
388.1	0.918463	3.58294
388.396	0.918464	3.58295
388.692	0.918466	3.58295
388.989	0.918468	3.58296
389.285	0.91847	3.58296
389.581	0.918471	3.58297
389.877	0.918473	3.58298
390.174	0.918475	3.58298
390.47	0.918477	3.58299
390.766	0.918478	3.58299
391.062	0.91848	3.583
391.359	0.918482	3.58301
391.655	0.918484	3.58301
391.951	0.918486	3.58302
392.248	0.918487	3.58302
392.544	0.918489	3.58303
392.84	0.918491	3.58304
393.136	0.918493	3.58304
393.433	0.918494	3.58305
393.729	0.918496	3.58305
394.025	0.918498	3.58306
394.321	0.9185	3.58307
394.618	0.918501	3.58307
394.914	0.918503	3.58308
395.21	0.918505	3.58308
395.506	0.918507	3.58309
395.803	0.918509	3.58309
396.099	0.91851	3.5831
396.395	0.918512	3.58311
396.691	0.918514	3.58311
396.988	0.918516	3.58312
397.284	0.918517	3.58312
397.58	0.918519	3.58313
397.876	0.918521	3.58314
398.173	0.918523	3.58314
398.469	0.918524	3.58315
398.765	0.918526	3.58315
399.061	0.918528	3.58316
399.358	0.91853	3.58317
399.654	0.918532	3.58317
399.95	0.918533	3.58318
400.246	0.918535	3.58318
400.543	0.918537	3.58319
400.839	0.918539	3.5832
401.135	0.91854	3.5832
401.431	0.918542	3.58321
401.728	0.918544	3.58321
402.024	0.918546	3.58322
402.32	0.918547	3.58323
402.617	0.918549	3.58323
402.913	0.918551	3.58324
403.209	0.918553	3.58324
403.505	0.918555	3.58325
403.802	0.918556	3.58326
404.098	0.918558	3.58326
404.394	0.91856	3.58327
404.69	0.918562	3.58327
404.987	0.918563	3.58328
405.283	0.918565	3.58329
405.579	0.918567	3.58329
405.875	0.918569	3.5833
406.172	0.91857	3.5833
406.468	0.918572	3.58331
406.764	0.918574	3.58332
407.06	0.918576	3.58332
407.357	0.918578	3.58333
407.653	0.918579	3.58333
407.949	0.918581	3.58334
408.245	0.918583	3.58335
408.542	0.918585	3.58335
408.838	0.918586	3.58336
409.134	0.918588	3.58336
409.43	0.91859	3.58337
409.727	0.918592	3.58337
410.023	0.918593	3.58338
410.319	0.918595	3.58339
410.615	0.918597	3.58339
410.912	0.918599	3.5834
411.208	0.918601	3.5834
411.504	0.918602	3.58341
411.8	0.918604	3.58342
412.097	0.918606	3.58342
412.393	0.918608	3.58343
412.689	0.918609	3.58343
412.986	0.918611	3.58344
413.282	0.918613	3.58345
413.578	0.918615	3.58345
413.874	0.918616	3.58346
414.171	0.918618	3.58346
414.467	0.91862	3.58347
414.763	0.918622	3.58348
415.059	0.918624	3.58348
415.356	0.918625	3.58349
415.652	0.918627	3.58349
415.948	0.918629	3.5835
416.244	0.918631	3.58351
416.541	0.918632	3.58351
416.837	0.918634	3.58352
417.133	0.918636	3.58352
417.429	0.918638	3.58353
417.726	0.918639	3.58354
418.022	0.918641	3.58354
418.318	0.918643	3.58355
418.614	0.918645	3.58355
418.911	0.918647	3.58356
419.207	0.918648	3.58357
419.503	0.91865	3.58357
419.799	0.918652	3.58358
420.096	0.918654	3.58358
420.392	0.918655	3.58359
420.688	0.918657	3.5836
420.984	0.918659	3.5836
421.281	0.918661	3.58361
421.577	0.918662	3.58361
421.873	0.918664	3.58362
422.169	0.918666	3.58362
422.466	0.918668	3.58363
422.762	0.918669	3.58364
423.058	0.918671	3.58364
423.355	0.918673	3.58365
423.651	0.918675	3.58365
423.947	0.918677	3.58366
424.243	0.918678	3.58367
424.54	0.91868	3.58367
424.836	0.918682	3.58368
425.132	0.918684	3.58368
425.428	0.918685	3.58369
425.725	0.918687	3.5837
426.021	0.918689	3.5837
426.317	0.918691	3.58371
426.613	0.918692	3.58371
426.91	0.918694	3.58372
427.206	0.918696	3.58373
427.502	0.918698	3.58373
427.798	0.9187	3.58374
428.095	0.918701	3.58374
428.391	0.918703	3.58375
428.687	0.918705	3.58376
428.983	0.918707	3.58376
429.28	0.918708	3.58377
429.576	0.91871	3.58377
429.872	0.918712	3.58378
430.168	0.918714	3.58379
430.465	0.918715	3.58379
430.761	0.918717	3.5838
431.057	0.918719	3.5838
431.353	0.918721	3.58381
431.65	0.918722	3.58382
431.946	0.918724	3.58382
432.242	0.918726	3.58383
432.538	0.918728	3.58383
432.835	0.91873	3.58384
433.131	0.918731	3.58385
433.427	0.918733	3.58385
433.724	0.918735	3.58386
434.02	0.918737	3.58386
434.316	0.918738	3.58387
434.612	0.91874	3.58387
434.909	0.918742	3.58388
435.205	0.918744	3.58389
435.501	0.918745	3.58389
435.797	0.918747	3.5839
436.094	0.918749	3.5839
436.39	0.918751	3.58391
436.686	0.918753	3.58392
436.982	0.918754	3.58392
437.279	0.918756	3.58393
437.575	0.918758	3.58393
437.871	0.91876	3.58394
438.167	0.918761	3.58395
438.464	0.918763	3.58395
438.76	0.918765	3.58396
439.056	0.918767	3.58396
439.352	0.918768	3.58397
439.649	0.91877	3.58398
439.945	0.918772	3.58398
440.241	0.918774	3.58399
440.537	0.918775	3.58399
440.834	0.918777	3.584
441.13	0.918779	3.58401
441.426	0.918781	3.58401
441.722	0.918783	3.58402
442.019	0.918784	3.58402
442.315	0.918786	3.58403
442.611	0.918788	3.58404
442.907	0.91879	3.58404
443.204	0.918791	3.58405
443.5	0.918793	3.58405
443.796	0.918795	3.58406
444.093	0.918797	3.58407
444.389	0.918798	3.58407
444.685	0.9188	3.58408
444.981	0.918802	3.58408
445.278	0.918804	3.58409
445.574	0.918805	3.5841
445.87	0.918807	3.5841
446.166	0.918809	3.58411
446.463	0.918811	3.58411
446.759	0.918813	3.58412
447.055	0.918814	3.58413
447.351	0.918816	3.58413
447.648	0.918818	3.58414
447.944	0.91882	3.58414
448.24	0.918821	3.58415
448.536	0.918823	3.58415
448.833	0.918825	3.58416
449.129	0.918827	3.58417
449.425	0.918828	3.58417
449.721	0.91883	3.58418
450.018	0.918832	3.58418
450.314	0.918834	3.58419
450.61	0.918835	3.5842
450.906	0.918837	3.5842
451.203	0.918839	3.58421
451.499	0.918841	3.58421
451.795	0.918843	3.58422
452.091	0.918844	3.58423
452.388	0.918846	3.58423
452.684	0.918848	3.58424
452.98	0.91885	3.58424
453.276	0.918851	3.58425
453.573	0.918853	3.58426
453.869	0.918855	3.58426
454.165	0.918857	3.58427
454.462	0.918858	3.58427
454.758	0.91886	3.58428
455.054	0.918862	3.58429
455.35	0.918864	3.58429
455.647	0.918865	3.5843
455.943	0.918867	3.5843
456.239	0.918869	3.58431
456.535	0.918871	3.58432
456.832	0.918873	3.58432
457.128	0.918874	3.58433
457.424	0.918876	3.58433
457.72	0.918878	3.58434
458.017	0.91888	3.58435
458.313	0.918881	3.58435
458.609	0.918883	3.58436
458.905	0.918885	3.58436
459.202	0.918887	3.58437
459.498	0.918888	3.58438
459.794	0.91889	3.58438
460.09	0.918892	3.58439
460.387	0.918894	3.58439
460.683	0.918895	3.5844
460.979	0.918897	3.5844
461.275	0.918899	3.58441
461.572	0.918901	3.58442
461.868	0.918903	3.58442
462.164	0.918904	3.58443
462.46	0.918906	3.58443
462.757	0.918908	3.58444
463.053	0.91891	3.58445
463.349	0.918911	3.58445
463.645	0.918913	3.58446
463.942	0.918915	3.58446
464.238	0.918917	3.58447
464.534	0.918918	3.58448
464.831	0.91892	3.58448
465.127	0.918922	3.58449
465.423	0.918924	3.58449
465.719	0.918925	3.5845
466.016	0.918927	3.58451
466.312	0.918929	3.58451
466.608	0.918931	3.58452
466.904	0.918933	3.58452
467.201	0.918934	3.58453
467.497	0.918936	3.58454
467.793	0.918938	3.58454
468.089	0.91894	3.58455
468.386	0.918941	3.58455
468.682	0.918943	3.58456
468.978	0.918945	3.58457
469.274	0.918947	3.58457
469.571	0.918948	3.58458
469.867	0.91895	3.58458
470.163	0.918952	3.58459
470.459	0.918954	3.5846
470.756	0.918955	3.5846
471.052	0.918957	3.58461
471.348	0.918959	3.58461
471.644	0.918961	3.58462
471.941	0.918962	3.58463
472.237	0.918964	3.58463
472.533	0.918966	3.58464
472.829	0.918968	3.58464
473.126	0.91897	3.58465
473.422	0.918971	3.58465
473.718	0.918973	3.58466
474.014	0.918975	3.58467
474.311	0.918977	3.58467
474.607	0.918978	3.58468
474.903	0.91898	3.58468
475.2	0.918982	3.58469
475.496	0.918984	3.5847
475.792	0.918985	3.5847
476.088	0.918987	3.58471
476.385	0.918989	3.58471
476.681	0.918991	3.58472
476.977	0.918992	3.58473
477.273	0.918994	3.58473
477.57	0.918996	3.58474
477.866	0.918998	3.58474
478.162	0.919	3.58475
478.458	0.919001	3.58476
478.755	0.919003	3.58476
479.051	0.919005	3.58477
479.347	0.919007	3.58477
479.643	0.919008	3.58478
479.94	0.91901	3.58479
480.236	0.919012	3.58479
480.532	0.919014	3.5848
480.828	0.919015	3.5848
481.125	0.919017	3.58481
481.421	0.919019	3.58482
481.717	0.919021	3.58482
482.013	0.919022	3.58483
482.31	0.919024	3.58483
482.606	0.919026	3.58484
482.902	0.919028	3.58485
483.198	0.919029	3.58485
483.495	0.919031	3.58486
483.791	0.919033	3.58486
484.087	0.919035	3.58487
484.383	0.919037	3.58488
484.68	0.919038	3.58488
484.976	0.91904	3.58489
485.272	0.919042	3.58489
485.569	0.919044	3.5849
485.865	0.919045	3.5849
486.161	0.919047	3.58491
486.457	0.919049	3.58492
486.754	0.919051	3.58492
487.05	0.919052	3.58493
487.346	0.919054	3.58493
487.642	0.919056	3.58494
487.939	0.919058	3.58495
488.235	0.919059	3.58495
488.531	0.919061	3.58496
488.827	0.919063	3.58496
489.124	0.919065	3.58497
489.42	0.919066	3.58498
489.716	0.919068	3.58498
490.012	0.91907	3.58499
490.309	0.919072	3.58499
490.605	0.919074	3.585
490.901	0.919075	3.58501
491.197	0.919077	3.58501
491.494	0.919079	3.58502
491.79	0.919081	3.58502
492.086	0.919082	3.58503
492.382	0.919084	3.58504
492.679	0.919086	3.58504
492.975	0.919088	3.58505
493.271	0.919089	3.58505
493.567	0.919091	3.58506
493.864	0.919093	3.58507
494.16	0.919095	3.58507
494.456	0.919096	3.58508
494.752	0.919098	3.58508
495.049	0.9191	3.58509
495.345	0.919102	3.5851
495.641	0.919103	3.5851
495.938	0.919105	3.58511
496.234	0.919107	3.58511
496.53	0.919109	3.58512
496.826	0.919111	3.58513
497.123	0.919112	3.58513
497.419	0.919114	3.58514
497.715	0.919116	3.58514
498.011	0.919118	3.58515
498.308	0.919119	3.58515
498.604	0.919121	3.58516
498.9	0.919123	3.58517
499.196	0.919125	3.58517
499.493	0.919126	3.58518
499.789	0.919128	3.58518
