0	1.00149	3.55791
0	1.00149	3.55791
1.48129	1.00889	3.5712
2.97738	1.00819	3.57148
4.45867	1.00869	3.57528
5.93996	1.009	3.57987
7.42124	1.00808	3.58326
8.90253	1.00722	3.5876
10.369	1.00576	3.59149
11.8503	1.00407	3.59561
13.3316	1.00213	3.59973
14.8129	1.00001	3.60387
16.2941	0.997776	3.60806
17.7754	0.995452	3.61226
19.2567	0.993083	3.61649
20.7528	0.990673	3.62078
22.2341	0.988294	3.62506
23.7154	0.985946	3.62936
25.1967	0.983645	3.63368
26.678	0.981406	3.63802
28.1592	0.979242	3.64238
29.6405	0.977162	3.64676
31.1218	0.975173	3.65116
32.6031	0.973283	3.65558
34.0844	0.971495	3.66001
35.5657	0.969812	3.66447
37.047	0.968237	3.66894
38.5134	0.966784	3.67338
39.9947	0.965426	3.67788
41.476	0.964177	3.6824
42.9573	0.963036	3.68694
44.4386	0.962003	3.69149
45.9199	0.961075	3.69606
47.4012	0.960252	3.70065
48.8824	0.95953	3.70525
50.3637	0.958907	3.70987
51.845	0.958382	3.7145
53.3263	0.957951	3.71916
54.8076	0.957612	3.72382
56.2889	0.957362	3.7285
57.7702	0.957199	3.7332
59.2514	0.95712	3.73792
60.7327	0.957121	3.74265
62.214	0.957202	3.74739
63.6953	0.957358	3.75216
65.1766	0.957587	3.75694
66.6579	0.957888	3.76173
68.1392	0.958256	3.76654
69.6204	0.95869	3.77137
71.1017	0.959187	3.77621
72.583	0.959745	3.78107
74.0643	0.960363	3.78595
75.5456	0.961036	3.79084
77.0269	0.961765	3.79575
78.5082	0.962546	3.80067
79.9894	0.963377	3.80561
81.4707	0.964257	3.81057
82.952	0.965184	3.81555
84.4333	0.966155	3.82054
85.9146	0.967171	3.82555
87.3959	0.968228	3.83057
88.8772	0.969325	3.83562
90.3584	0.970461	3.84068
91.8397	0.971634	3.84575
93.321	0.972843	3.85085
94.8023	0.974086	3.85596
96.2836	0.975363	3.86108
97.7649	0.976672	3.86623
99.2462	0.978012	3.87139
100.727	0.979381	3.87657
102.209	0.98078	3.88177
103.69	0.982206	3.88699
105.171	0.983659	3.89222
106.653	0.985138	3.89747
108.134	0.986642	3.90274
109.615	0.988169	3.90803
111.096	0.989721	3.91334
112.578	0.991294	3.91866
114.059	0.99289	3.92401
115.54	0.994506	3.92937
117.022	0.996143	3.93475
118.503	0.9978	3.94015
119.984	0.999475	3.94556
121.465	1.00117	3.951
122.947	1.00288	3.95645
124.428	1.00461	3.96193
125.909	1.00636	3.96742
127.391	1.00812	3.97293
128.872	1.0099	3.97846
130.353	1.0117	3.98402
131.834	1.01351	3.98959
133.316	1.01533	3.99518
134.797	1.01717	4.00079
136.278	1.01902	4.00642
137.76	1.02089	4.01206
139.241	1.02277	4.01773
140.722	1.02466	4.02342
142.203	1.02657	4.02913
143.685	1.02848	4.03486
145.166	1.03041	4.04062
146.647	1.03235	4.04639
148.129	1.03431	4.05218
149.61	1.03627	4.05799
151.091	1.03825	4.06383
152.572	1.04023	4.06968
154.054	1.04223	4.07556
155.535	1.04424	4.08145
157.016	1.04626	4.08737
158.498	1.04828	4.09331
159.979	1.05032	4.09928
161.46	1.05237	4.10526
162.941	1.05443	4.11127
164.423	1.05649	4.11729
165.904	1.05857	4.12334
167.385	1.06065	4.12942
168.867	1.06275	4.13551
170.348	1.06485	4.14163
171.829	1.06696	4.14777
173.31	1.06908	4.15393
174.792	1.07121	4.16011
176.273	1.07335	4.16632
177.754	1.0755	4.17255
179.236	1.07765	4.17881
180.717	1.07981	4.18509
182.198	1.08199	4.19139
183.679	1.08416	4.19771
185.161	1.08635	4.20406
186.642	1.08855	4.21044
188.123	1.09075	4.21684
189.605	1.09296	4.22326
191.086	1.09518	4.2297
192.567	1.0974	4.23617
194.048	1.09963	4.24267
195.53	1.10187	4.24919
197.011	1.10412	4.25574
198.492	1.10638	4.26231
199.974	1.10864	4.2689
201.455	1.11091	4.27552
202.936	1.11319	4.28217
204.417	1.11547	4.28884
205.899	1.11776	4.29554
207.38	1.12006	4.30227
208.861	1.12236	4.30902
210.343	1.12468	4.3158
211.824	1.127	4.3226
213.305	1.12932	4.32943
214.786	1.13166	4.33629
216.268	1.134	4.34318
217.749	1.13634	4.35009
219.23	1.1387	4.35703
220.712	1.14106	4.364
222.193	1.14342	4.37099
223.674	1.1458	4.37802
225.155	1.14818	4.38507
226.637	1.15056	4.39215
228.118	1.15296	4.39926
229.599	1.15536	4.40639
231.081	1.15777	4.41356
232.562	1.16018	4.42075
234.043	1.1626	4.42798
235.524	1.16502	4.43523
237.006	1.16746	4.44251
238.487	1.1699	4.44983
239.968	1.17234	4.45717
241.45	1.17479	4.46454
242.931	1.17725	4.47195
244.412	1.17971	4.47938
245.893	1.18218	4.48685
247.375	1.18466	4.49434
248.856	1.18714	4.50187
250.337	1.18963	4.50943
251.819	1.19213	4.51702
253.3	1.19463	4.52464
254.781	1.19714	4.5323
256.262	1.19965	4.53998
257.744	1.20217	4.5477
259.225	1.20469	4.55545
260.706	1.20722	4.56324
262.188	1.20976	4.57105
263.669	1.2123	4.57891
265.15	1.21485	4.58679
266.631	1.21741	4.59471
268.113	1.21997	4.60266
269.594	1.22253	4.61065
271.075	1.2251	4.61867
272.557	1.22768	4.62673
274.038	1.23026	4.63482
275.519	1.23285	4.64294
277.015	1.23547	4.65119
278.497	1.23807	4.65938
279.978	1.24068	4.66762
281.459	1.24329	4.67589
282.94	1.2459	4.68419
284.422	1.24852	4.69254
285.903	1.25115	4.70092
287.384	1.25378	4.70934
288.866	1.25642	4.71779
290.347	1.25906	4.72628
291.828	1.2617	4.73482
293.309	1.26436	4.74338
294.791	1.26701	4.75199
296.272	1.26967	4.76064
297.753	1.27234	4.76933
299.235	1.27501	4.77805
300.716	1.27769	4.78682
302.197	1.28037	4.79562
303.678	1.28305	4.80447
305.16	1.28574	4.81335
306.641	1.28844	4.82228
308.122	1.29114	4.83125
309.604	1.29384	4.84026
311.085	1.29655	4.84931
312.566	1.29926	4.85841
314.047	1.30198	4.86754
315.529	1.3047	4.87672
317.01	1.30742	4.88594
318.491	1.31015	4.89521
319.973	1.31288	4.90452
321.454	1.31561	4.91387
322.935	1.31835	4.92327
324.416	1.3211	4.93271
325.898	1.32384	4.9422
327.379	1.32659	4.95174
328.86	1.32935	4.96131
330.342	1.3321	4.97094
331.823	1.33486	4.98061
333.304	1.33763	4.99033
334.785	1.34039	5.0001
336.267	1.34316	5.00991
337.748	1.34593	5.01977
339.229	1.34871	5.02968
340.711	1.35148	5.03964
342.192	1.35426	5.04965
343.673	1.35704	5.0597
345.154	1.35983	5.06981
346.636	1.36261	5.07997
348.117	1.3654	5.09018
349.598	1.36819	5.10043
351.08	1.37098	5.11074
352.561	1.37378	5.12111
354.042	1.37657	5.13152
355.523	1.37937	5.14199
357.005	1.38217	5.15251
358.486	1.38496	5.16308
359.967	1.38776	5.17371
361.449	1.39057	5.18439
362.93	1.39337	5.19513
364.411	1.39617	5.20592
365.892	1.39897	5.21677
367.374	1.40177	5.22768
368.855	1.40458	5.23864
370.336	1.40738	5.24965
371.818	1.41018	5.26073
373.299	1.41299	5.27187
374.78	1.41579	5.28306
376.261	1.41859	5.29431
377.743	1.42139	5.30562
379.224	1.42419	5.31699
380.705	1.42699	5.32843
382.187	1.42979	5.33992
383.668	1.43258	5.35148
385.149	1.43537	5.36309
386.63	1.43817	5.37477
388.112	1.44096	5.38652
389.593	1.44374	5.39832
391.074	1.44653	5.4102
392.556	1.44931	5.42213
394.037	1.45209	5.43413
395.518	1.45487	5.4462
396.999	1.45764	5.45834
398.481	1.46041	5.47054
399.962	1.46318	5.48281
401.443	1.46594	5.49515
402.925	1.46869	5.50755
404.406	1.47145	5.52003
405.887	1.47419	5.53258
407.368	1.47694	5.54519
408.85	1.47968	5.55788
410.331	1.48241	5.57064
411.812	1.48513	5.58348
413.294	1.48786	5.59638
414.775	1.49057	5.60936
416.256	1.49328	5.62242
417.737	1.49598	5.63555
419.219	1.49867	5.64876
420.7	1.50136	5.66204
422.181	1.50404	5.6754
423.663	1.50671	5.68884
425.144	1.50937	5.70236
426.625	1.51203	5.71596
428.106	1.51467	5.72964
429.588	1.51731	5.7434
431.069	1.51994	5.75724
432.55	1.52255	5.77116
434.032	1.52516	5.78517
435.513	1.52776	5.79926
436.994	1.53034	5.81344
438.475	1.53292	5.8277
439.957	1.53548	5.84205
441.438	1.53803	5.85648
442.919	1.54057	5.87101
444.401	1.5431	5.88562
445.882	1.54561	5.90032
447.363	1.54811	5.91512
448.844	1.5506	5.93
450.326	1.55307	5.94498
451.807	1.55553	5.96005
453.288	1.55797	5.97521
454.77	1.5604	5.99047
456.251	1.56281	6.00582
457.732	1.56521	6.02128
459.213	1.56759	6.03683
460.695	1.56995	6.05247
462.176	1.5723	6.06822
463.657	1.57463	6.08407
465.139	1.57694	6.10002
466.62	1.57923	6.11607
468.101	1.5815	6.13223
469.582	1.58376	6.14849
471.064	1.58599	6.16485
472.545	1.5882	6.18133
474.026	1.59039	6.19791
475.508	1.59256	6.2146
476.989	1.59471	6.23139
478.47	1.59684	6.2483
479.951	1.59894	6.26532
481.433	1.60102	6.28246
482.914	1.60308	6.2997
484.395	1.60511	6.31707
485.877	1.60711	6.33455
487.358	1.6091	6.35214
488.839	1.61105	6.36986
490.32	1.61298	6.38769
491.802	1.61488	6.40565
493.283	1.61676	6.42372
494.764	1.6186	6.44192
496.246	1.62042	6.46025
497.727	1.62221	6.4787
499.208	1.62397	6.49728
