0	1.00149	3.55791
0	1.00149	3.55791
0.296257	1.00215	3.55904
0.592514	1.00376	3.56185
0.888772	1.0057	3.56533
1.18503	1.00741	3.56846
1.18799	1.00743	3.56848
1.48425	1.00854	3.57058
1.78051	1.00893	3.57145
2.07676	1.00864	3.57118
2.37302	1.00791	3.57018
2.66631	1.00701	3.56894
2.96257	1.00612	3.56782
3.25883	1.00542	3.56706
3.55509	1.00495	3.56677
3.85134	1.0047	3.56691
4.1476	1.00462	3.56738
4.44386	1.00459	3.56805
4.74012	1.00454	3.56869
5.03637	1.00436	3.56916
5.33263	1.00405	3.56942
5.62889	1.00362	3.56949
5.92514	1.00309	3.56945
6.2214	1.00251	3.56936
6.51766	1.00191	3.56927
6.81392	1.00131	3.56921
7.11017	1.00073	3.56923
7.40643	1.00018	3.56933
7.70269	0.999654	3.56951
7.99894	0.999124	3.56972
8.2952	0.998576	3.56992
8.59146	0.997999	3.57009
8.88772	0.997389	3.57024
9.18397	0.996749	3.57036
9.48023	0.996084	3.57046
9.77649	0.995398	3.57054
10.0727	0.994697	3.57062
10.369	0.993988	3.57071
10.6653	0.993275	3.5708
10.9615	0.99256	3.57092
11.2578	0.991843	3.57104
11.554	0.991119	3.57117
11.8503	0.990387	3.5713
12.1465	0.989646	3.57143
12.4428	0.988897	3.57155
12.7391	0.988139	3.57167
13.0353	0.987373	3.57179
13.3316	0.9866	3.5719
13.6278	0.985823	3.57201
13.9241	0.985042	3.57212
14.2203	0.984259	3.57223
14.5166	0.983474	3.57235
14.8129	0.982688	3.57247
15.1091	0.981901	3.57258
15.4054	0.981112	3.5727
15.7016	0.980323	3.57282
15.9979	0.979533	3.57293
16.2941	0.978743	3.57305
16.5904	0.977952	3.57316
16.8867	0.977162	3.57327
17.1859	0.976366	3.57339
17.4821	0.975579	3.5735
17.7784	0.974794	3.57361
18.0747	0.974011	3.57372
18.3709	0.973232	3.57383
18.6672	0.972455	3.57394
18.9634	0.971682	3.57405
19.2597	0.970913	3.57417
19.5559	0.970147	3.57427
19.8522	0.969385	3.57438
20.1485	0.968628	3.57449
20.4447	0.967876	3.5746
20.741	0.967128	3.57471
21.0372	0.966385	3.57481
21.3335	0.965648	3.57492
21.6297	0.964917	3.57503
21.926	0.964191	3.57513
22.2223	0.963471	3.57524
22.5185	0.962758	3.57534
22.8148	0.96205	3.57544
23.111	0.961349	3.57555
23.4073	0.960655	3.57565
23.7035	0.959967	3.57575
23.9998	0.959287	3.57585
24.2961	0.958613	3.57595
24.5923	0.957946	3.57605
24.8886	0.957287	3.57615
25.1848	0.956634	3.57625
25.4811	0.95599	3.57635
25.7773	0.955352	3.57645
26.0736	0.954722	3.57655
26.3699	0.9541	3.57664
26.6661	0.953485	3.57674
26.9624	0.952877	3.57683
27.2586	0.952278	3.57693
27.5549	0.951686	3.57702
27.8511	0.951102	3.57712
28.1474	0.950526	3.57721
28.4437	0.949957	3.5773
28.7399	0.949396	3.5774
29.0362	0.948843	3.57749
29.3324	0.948298	3.57758
29.6287	0.94776	3.57767
29.9249	0.947231	3.57776
30.2212	0.946709	3.57785
30.5175	0.946195	3.57794
30.8137	0.945688	3.57803
31.11	0.945189	3.57812
31.4062	0.944698	3.5782
31.7025	0.944214	3.57829
31.9987	0.943738	3.57838
32.295	0.94327	3.57846
32.5913	0.942809	3.57855
32.8875	0.942355	3.57863
33.1838	0.941909	3.57872
33.48	0.94147	3.5788
33.7763	0.941038	3.57889
34.0725	0.940614	3.57897
34.3688	0.940196	3.57905
34.6651	0.939786	3.57914
34.9613	0.939383	3.57922
35.2576	0.938987	3.5793
35.5538	0.938597	3.57938
35.8501	0.938215	3.57946
36.1463	0.937839	3.57954
36.4426	0.93747	3.57962
36.7389	0.937107	3.5797
37.0351	0.936751	3.57978
37.3314	0.936402	3.57986
37.6276	0.936059	3.57994
37.9239	0.935722	3.58002
38.2201	0.935391	3.5801
38.5164	0.935067	3.58017
38.8127	0.934749	3.58025
39.1089	0.934436	3.58033
39.4052	0.93413	3.5804
39.7014	0.933829	3.58048
39.9977	0.933534	3.58056
40.2939	0.933245	3.58063
40.5902	0.932962	3.58071
40.8865	0.932684	3.58078
41.1827	0.932411	3.58086
41.479	0.932144	3.58093
41.7752	0.931882	3.581
42.0715	0.931625	3.58108
42.3677	0.931374	3.58115
42.664	0.931127	3.58122
42.9603	0.930886	3.5813
43.2565	0.930649	3.58137
43.5528	0.930418	3.58144
43.849	0.930191	3.58151
44.1453	0.929968	3.58159
44.4415	0.929751	3.58166
44.7378	0.929537	3.58173
45.0311	0.929331	3.5818
45.3274	0.929126	3.58187
45.6236	0.928926	3.58194
45.9199	0.928731	3.58201
46.2161	0.928539	3.58208
46.5124	0.928351	3.58215
46.8086	0.928168	3.58222
47.1049	0.927988	3.58229
47.4012	0.927813	3.58236
47.6974	0.927641	3.58243
47.9937	0.927473	3.5825
48.2899	0.927308	3.58257
48.5862	0.927148	3.58263
48.8824	0.92699	3.5827
49.1787	0.926837	3.58277
49.475	0.926687	3.58284
49.7712	0.92654	3.58291
50.0675	0.926396	3.58297
50.3637	0.926256	3.58304
50.66	0.926119	3.58311
50.9562	0.925985	3.58318
51.2525	0.925854	3.58324
51.5488	0.925726	3.58331
51.845	0.925601	3.58338
52.1413	0.925479	3.58344
52.4375	0.92536	3.58351
52.7338	0.925244	3.58357
53.03	0.92513	3.58364
53.3263	0.92502	3.58371
53.6226	0.924911	3.58377
53.9188	0.924806	3.58384
54.2151	0.924703	3.5839
54.5113	0.924602	3.58397
54.8076	0.924504	3.58403
55.1038	0.924408	3.5841
55.4001	0.924315	3.58416
55.6964	0.924224	3.58423
55.9926	0.924135	3.58429
56.2889	0.924049	3.58436
56.5851	0.923964	3.58442
56.8814	0.923882	3.58449
57.1776	0.923802	3.58455
57.4739	0.923724	3.58462
57.7702	0.923648	3.58468
58.0664	0.923574	3.58474
58.3627	0.923502	3.58481
58.6589	0.923432	3.58487
58.9552	0.923363	3.58493
59.2514	0.923297	3.585
59.5477	0.923232	3.58506
59.844	0.923169	3.58512
60.1402	0.923108	3.58519
60.4365	0.923048	3.58525
60.7327	0.92299	3.58531
61.029	0.922933	3.58538
61.3252	0.922879	3.58544
61.6215	0.922825	3.5855
61.9178	0.922774	3.58557
62.214	0.922723	3.58563
62.5103	0.922675	3.58569
62.8065	0.922627	3.58575
63.1028	0.922581	3.58582
63.399	0.922537	3.58588
63.6953	0.922493	3.58594
63.9916	0.922451	3.586
64.2878	0.922411	3.58607
64.5841	0.922371	3.58613
64.8803	0.922333	3.58619
65.1766	0.922296	3.58625
65.4728	0.92226	3.58631
65.7691	0.922226	3.58638
66.0654	0.922192	3.58644
66.3616	0.92216	3.5865
66.6579	0.922128	3.58656
66.9541	0.922098	3.58662
67.2504	0.922069	3.58668
67.5466	0.92204	3.58675
67.8429	0.922013	3.58681
68.1392	0.921987	3.58687
68.4354	0.921962	3.58693
68.7317	0.921937	3.58699
69.0279	0.921914	3.58705
69.3242	0.921891	3.58711
69.6204	0.92187	3.58718
69.9167	0.921849	3.58724
70.213	0.921829	3.5873
70.5092	0.92181	3.58736
70.8055	0.921791	3.58742
71.1047	0.921774	3.58748
71.4009	0.921757	3.58754
71.6972	0.921741	3.5876
71.9935	0.921726	3.58767
72.2897	0.921711	3.58773
72.586	0.921697	3.58779
72.8822	0.921684	3.58785
73.1785	0.921672	3.58791
73.4747	0.92166	3.58797
73.771	0.921649	3.58803
74.0673	0.921638	3.58809
74.3635	0.921628	3.58815
74.6598	0.921619	3.58821
74.956	0.92161	3.58827
75.2523	0.921602	3.58833
75.5485	0.921595	3.58839
75.8448	0.921588	3.58845
76.1411	0.921581	3.58851
76.4373	0.921575	3.58858
76.7336	0.92157	3.58864
77.0298	0.921565	3.5887
77.3261	0.921561	3.58876
77.6224	0.921557	3.58882
77.9186	0.921553	3.58888
78.2149	0.92155	3.58894
78.5111	0.921548	3.589
78.8074	0.921546	3.58906
79.1036	0.921544	3.58912
79.3999	0.921543	3.58918
79.6962	0.921542	3.58924
79.9924	0.921542	3.5893
80.2887	0.921542	3.58936
80.5849	0.921543	3.58942
80.8812	0.921543	3.58948
81.1774	0.921545	3.58954
81.4737	0.921546	3.5896
81.77	0.921548	3.58966
82.0662	0.92155	3.58972
82.3625	0.921553	3.58978
82.6587	0.921556	3.58984
82.955	0.921559	3.5899
83.2512	0.921563	3.58996
83.5475	0.921567	3.59002
83.8438	0.921571	3.59008
84.14	0.921576	3.59014
84.4363	0.921581	3.5902
84.7325	0.921586	3.59026
85.0288	0.921591	3.59032
85.325	0.921597	3.59038
85.6213	0.921603	3.59044
85.9176	0.921609	3.5905
86.2138	0.921615	3.59056
86.5101	0.921622	3.59062
86.8063	0.921629	3.59068
87.1026	0.921636	3.59074
87.3988	0.921644	3.5908
87.6951	0.921652	3.59086
87.9914	0.921659	3.59092
88.2876	0.921668	3.59098
88.5839	0.921676	3.59103
88.8801	0.921684	3.59109
89.1764	0.921693	3.59115
89.4726	0.921702	3.59121
89.7689	0.921711	3.59127
90.0652	0.921721	3.59133
90.3614	0.92173	3.59139
90.6577	0.92174	3.59145
90.9539	0.92175	3.59151
91.2502	0.92176	3.59157
91.5464	0.92177	3.59163
91.8427	0.921781	3.59169
92.139	0.921791	3.59175
92.4352	0.921802	3.59181
92.7315	0.921813	3.59187
93.0277	0.921824	3.59193
93.324	0.921835	3.59199
93.6202	0.921846	3.59205
93.9165	0.921858	3.59211
94.2128	0.92187	3.59217
94.509	0.921881	3.59223
94.8053	0.921893	3.59229
95.1015	0.921905	3.59235
95.3978	0.921917	3.5924
95.694	0.92193	3.59246
95.9903	0.921942	3.59252
96.2866	0.921955	3.59258
96.5828	0.921967	3.59264
96.8791	0.92198	3.5927
97.1753	0.921993	3.59276
97.4716	0.922006	3.59282
97.7678	0.922019	3.59288
98.0641	0.922032	3.59294
98.3604	0.922046	3.593
98.6566	0.922059	3.59306
98.9529	0.922072	3.59312
99.2491	0.922086	3.59318
99.5454	0.9221	3.59324
99.8416	0.922113	3.5933
100.138	0.922127	3.59336
100.434	0.922141	3.59341
100.73	0.922155	3.59347
101.027	0.922169	3.59353
101.323	0.922184	3.59359
101.619	0.922198	3.59365
101.915	0.922212	3.59371
102.212	0.922227	3.59377
102.508	0.922241	3.59383
102.804	0.922256	3.59389
103.1	0.92227	3.59395
103.397	0.922285	3.59401
103.693	0.9223	3.59407
103.989	0.922315	3.59413
104.285	0.922329	3.59419
104.582	0.922344	3.59425
104.878	0.922359	3.5943
105.174	0.922374	3.59436
105.471	0.92239	3.59442
105.767	0.922405	3.59448
106.063	0.92242	3.59454
106.359	0.922435	3.5946
106.656	0.922451	3.59466
106.952	0.922466	3.59472
107.248	0.922482	3.59478
107.544	0.922497	3.59484
107.841	0.922513	3.5949
108.137	0.922528	3.59496
108.433	0.922544	3.59502
108.729	0.92256	3.59507
109.026	0.922575	3.59513
109.322	0.922591	3.59519
109.618	0.922607	3.59525
109.914	0.922623	3.59531
110.211	0.922639	3.59537
110.507	0.922654	3.59543
110.803	0.92267	3.59549
111.099	0.922686	3.59555
111.396	0.922702	3.59561
111.692	0.922719	3.59567
111.988	0.922735	3.59573
112.284	0.922751	3.59579
112.581	0.922767	3.59584
112.877	0.922783	3.5959
113.173	0.922799	3.59596
113.469	0.922816	3.59602
113.766	0.922832	3.59608
114.062	0.922848	3.59614
114.358	0.922865	3.5962
114.655	0.922881	3.59626
114.951	0.922897	3.59632
115.247	0.922914	3.59638
115.543	0.92293	3.59644
115.84	0.922947	3.5965
116.136	0.922963	3.59655
116.432	0.92298	3.59661
116.728	0.922996	3.59667
117.025	0.923013	3.59673
117.321	0.923029	3.59679
117.617	0.923046	3.59685
117.913	0.923063	3.59691
118.21	0.923079	3.59697
118.506	0.923096	3.59703
118.802	0.923113	3.59709
119.098	0.923129	3.59715
119.395	0.923146	3.59721
119.691	0.923163	3.59726
119.987	0.923179	3.59732
120.283	0.923196	3.59738
120.58	0.923213	3.59744
120.876	0.92323	3.5975
121.172	0.923247	3.59756
121.468	0.923263	3.59762
121.765	0.92328	3.59768
122.061	0.923297	3.59774
122.357	0.923314	3.5978
122.653	0.923331	3.59786
122.95	0.923348	3.59792
123.246	0.923365	3.59797
123.542	0.923382	3.59803
123.838	0.923398	3.59809
124.135	0.923415	3.59815
124.431	0.923432	3.59821
124.727	0.923449	3.59827
125.024	0.923466	3.59833
125.32	0.923483	3.59839
125.616	0.9235	3.59845
125.912	0.923517	3.59851
126.209	0.923534	3.59857
126.505	0.923551	3.59862
126.801	0.923568	3.59868
127.097	0.923585	3.59874
127.394	0.923602	3.5988
127.69	0.923619	3.59886
127.986	0.923636	3.59892
128.282	0.923653	3.59898
128.579	0.92367	3.59904
128.875	0.923688	3.5991
129.171	0.923705	3.59916
129.467	0.923722	3.59922
129.764	0.923739	3.59927
130.06	0.923756	3.59933
130.356	0.923773	3.59939
130.652	0.92379	3.59945
130.949	0.923807	3.59951
131.245	0.923824	3.59957
131.541	0.923841	3.59963
131.837	0.923859	3.59969
132.134	0.923876	3.59975
132.43	0.923893	3.59981
132.726	0.92391	3.59987
133.022	0.923927	3.59992
133.319	0.923944	3.59998
133.615	0.923961	3.60004
133.911	0.923978	3.6001
134.207	0.923996	3.60016
134.504	0.924013	3.60022
134.8	0.92403	3.60028
135.096	0.924047	3.60034
135.393	0.924064	3.6004
135.689	0.924081	3.60046
135.985	0.924099	3.60052
136.281	0.924116	3.60057
136.578	0.924133	3.60063
136.874	0.92415	3.60069
137.17	0.924167	3.60075
137.466	0.924184	3.60081
137.763	0.924202	3.60087
138.059	0.924219	3.60093
138.355	0.924236	3.60099
138.651	0.924253	3.60105
138.948	0.92427	3.60111
139.244	0.924288	3.60117
139.54	0.924305	3.60122
139.836	0.924322	3.60128
140.133	0.924339	3.60134
140.429	0.924356	3.6014
140.725	0.924373	3.60146
141.021	0.924391	3.60152
141.318	0.924408	3.60158
141.614	0.924425	3.60164
141.91	0.924442	3.6017
142.206	0.924459	3.60176
142.503	0.924477	3.60181
142.799	0.924494	3.60187
143.095	0.924511	3.60193
143.391	0.924528	3.60199
143.688	0.924545	3.60205
143.984	0.924562	3.60211
144.28	0.92458	3.60217
144.576	0.924597	3.60223
144.873	0.924614	3.60229
145.169	0.924631	3.60235
145.465	0.924648	3.60241
145.762	0.924666	3.60246
146.058	0.924683	3.60252
146.354	0.9247	3.60258
146.65	0.924717	3.60264
146.947	0.924734	3.6027
147.243	0.924751	3.60276
147.539	0.924769	3.60282
147.835	0.924786	3.60288
148.132	0.924803	3.60294
148.428	0.92482	3.603
148.724	0.924837	3.60305
149.02	0.924854	3.60311
149.317	0.924872	3.60317
149.613	0.924889	3.60323
149.909	0.924906	3.60329
150.205	0.924923	3.60335
150.502	0.92494	3.60341
150.798	0.924957	3.60347
151.094	0.924975	3.60353
151.39	0.924992	3.60359
151.687	0.925009	3.60364
151.983	0.925026	3.6037
152.279	0.925043	3.60376
152.575	0.92506	3.60382
152.872	0.925077	3.60388
153.168	0.925095	3.60394
153.464	0.925112	3.604
153.76	0.925129	3.60406
154.057	0.925146	3.60412
154.353	0.925163	3.60418
154.649	0.92518	3.60423
154.945	0.925197	3.60429
155.242	0.925215	3.60435
155.538	0.925232	3.60441
155.834	0.925249	3.60447
156.131	0.925266	3.60453
156.427	0.925283	3.60459
156.723	0.9253	3.60465
157.019	0.925317	3.60471
157.316	0.925334	3.60477
157.612	0.925352	3.60482
157.908	0.925369	3.60488
158.204	0.925386	3.60494
158.501	0.925403	3.605
158.797	0.92542	3.60506
159.093	0.925437	3.60512
159.389	0.925454	3.60518
159.686	0.925471	3.60524
159.982	0.925488	3.6053
160.278	0.925505	3.60536
160.574	0.925523	3.60541
160.871	0.92554	3.60547
161.167	0.925557	3.60553
161.463	0.925574	3.60559
161.759	0.925591	3.60565
162.056	0.925608	3.60571
162.352	0.925625	3.60577
162.648	0.925642	3.60583
162.944	0.925659	3.60589
163.241	0.925676	3.60595
163.537	0.925693	3.606
163.833	0.92571	3.60606
164.129	0.925727	3.60612
164.426	0.925744	3.60618
164.722	0.925761	3.60624
165.018	0.925779	3.6063
165.314	0.925796	3.60636
165.611	0.925813	3.60642
165.907	0.92583	3.60648
166.203	0.925847	3.60654
166.5	0.925864	3.60659
166.796	0.925881	3.60665
167.092	0.925898	3.60671
167.388	0.925915	3.60677
167.685	0.925932	3.60683
167.981	0.925949	3.60689
168.277	0.925966	3.60695
168.573	0.925983	3.60701
168.87	0.926	3.60707
169.166	0.926017	3.60713
169.462	0.926034	3.60718
169.758	0.926051	3.60724
170.055	0.926068	3.6073
170.351	0.926085	3.60736
170.647	0.926102	3.60742
170.943	0.926119	3.60748
171.24	0.926136	3.60754
171.536	0.926153	3.6076
171.832	0.92617	3.60766
172.128	0.926187	3.60771
172.425	0.926204	3.60777
172.721	0.926221	3.60783
173.017	0.926238	3.60789
173.313	0.926255	3.60795
173.61	0.926272	3.60801
173.906	0.926289	3.60807
174.202	0.926306	3.60813
174.498	0.926323	3.60819
174.795	0.92634	3.60825
175.091	0.926357	3.6083
175.387	0.926374	3.60836
175.683	0.926391	3.60842
175.98	0.926408	3.60848
176.276	0.926424	3.60854
176.572	0.926441	3.6086
176.869	0.926458	3.60866
177.165	0.926475	3.60872
177.461	0.926492	3.60878
177.757	0.926509	3.60884
178.054	0.926526	3.60889
178.35	0.926543	3.60895
178.646	0.92656	3.60901
178.942	0.926577	3.60907
179.239	0.926594	3.60913
179.535	0.926611	3.60919
179.831	0.926628	3.60925
180.127	0.926645	3.60931
180.424	0.926661	3.60937
180.72	0.926678	3.60942
181.016	0.926695	3.60948
181.312	0.926712	3.60954
181.609	0.926729	3.6096
181.905	0.926746	3.60966
182.201	0.926763	3.60972
182.497	0.92678	3.60978
182.794	0.926797	3.60984
183.09	0.926814	3.6099
183.386	0.92683	3.60995
183.682	0.926847	3.61001
183.979	0.926864	3.61007
184.275	0.926881	3.61013
184.571	0.926898	3.61019
184.867	0.926915	3.61025
185.164	0.926932	3.61031
185.46	0.926949	3.61037
185.756	0.926965	3.61043
186.052	0.926982	3.61049
186.349	0.926999	3.61054
186.645	0.927016	3.6106
186.941	0.927033	3.61066
187.238	0.92705	3.61072
187.534	0.927066	3.61078
187.83	0.927083	3.61084
188.126	0.9271	3.6109
188.423	0.927117	3.61096
188.719	0.927134	3.61102
189.015	0.927151	3.61107
189.311	0.927167	3.61113
189.608	0.927184	3.61119
189.904	0.927201	3.61125
190.2	0.927218	3.61131
190.496	0.927235	3.61137
190.793	0.927252	3.61143
191.089	0.927268	3.61149
191.385	0.927285	3.61155
191.681	0.927302	3.6116
191.978	0.927319	3.61166
192.274	0.927336	3.61172
192.57	0.927352	3.61178
192.866	0.927369	3.61184
193.163	0.927386	3.6119
193.459	0.927403	3.61196
193.755	0.92742	3.61202
194.051	0.927436	3.61208
194.348	0.927453	3.61214
194.644	0.92747	3.61219
194.94	0.927487	3.61225
195.236	0.927503	3.61231
195.533	0.92752	3.61237
195.829	0.927537	3.61243
196.125	0.927554	3.61249
196.421	0.927571	3.61255
196.718	0.927587	3.61261
197.014	0.927604	3.61267
197.31	0.927621	3.61272
197.607	0.927638	3.61278
197.903	0.927654	3.61284
198.199	0.927671	3.6129
198.495	0.927688	3.61296
198.792	0.927705	3.61302
199.088	0.927721	3.61308
199.384	0.927738	3.61314
199.68	0.927755	3.6132
199.977	0.927771	3.61325
200.273	0.927788	3.61331
200.569	0.927805	3.61337
200.865	0.927822	3.61343
201.162	0.927838	3.61349
201.458	0.927855	3.61355
201.754	0.927872	3.61361
202.05	0.927889	3.61367
202.347	0.927905	3.61373
202.643	0.927922	3.61378
202.939	0.927939	3.61384
203.235	0.927955	3.6139
203.532	0.927972	3.61396
203.828	0.927989	3.61402
204.124	0.928005	3.61408
204.42	0.928022	3.61414
204.717	0.928039	3.6142
205.013	0.928056	3.61426
205.309	0.928072	3.61431
205.605	0.928089	3.61437
205.902	0.928106	3.61443
206.198	0.928122	3.61449
206.494	0.928139	3.61455
206.79	0.928156	3.61461
207.087	0.928172	3.61467
207.383	0.928189	3.61473
207.679	0.928206	3.61479
207.976	0.928222	3.61484
208.272	0.928239	3.6149
208.568	0.928256	3.61496
208.864	0.928272	3.61502
209.161	0.928289	3.61508
209.457	0.928306	3.61514
209.753	0.928322	3.6152
210.049	0.928339	3.61526
210.346	0.928355	3.61532
210.642	0.928372	3.61537
210.938	0.928389	3.61543
211.234	0.928405	3.61549
211.531	0.928422	3.61555
211.827	0.928439	3.61561
212.123	0.928455	3.61567
212.419	0.928472	3.61573
212.716	0.928488	3.61579
213.012	0.928505	3.61584
213.308	0.928522	3.6159
213.604	0.928538	3.61596
213.901	0.928555	3.61602
214.197	0.928572	3.61608
214.493	0.928588	3.61614
214.789	0.928605	3.6162
215.086	0.928621	3.61626
215.382	0.928638	3.61632
215.678	0.928655	3.61637
215.974	0.928671	3.61643
216.271	0.928688	3.61649
216.567	0.928704	3.61655
216.863	0.928721	3.61661
217.159	0.928738	3.61667
217.456	0.928754	3.61673
217.752	0.928771	3.61679
218.048	0.928787	3.61685
218.345	0.928804	3.6169
218.641	0.92882	3.61696
218.937	0.928837	3.61702
219.233	0.928854	3.61708
219.53	0.92887	3.61714
219.826	0.928887	3.6172
220.122	0.928903	3.61726
220.418	0.92892	3.61732
220.715	0.928936	3.61738
221.011	0.928953	3.61743
221.307	0.928969	3.61749
221.603	0.928986	3.61755
221.9	0.929003	3.61761
222.196	0.929019	3.61767
222.492	0.929036	3.61773
222.788	0.929052	3.61779
223.085	0.929069	3.61785
223.381	0.929085	3.6179
223.677	0.929102	3.61796
223.973	0.929118	3.61802
224.27	0.929135	3.61808
224.566	0.929151	3.61814
224.862	0.929168	3.6182
225.158	0.929184	3.61826
225.455	0.929201	3.61832
225.751	0.929217	3.61838
226.047	0.929234	3.61843
226.343	0.92925	3.61849
226.64	0.929267	3.61855
226.936	0.929283	3.61861
227.232	0.9293	3.61867
227.528	0.929316	3.61873
227.825	0.929333	3.61879
228.121	0.929349	3.61885
228.417	0.929366	3.6189
228.714	0.929382	3.61896
229.01	0.929399	3.61902
229.306	0.929415	3.61908
229.602	0.929432	3.61914
229.899	0.929448	3.6192
230.195	0.929465	3.61926
230.491	0.929481	3.61932
230.787	0.929498	3.61938
231.084	0.929514	3.61943
231.38	0.929531	3.61949
231.676	0.929547	3.61955
231.972	0.929564	3.61961
232.269	0.92958	3.61967
232.565	0.929597	3.61973
232.861	0.929613	3.61979
233.157	0.929629	3.61985
233.454	0.929646	3.6199
233.75	0.929662	3.61996
234.046	0.929679	3.62002
234.342	0.929695	3.62008
234.639	0.929712	3.62014
234.935	0.929728	3.6202
235.231	0.929745	3.62026
235.527	0.929761	3.62032
235.824	0.929777	3.62038
236.12	0.929794	3.62043
236.416	0.92981	3.62049
236.712	0.929827	3.62055
237.009	0.929843	3.62061
237.305	0.92986	3.62067
237.601	0.929876	3.62073
237.897	0.929892	3.62079
238.194	0.929909	3.62085
238.49	0.929925	3.6209
238.786	0.929942	3.62096
239.083	0.929958	3.62102
239.379	0.929975	3.62108
239.675	0.929991	3.62114
239.971	0.930007	3.6212
240.268	0.930024	3.62126
240.564	0.93004	3.62132
240.86	0.930057	3.62138
241.156	0.930073	3.62143
241.453	0.930089	3.62149
241.749	0.930106	3.62155
242.045	0.930122	3.62161
242.341	0.930138	3.62167
242.638	0.930155	3.62173
242.934	0.930171	3.62179
243.23	0.930188	3.62185
243.526	0.930204	3.6219
243.823	0.93022	3.62196
244.119	0.930237	3.62202
244.415	0.930253	3.62208
244.711	0.930269	3.62214
245.008	0.930286	3.6222
245.304	0.930302	3.62226
245.6	0.930319	3.62232
245.896	0.930335	3.62237
246.193	0.930351	3.62243
246.489	0.930368	3.62249
246.785	0.930384	3.62255
247.081	0.9304	3.62261
247.378	0.930417	3.62267
247.674	0.930433	3.62273
247.97	0.930449	3.62279
248.267	0.930466	3.62285
248.563	0.930482	3.6229
248.859	0.930498	3.62296
249.155	0.930515	3.62302
249.452	0.930531	3.62308
249.748	0.930547	3.62314
250.044	0.930564	3.6232
250.34	0.93058	3.62326
250.637	0.930596	3.62332
250.933	0.930613	3.62337
251.229	0.930629	3.62343
251.525	0.930645	3.62349
251.822	0.930662	3.62355
252.118	0.930678	3.62361
252.414	0.930694	3.62367
252.71	0.93071	3.62373
253.007	0.930727	3.62379
253.303	0.930743	3.62384
253.599	0.930759	3.6239
253.895	0.930776	3.62396
254.192	0.930792	3.62402
254.488	0.930808	3.62408
254.784	0.930825	3.62414
255.08	0.930841	3.6242
255.377	0.930857	3.62426
255.673	0.930873	3.62431
255.969	0.93089	3.62437
256.265	0.930906	3.62443
256.562	0.930922	3.62449
256.858	0.930938	3.62455
257.154	0.930955	3.62461
257.45	0.930971	3.62467
257.747	0.930987	3.62473
258.043	0.931004	3.62478
258.339	0.93102	3.62484
258.636	0.931036	3.6249
258.932	0.931052	3.62496
259.228	0.931069	3.62502
259.524	0.931085	3.62508
259.821	0.931101	3.62514
260.117	0.931117	3.6252
260.413	0.931134	3.62525
260.709	0.93115	3.62531
261.006	0.931166	3.62537
261.302	0.931182	3.62543
261.598	0.931199	3.62549
261.894	0.931215	3.62555
262.191	0.931231	3.62561
262.487	0.931247	3.62567
262.783	0.931264	3.62572
263.079	0.93128	3.62578
263.376	0.931296	3.62584
263.672	0.931312	3.6259
263.968	0.931328	3.62596
264.264	0.931345	3.62602
264.561	0.931361	3.62608
264.857	0.931377	3.62614
265.153	0.931393	3.62619
265.449	0.931409	3.62625
265.746	0.931426	3.62631
266.042	0.931442	3.62637
266.338	0.931458	3.62643
266.634	0.931474	3.62649
266.931	0.931491	3.62655
267.227	0.931507	3.62661
267.523	0.931523	3.62666
267.819	0.931539	3.62672
268.116	0.931555	3.62678
268.412	0.931571	3.62684
268.708	0.931588	3.6269
269.005	0.931604	3.62696
269.301	0.93162	3.62702
269.597	0.931636	3.62708
269.893	0.931652	3.62713
270.19	0.931669	3.62719
270.486	0.931685	3.62725
270.782	0.931701	3.62731
271.078	0.931717	3.62737
271.375	0.931733	3.62743
271.671	0.931749	3.62749
271.967	0.931766	3.62755
272.263	0.931782	3.6276
272.56	0.931798	3.62766
272.856	0.931814	3.62772
273.152	0.93183	3.62778
273.448	0.931846	3.62784
273.745	0.931862	3.6279
274.041	0.931879	3.62796
274.337	0.931895	3.62802
274.633	0.931911	3.62807
274.93	0.931927	3.62813
275.226	0.931943	3.62819
275.522	0.931959	3.62825
275.818	0.931975	3.62831
276.115	0.931992	3.62837
276.411	0.932008	3.62843
276.707	0.932024	3.62849
277.003	0.93204	3.62854
277.3	0.932056	3.6286
277.596	0.932072	3.62866
277.892	0.932088	3.62872
278.188	0.932104	3.62878
278.485	0.932121	3.62884
278.781	0.932137	3.6289
279.077	0.932153	3.62896
279.374	0.932169	3.62901
279.67	0.932185	3.62907
279.966	0.932201	3.62913
280.262	0.932217	3.62919
280.559	0.932233	3.62925
280.855	0.932249	3.62931
281.151	0.932266	3.62937
281.447	0.932282	3.62943
281.744	0.932298	3.62948
282.04	0.932314	3.62954
282.336	0.93233	3.6296
282.632	0.932346	3.62966
282.929	0.932362	3.62972
283.225	0.932378	3.62978
283.521	0.932394	3.62984
283.817	0.93241	3.62989
284.114	0.932426	3.62995
284.41	0.932442	3.63001
284.706	0.932459	3.63007
285.002	0.932475	3.63013
285.299	0.932491	3.63019
285.595	0.932507	3.63025
285.891	0.932523	3.63031
286.187	0.932539	3.63036
286.484	0.932555	3.63042
286.78	0.932571	3.63048
287.076	0.932587	3.63054
287.372	0.932603	3.6306
287.669	0.932619	3.63066
287.965	0.932635	3.63072
288.261	0.932651	3.63078
288.557	0.932667	3.63083
288.854	0.932683	3.63089
289.15	0.932699	3.63095
289.446	0.932715	3.63101
289.743	0.932731	3.63107
290.039	0.932747	3.63113
290.335	0.932763	3.63119
290.631	0.93278	3.63124
290.928	0.932796	3.6313
291.224	0.932812	3.63136
291.52	0.932828	3.63142
291.816	0.932844	3.63148
292.113	0.93286	3.63154
292.409	0.932876	3.6316
292.705	0.932892	3.63166
293.001	0.932908	3.63171
293.298	0.932924	3.63177
293.594	0.93294	3.63183
293.89	0.932956	3.63189
294.186	0.932972	3.63195
294.483	0.932988	3.63201
294.779	0.933004	3.63207
295.075	0.93302	3.63213
295.371	0.933036	3.63218
295.668	0.933052	3.63224
295.964	0.933068	3.6323
296.26	0.933084	3.63236
296.556	0.9331	3.63242
296.853	0.933116	3.63248
297.149	0.933132	3.63254
297.445	0.933148	3.63259
297.741	0.933164	3.63265
298.038	0.93318	3.63271
298.334	0.933196	3.63277
298.63	0.933212	3.63283
298.926	0.933227	3.63289
299.223	0.933243	3.63295
299.519	0.933259	3.63301
299.815	0.933275	3.63306
300.112	0.933291	3.63312
300.408	0.933307	3.63318
300.704	0.933323	3.63324
301	0.933339	3.6333
301.297	0.933355	3.63336
301.593	0.933371	3.63342
301.889	0.933387	3.63347
302.185	0.933403	3.63353
302.482	0.933419	3.63359
302.778	0.933435	3.63365
303.074	0.933451	3.63371
303.37	0.933467	3.63377
303.667	0.933483	3.63383
303.963	0.933499	3.63389
304.259	0.933515	3.63394
304.555	0.933531	3.634
304.852	0.933546	3.63406
305.148	0.933562	3.63412
305.444	0.933578	3.63418
305.74	0.933594	3.63424
306.037	0.93361	3.6343
306.333	0.933626	3.63435
306.629	0.933642	3.63441
306.925	0.933658	3.63447
307.222	0.933674	3.63453
307.518	0.93369	3.63459
307.814	0.933706	3.63465
308.11	0.933722	3.63471
308.407	0.933737	3.63477
308.703	0.933753	3.63482
308.999	0.933769	3.63488
309.295	0.933785	3.63494
309.592	0.933801	3.635
309.888	0.933817	3.63506
310.184	0.933833	3.63512
310.481	0.933849	3.63518
310.777	0.933865	3.63523
311.073	0.933881	3.63529
311.369	0.933896	3.63535
311.666	0.933912	3.63541
311.962	0.933928	3.63547
312.258	0.933944	3.63553
312.554	0.93396	3.63559
312.851	0.933976	3.63565
313.147	0.933992	3.6357
313.443	0.934008	3.63576
313.739	0.934023	3.63582
314.036	0.934039	3.63588
314.332	0.934055	3.63594
314.628	0.934071	3.636
314.924	0.934087	3.63606
315.221	0.934103	3.63611
315.517	0.934119	3.63617
315.813	0.934134	3.63623
316.109	0.93415	3.63629
316.406	0.934166	3.63635
316.702	0.934182	3.63641
316.998	0.934198	3.63647
317.294	0.934214	3.63653
317.591	0.934229	3.63658
317.887	0.934245	3.63664
318.183	0.934261	3.6367
318.479	0.934277	3.63676
318.776	0.934293	3.63682
319.072	0.934309	3.63688
319.368	0.934324	3.63694
319.664	0.93434	3.63699
319.961	0.934356	3.63705
320.257	0.934372	3.63711
320.553	0.934388	3.63717
320.85	0.934404	3.63723
321.146	0.934419	3.63729
321.442	0.934435	3.63735
321.738	0.934451	3.6374
322.035	0.934467	3.63746
322.331	0.934483	3.63752
322.627	0.934498	3.63758
322.923	0.934514	3.63764
323.22	0.93453	3.6377
323.516	0.934546	3.63776
323.812	0.934562	3.63782
324.108	0.934577	3.63787
324.405	0.934593	3.63793
324.701	0.934609	3.63799
324.997	0.934625	3.63805
325.293	0.934641	3.63811
325.59	0.934656	3.63817
325.886	0.934672	3.63823
326.182	0.934688	3.63828
326.478	0.934704	3.63834
326.775	0.93472	3.6384
327.071	0.934735	3.63846
327.367	0.934751	3.63852
327.663	0.934767	3.63858
327.96	0.934783	3.63864
328.256	0.934798	3.63869
328.552	0.934814	3.63875
328.848	0.93483	3.63881
329.145	0.934846	3.63887
329.441	0.934861	3.63893
329.737	0.934877	3.63899
330.033	0.934893	3.63905
330.33	0.934909	3.6391
330.626	0.934924	3.63916
330.922	0.93494	3.63922
331.219	0.934956	3.63928
331.515	0.934972	3.63934
331.811	0.934987	3.6394
332.107	0.935003	3.63946
332.404	0.935019	3.63952
332.7	0.935035	3.63957
332.996	0.93505	3.63963
333.292	0.935066	3.63969
333.589	0.935082	3.63975
333.885	0.935098	3.63981
334.181	0.935113	3.63987
334.477	0.935129	3.63993
334.774	0.935145	3.63998
335.07	0.935161	3.64004
335.366	0.935176	3.6401
335.662	0.935192	3.64016
335.959	0.935208	3.64022
336.255	0.935223	3.64028
336.551	0.935239	3.64034
336.847	0.935255	3.64039
337.144	0.935271	3.64045
337.44	0.935286	3.64051
337.736	0.935302	3.64057
338.032	0.935318	3.64063
338.329	0.935333	3.64069
338.625	0.935349	3.64075
338.921	0.935365	3.6408
339.217	0.93538	3.64086
339.514	0.935396	3.64092
339.81	0.935412	3.64098
340.106	0.935427	3.64104
340.402	0.935443	3.6411
340.699	0.935459	3.64116
340.995	0.935475	3.64121
341.291	0.93549	3.64127
341.588	0.935506	3.64133
341.884	0.935522	3.64139
342.18	0.935537	3.64145
342.476	0.935553	3.64151
342.773	0.935569	3.64157
343.069	0.935584	3.64162
343.365	0.9356	3.64168
343.661	0.935616	3.64174
343.958	0.935631	3.6418
344.254	0.935647	3.64186
344.55	0.935663	3.64192
344.846	0.935678	3.64198
345.143	0.935694	3.64203
345.439	0.935709	3.64209
345.735	0.935725	3.64215
346.031	0.935741	3.64221
346.328	0.935756	3.64227
346.624	0.935772	3.64233
346.92	0.935788	3.64239
347.216	0.935803	3.64244
347.513	0.935819	3.6425
347.809	0.935835	3.64256
348.105	0.93585	3.64262
348.401	0.935866	3.64268
348.698	0.935882	3.64274
348.994	0.935897	3.6428
349.29	0.935913	3.64286
349.586	0.935928	3.64291
349.883	0.935944	3.64297
350.179	0.93596	3.64303
350.475	0.935975	3.64309
350.771	0.935991	3.64315
351.068	0.936006	3.64321
351.364	0.936022	3.64327
351.66	0.936038	3.64332
351.957	0.936053	3.64338
352.253	0.936069	3.64344
352.549	0.936084	3.6435
352.845	0.9361	3.64356
353.142	0.936116	3.64362
353.438	0.936131	3.64368
353.734	0.936147	3.64373
354.03	0.936162	3.64379
354.327	0.936178	3.64385
354.623	0.936194	3.64391
354.919	0.936209	3.64397
355.215	0.936225	3.64403
355.512	0.93624	3.64409
355.808	0.936256	3.64414
356.104	0.936272	3.6442
356.4	0.936287	3.64426
356.697	0.936303	3.64432
356.993	0.936318	3.64438
357.289	0.936334	3.64444
357.585	0.936349	3.6445
357.882	0.936365	3.64455
358.178	0.936381	3.64461
358.474	0.936396	3.64467
358.77	0.936412	3.64473
359.067	0.936427	3.64479
359.363	0.936443	3.64485
359.659	0.936458	3.6449
359.955	0.936474	3.64496
360.252	0.936489	3.64502
360.548	0.936505	3.64508
360.844	0.936521	3.64514
361.14	0.936536	3.6452
361.437	0.936552	3.64526
361.733	0.936567	3.64531
362.029	0.936583	3.64537
362.326	0.936598	3.64543
362.622	0.936614	3.64549
362.918	0.936629	3.64555
363.214	0.936645	3.64561
363.511	0.93666	3.64567
363.807	0.936676	3.64572
364.103	0.936691	3.64578
364.399	0.936707	3.64584
364.696	0.936722	3.6459
364.992	0.936738	3.64596
365.288	0.936754	3.64602
365.584	0.936769	3.64608
365.881	0.936785	3.64613
366.177	0.9368	3.64619
366.473	0.936816	3.64625
366.769	0.936831	3.64631
367.066	0.936847	3.64637
367.362	0.936862	3.64643
367.658	0.936878	3.64649
367.954	0.936893	3.64654
368.251	0.936909	3.6466
368.547	0.936924	3.64666
368.843	0.93694	3.64672
369.139	0.936955	3.64678
369.436	0.936971	3.64684
369.732	0.936986	3.6469
370.028	0.937002	3.64695
370.324	0.937017	3.64701
370.621	0.937032	3.64707
370.917	0.937048	3.64713
371.213	0.937063	3.64719
371.509	0.937079	3.64725
371.806	0.937094	3.64731
372.102	0.93711	3.64736
372.398	0.937125	3.64742
372.695	0.937141	3.64748
372.991	0.937156	3.64754
373.287	0.937172	3.6476
373.583	0.937187	3.64766
373.88	0.937203	3.64772
374.176	0.937218	3.64777
374.472	0.937234	3.64783
374.768	0.937249	3.64789
375.065	0.937264	3.64795
375.361	0.93728	3.64801
375.657	0.937295	3.64807
375.953	0.937311	3.64812
376.25	0.937326	3.64818
376.546	0.937342	3.64824
376.842	0.937357	3.6483
377.138	0.937373	3.64836
377.435	0.937388	3.64842
377.731	0.937403	3.64848
378.027	0.937419	3.64853
378.323	0.937434	3.64859
378.62	0.93745	3.64865
378.916	0.937465	3.64871
379.212	0.937481	3.64877
379.508	0.937496	3.64883
379.805	0.937511	3.64889
380.101	0.937527	3.64894
380.397	0.937542	3.649
380.693	0.937558	3.64906
380.99	0.937573	3.64912
381.286	0.937588	3.64918
381.582	0.937604	3.64924
381.879	0.937619	3.6493
382.175	0.937635	3.64935
382.471	0.93765	3.64941
382.767	0.937665	3.64947
383.064	0.937681	3.64953
383.36	0.937696	3.64959
383.656	0.937712	3.64965
383.952	0.937727	3.64971
384.249	0.937742	3.64976
384.545	0.937758	3.64982
384.841	0.937773	3.64988
385.137	0.937789	3.64994
385.434	0.937804	3.65
385.73	0.937819	3.65006
386.026	0.937835	3.65011
386.322	0.93785	3.65017
386.619	0.937865	3.65023
386.915	0.937881	3.65029
387.211	0.937896	3.65035
387.507	0.937912	3.65041
387.804	0.937927	3.65047
388.1	0.937942	3.65052
388.396	0.937958	3.65058
388.692	0.937973	3.65064
388.989	0.937988	3.6507
389.285	0.938004	3.65076
389.581	0.938019	3.65082
389.877	0.938034	3.65088
390.174	0.93805	3.65093
390.47	0.938065	3.65099
390.766	0.938081	3.65105
391.062	0.938096	3.65111
391.359	0.938111	3.65117
391.655	0.938127	3.65123
391.951	0.938142	3.65128
392.248	0.938157	3.65134
392.544	0.938173	3.6514
392.84	0.938188	3.65146
393.136	0.938203	3.65152
393.433	0.938219	3.65158
393.729	0.938234	3.65164
394.025	0.938249	3.65169
394.321	0.938265	3.65175
394.618	0.93828	3.65181
394.914	0.938295	3.65187
395.21	0.93831	3.65193
395.506	0.938326	3.65199
395.803	0.938341	3.65205
396.099	0.938356	3.6521
396.395	0.938372	3.65216
396.691	0.938387	3.65222
396.988	0.938402	3.65228
397.284	0.938418	3.65234
397.58	0.938433	3.6524
397.876	0.938448	3.65245
398.173	0.938464	3.65251
398.469	0.938479	3.65257
398.765	0.938494	3.65263
399.061	0.938509	3.65269
399.358	0.938525	3.65275
399.654	0.93854	3.65281
399.95	0.938555	3.65286
400.246	0.938571	3.65292
400.543	0.938586	3.65298
400.839	0.938601	3.65304
401.135	0.938616	3.6531
401.431	0.938632	3.65316
401.728	0.938647	3.65322
402.024	0.938662	3.65327
402.32	0.938677	3.65333
402.617	0.938693	3.65339
402.913	0.938708	3.65345
403.209	0.938723	3.65351
403.505	0.938739	3.65357
403.802	0.938754	3.65362
404.098	0.938769	3.65368
404.394	0.938784	3.65374
404.69	0.9388	3.6538
404.987	0.938815	3.65386
405.283	0.93883	3.65392
405.579	0.938845	3.65398
405.875	0.938861	3.65403
406.172	0.938876	3.65409
406.468	0.938891	3.65415
406.764	0.938906	3.65421
407.06	0.938922	3.65427
407.357	0.938937	3.65433
407.653	0.938952	3.65438
407.949	0.938967	3.65444
408.245	0.938982	3.6545
408.542	0.938998	3.65456
408.838	0.939013	3.65462
409.134	0.939028	3.65468
409.43	0.939043	3.65474
409.727	0.939059	3.65479
410.023	0.939074	3.65485
410.319	0.939089	3.65491
410.615	0.939104	3.65497
410.912	0.939119	3.65503
411.208	0.939135	3.65509
411.504	0.93915	3.65514
411.8	0.939165	3.6552
412.097	0.93918	3.65526
412.393	0.939195	3.65532
412.689	0.939211	3.65538
412.986	0.939226	3.65544
413.282	0.939241	3.6555
413.578	0.939256	3.65555
413.874	0.939271	3.65561
414.171	0.939287	3.65567
414.467	0.939302	3.65573
414.763	0.939317	3.65579
415.059	0.939332	3.65585
415.356	0.939347	3.6559
415.652	0.939363	3.65596
415.948	0.939378	3.65602
416.244	0.939393	3.65608
416.541	0.939408	3.65614
416.837	0.939423	3.6562
417.133	0.939438	3.65626
417.429	0.939454	3.65631
417.726	0.939469	3.65637
418.022	0.939484	3.65643
418.318	0.939499	3.65649
418.614	0.939514	3.65655
418.911	0.939529	3.65661
419.207	0.939545	3.65666
419.503	0.93956	3.65672
419.799	0.939575	3.65678
420.096	0.93959	3.65684
420.392	0.939605	3.6569
420.688	0.93962	3.65696
420.984	0.939636	3.65702
421.281	0.939651	3.65707
421.577	0.939666	3.65713
421.873	0.939681	3.65719
422.169	0.939696	3.65725
422.466	0.939711	3.65731
422.762	0.939726	3.65737
423.058	0.939742	3.65742
423.355	0.939757	3.65748
423.651	0.939772	3.65754
423.947	0.939787	3.6576
424.243	0.939802	3.65766
424.54	0.939817	3.65772
424.836	0.939832	3.65778
425.132	0.939847	3.65783
425.428	0.939862	3.65789
425.725	0.939878	3.65795
426.021	0.939893	3.65801
426.317	0.939908	3.65807
426.613	0.939923	3.65813
426.91	0.939938	3.65818
427.206	0.939953	3.65824
427.502	0.939968	3.6583
427.798	0.939983	3.65836
428.095	0.939998	3.65842
428.391	0.940014	3.65848
428.687	0.940029	3.65854
428.983	0.940044	3.65859
429.28	0.940059	3.65865
429.576	0.940074	3.65871
429.872	0.940089	3.65877
430.168	0.940104	3.65883
430.465	0.940119	3.65889
430.761	0.940134	3.65894
431.057	0.940149	3.659
431.353	0.940164	3.65906
431.65	0.94018	3.65912
431.946	0.940195	3.65918
432.242	0.94021	3.65924
432.538	0.940225	3.6593
432.835	0.94024	3.65935
433.131	0.940255	3.65941
433.427	0.94027	3.65947
433.724	0.940285	3.65953
434.02	0.9403	3.65959
434.316	0.940315	3.65965
434.612	0.94033	3.6597
434.909	0.940345	3.65976
435.205	0.94036	3.65982
435.501	0.940375	3.65988
435.797	0.94039	3.65994
436.094	0.940405	3.66
436.39	0.94042	3.66005
436.686	0.940436	3.66011
436.982	0.940451	3.66017
437.279	0.940466	3.66023
437.575	0.940481	3.66029
437.871	0.940496	3.66035
438.167	0.940511	3.66041
438.464	0.940526	3.66046
438.76	0.940541	3.66052
439.056	0.940556	3.66058
439.352	0.940571	3.66064
439.649	0.940586	3.6607
439.945	0.940601	3.66076
440.241	0.940616	3.66081
440.537	0.940631	3.66087
440.834	0.940646	3.66093
441.13	0.940661	3.66099
441.426	0.940676	3.66105
441.722	0.940691	3.66111
442.019	0.940706	3.66116
442.315	0.940721	3.66122
442.611	0.940736	3.66128
442.907	0.940751	3.66134
443.204	0.940766	3.6614
443.5	0.940781	3.66146
443.796	0.940796	3.66152
444.093	0.940811	3.66157
444.389	0.940826	3.66163
444.685	0.940841	3.66169
444.981	0.940856	3.66175
445.278	0.940871	3.66181
445.574	0.940886	3.66187
445.87	0.940901	3.66192
446.166	0.940916	3.66198
446.463	0.940931	3.66204
446.759	0.940946	3.6621
447.055	0.940961	3.66216
447.351	0.940976	3.66222
447.648	0.940991	3.66227
447.944	0.941006	3.66233
448.24	0.941021	3.66239
448.536	0.941036	3.66245
448.833	0.941051	3.66251
449.129	0.941066	3.66257
449.425	0.941081	3.66262
449.721	0.941095	3.66268
450.018	0.94111	3.66274
450.314	0.941125	3.6628
450.61	0.94114	3.66286
450.906	0.941155	3.66292
451.203	0.94117	3.66298
451.499	0.941185	3.66303
451.795	0.9412	3.66309
452.091	0.941215	3.66315
452.388	0.94123	3.66321
452.684	0.941245	3.66327
452.98	0.94126	3.66333
453.276	0.941275	3.66338
453.573	0.94129	3.66344
453.869	0.941305	3.6635
454.165	0.94132	3.66356
454.462	0.941335	3.66362
454.758	0.941349	3.66368
455.054	0.941364	3.66373
455.35	0.941379	3.66379
455.647	0.941394	3.66385
455.943	0.941409	3.66391
456.239	0.941424	3.66397
456.535	0.941439	3.66403
456.832	0.941454	3.66409
457.128	0.941469	3.66414
457.424	0.941484	3.6642
457.72	0.941499	3.66426
458.017	0.941514	3.66432
458.313	0.941528	3.66438
458.609	0.941543	3.66444
458.905	0.941558	3.66449
459.202	0.941573	3.66455
459.498	0.941588	3.66461
459.794	0.941603	3.66467
460.09	0.941618	3.66473
460.387	0.941633	3.66479
460.683	0.941648	3.66484
460.979	0.941662	3.6649
461.275	0.941677	3.66496
461.572	0.941692	3.66502
461.868	0.941707	3.66508
462.164	0.941722	3.66514
462.46	0.941737	3.66519
462.757	0.941752	3.66525
463.053	0.941767	3.66531
463.349	0.941781	3.66537
463.645	0.941796	3.66543
463.942	0.941811	3.66549
464.238	0.941826	3.66554
464.534	0.941841	3.6656
464.831	0.941856	3.66566
465.127	0.941871	3.66572
465.423	0.941885	3.66578
465.719	0.9419	3.66584
466.016	0.941915	3.6659
466.312	0.94193	3.66595
466.608	0.941945	3.66601
466.904	0.94196	3.66607
467.201	0.941975	3.66613
467.497	0.941989	3.66619
467.793	0.942004	3.66625
468.089	0.942019	3.6663
468.386	0.942034	3.66636
468.682	0.942049	3.66642
468.978	0.942064	3.66648
469.274	0.942078	3.66654
469.571	0.942093	3.6666
469.867	0.942108	3.66665
470.163	0.942123	3.66671
470.459	0.942138	3.66677
470.756	0.942153	3.66683
471.052	0.942167	3.66689
471.348	0.942182	3.66695
471.644	0.942197	3.667
471.941	0.942212	3.66706
472.237	0.942227	3.66712
472.533	0.942241	3.66718
472.829	0.942256	3.66724
473.126	0.942271	3.6673
473.422	0.942286	3.66735
473.718	0.942301	3.66741
474.014	0.942315	3.66747
474.311	0.94233	3.66753
474.607	0.942345	3.66759
474.903	0.94236	3.66765
475.2	0.942375	3.6677
475.496	0.942389	3.66776
475.792	0.942404	3.66782
476.088	0.942419	3.66788
476.385	0.942434	3.66794
476.681	0.942449	3.668
476.977	0.942463	3.66805
477.273	0.942478	3.66811
477.57	0.942493	3.66817
477.866	0.942508	3.66823
478.162	0.942522	3.66829
478.458	0.942537	3.66835
478.755	0.942552	3.66841
479.051	0.942567	3.66846
479.347	0.942582	3.66852
479.643	0.942596	3.66858
479.94	0.942611	3.66864
480.236	0.942626	3.6687
480.532	0.942641	3.66876
480.828	0.942655	3.66881
481.125	0.94267	3.66887
481.421	0.942685	3.66893
481.717	0.9427	3.66899
482.013	0.942714	3.66905
482.31	0.942729	3.66911
482.606	0.942744	3.66916
482.902	0.942759	3.66922
483.198	0.942773	3.66928
483.495	0.942788	3.66934
483.791	0.942803	3.6694
484.087	0.942817	3.66946
484.383	0.942832	3.66951
484.68	0.942847	3.66957
484.976	0.942862	3.66963
485.272	0.942876	3.66969
485.569	0.942891	3.66975
485.865	0.942906	3.66981
486.161	0.942921	3.66986
486.457	0.942935	3.66992
486.754	0.94295	3.66998
487.05	0.942965	3.67004
487.346	0.942979	3.6701
487.642	0.942994	3.67016
487.939	0.943009	3.67021
488.235	0.943024	3.67027
488.531	0.943038	3.67033
488.827	0.943053	3.67039
489.124	0.943068	3.67045
489.42	0.943082	3.67051
489.716	0.943097	3.67056
490.012	0.943112	3.67062
490.309	0.943126	3.67068
490.605	0.943141	3.67074
490.901	0.943156	3.6708
491.197	0.943171	3.67086
491.494	0.943185	3.67091
491.79	0.9432	3.67097
492.086	0.943215	3.67103
492.382	0.943229	3.67109
492.679	0.943244	3.67115
492.975	0.943259	3.67121
493.271	0.943273	3.67126
493.567	0.943288	3.67132
493.864	0.943303	3.67138
494.16	0.943317	3.67144
494.456	0.943332	3.6715
494.752	0.943347	3.67156
495.049	0.943361	3.67161
495.345	0.943376	3.67167
495.641	0.943391	3.67173
495.938	0.943405	3.67179
496.234	0.94342	3.67185
496.53	0.943435	3.67191
496.826	0.943449	3.67196
497.123	0.943464	3.67202
497.419	0.943479	3.67208
497.715	0.943493	3.67214
498.011	0.943508	3.6722
498.308	0.943522	3.67226
498.604	0.943537	3.67231
498.9	0.943552	3.67237
499.196	0.943566	3.67243
499.493	0.943581	3.67249
499.789	0.943596	3.67255
