0	1.00149	3.55791
0	1.00149	3.55791
0.331226	1.0023	3.55931
0.662451	1.00425	3.56272
0.996989	1.00655	3.56687
1.32821	1.00856	3.57054
1.65944	1.01004	3.57332
1.99067	1.01103	3.57531
2.31858	1.0118	3.57697
2.6498	1.01265	3.57886
2.98103	1.01374	3.58126
3.31226	1.0151	3.5842
3.64348	1.01665	3.58753
3.97471	1.01827	3.59104
4.30593	1.01984	3.59453
4.63716	1.02127	3.59784
4.96838	1.02253	3.60089
5.29961	1.02367	3.60376
5.63084	1.02476	3.60661
5.96206	1.02585	3.60952
6.29329	1.02697	3.61254
6.62451	1.02811	3.61563
6.95574	1.02926	3.61877
7.28696	1.03039	3.62193
7.61819	1.03147	3.62508
7.94941	1.03251	3.62817
8.28064	1.03349	3.63121
8.61187	1.03443	3.63421
8.94309	1.03534	3.63722
9.27432	1.03625	3.64025
9.60554	1.03713	3.6433
9.93677	1.03801	3.64636
10.268	1.03886	3.64942
10.5992	1.0397	3.65249
10.9304	1.04051	3.65555
11.2617	1.04129	3.65859
11.5929	1.04205	3.66163
11.9241	1.04278	3.66466
12.2553	1.0435	3.6677
12.5866	1.0442	3.67074
12.9178	1.04489	3.67378
13.249	1.04556	3.67683
13.5803	1.04622	3.67988
13.9115	1.04686	3.68292
14.2427	1.04748	3.68597
14.5739	1.04808	3.68902
14.9052	1.04867	3.69207
15.2364	1.04925	3.69511
15.5676	1.04981	3.69816
15.8988	1.05036	3.70121
16.2301	1.05089	3.70427
16.5613	1.05142	3.70732
16.8925	1.05193	3.71038
17.2237	1.05243	3.71344
17.555	1.05291	3.7165
17.8895	1.05339	3.7196
18.2207	1.05386	3.72266
18.5519	1.05431	3.72573
18.8832	1.05475	3.7288
19.2144	1.05519	3.73188
19.5456	1.05561	3.73496
19.8768	1.05603	3.73804
20.2081	1.05643	3.74112
20.5393	1.05683	3.74421
20.8705	1.05722	3.7473
21.2018	1.0576	3.75039
21.533	1.05797	3.75349
21.8642	1.05833	3.75659
22.1954	1.05869	3.7597
22.5267	1.05904	3.7628
22.8579	1.05938	3.76592
23.1891	1.05972	3.76903
23.5203	1.06004	3.77215
23.8516	1.06037	3.77528
24.1828	1.06068	3.77841
24.514	1.06099	3.78154
24.8452	1.0613	3.78468
25.1765	1.0616	3.78782
25.5077	1.06189	3.79097
25.8389	1.06218	3.79412
26.1701	1.06246	3.79728
26.5014	1.06274	3.80044
26.8326	1.06302	3.8036
27.1638	1.06329	3.80677
27.495	1.06355	3.80995
27.8263	1.06381	3.81313
28.1575	1.06407	3.81632
28.4887	1.06432	3.81951
28.8199	1.06457	3.8227
29.1512	1.06482	3.8259
29.4824	1.06506	3.82911
29.8136	1.0653	3.83232
30.1448	1.06553	3.83554
30.4761	1.06576	3.83876
30.8073	1.06599	3.84199
31.1385	1.06622	3.84522
31.4697	1.06644	3.84846
31.801	1.06666	3.8517
32.1322	1.06688	3.85495
32.4634	1.06709	3.85821
32.7946	1.06731	3.86147
33.1259	1.06752	3.86474
33.4571	1.06772	3.86801
33.7883	1.06793	3.87129
34.1196	1.06813	3.87457
34.4508	1.06833	3.87786
34.782	1.06853	3.88116
35.1132	1.06873	3.88446
35.4445	1.06892	3.88777
35.7757	1.06912	3.89109
36.1069	1.06931	3.89441
36.4381	1.0695	3.89773
36.7694	1.06969	3.90107
37.1006	1.06987	3.90441
37.4318	1.07006	3.90775
37.763	1.07024	3.9111
38.0943	1.07042	3.91446
38.4255	1.07061	3.91783
38.7567	1.07078	3.9212
39.0879	1.07096	3.92458
39.4192	1.07114	3.92796
39.7504	1.07131	3.93135
40.0816	1.07149	3.93475
40.4128	1.07166	3.93815
40.7441	1.07183	3.94156
41.0753	1.072	3.94498
41.4065	1.07217	3.9484
41.7377	1.07234	3.95183
42.069	1.07251	3.95527
42.4002	1.07267	3.95871
42.7314	1.07284	3.96216
43.0626	1.073	3.96562
43.3939	1.07316	3.96908
43.7251	1.07333	3.97255
44.0563	1.07349	3.97603
44.3875	1.07365	3.97952
44.7188	1.07381	3.98301
45.05	1.07396	3.98651
45.3812	1.07412	3.99001
45.7124	1.07428	3.99353
46.0437	1.07443	3.99705
46.3749	1.07459	4.00057
46.7061	1.07474	4.00411
47.0374	1.07489	4.00765
47.3686	1.07504	4.0112
47.6998	1.07519	4.01476
48.031	1.07534	4.01832
48.3623	1.07549	4.02189
48.6935	1.07564	4.02547
49.0247	1.07579	4.02905
49.3559	1.07593	4.03265
49.6872	1.07608	4.03625
50.0184	1.07622	4.03986
50.3496	1.07636	4.04347
50.6808	1.07651	4.0471
51.0121	1.07665	4.05073
51.3433	1.07679	4.05437
51.6745	1.07693	4.05801
52.0057	1.07707	4.06167
52.337	1.0772	4.06533
52.6682	1.07734	4.069
52.9994	1.07748	4.07268
53.3306	1.07761	4.07637
53.6619	1.07775	4.08006
53.9931	1.07788	4.08376
54.3243	1.07801	4.08747
54.6555	1.07814	4.09119
54.9868	1.07827	4.09492
55.318	1.0784	4.09865
55.6492	1.07853	4.10239
55.9804	1.07866	4.10615
56.3117	1.07878	4.1099
56.6429	1.07891	4.11367
56.9741	1.07903	4.11745
57.3053	1.07915	4.12123
57.6366	1.07928	4.12503
57.9678	1.0794	4.12883
58.299	1.07952	4.13264
58.6302	1.07964	4.13646
58.9615	1.07975	4.14028
59.2927	1.07987	4.14412
59.6239	1.07999	4.14796
59.9552	1.0801	4.15182
60.2864	1.08021	4.15568
60.6176	1.08033	4.15955
60.9488	1.08044	4.16343
61.2801	1.08055	4.16732
61.6113	1.08065	4.17122
61.9425	1.08076	4.17513
62.2737	1.08087	4.17904
62.605	1.08097	4.18297
62.9362	1.08108	4.1869
63.2674	1.08118	4.19085
63.5986	1.08128	4.1948
63.9299	1.08138	4.19876
64.2611	1.08148	4.20274
64.5923	1.08158	4.20672
64.9235	1.08168	4.21071
65.2548	1.08177	4.21471
65.586	1.08187	4.21872
65.9172	1.08196	4.22274
66.2484	1.08205	4.22677
66.5797	1.08214	4.23081
66.9109	1.08223	4.23486
67.2421	1.08232	4.23892
67.5733	1.08241	4.24299
67.9046	1.0825	4.24707
68.2358	1.08258	4.25115
68.567	1.08266	4.25525
68.8982	1.08274	4.25936
69.2295	1.08283	4.26348
69.5607	1.0829	4.26761
69.8919	1.08298	4.27175
70.2231	1.08306	4.2759
70.5544	1.08313	4.28006
70.8856	1.08321	4.28423
71.2168	1.08328	4.28841
71.548	1.08335	4.29261
71.8793	1.08342	4.29681
72.2105	1.08349	4.30102
72.5417	1.08356	4.30525
72.8729	1.08363	4.30948
73.2042	1.08369	4.31373
73.5354	1.08375	4.31798
73.8666	1.08382	4.32225
74.1979	1.08388	4.32653
74.5291	1.08394	4.33082
74.8603	1.08399	4.33512
75.1915	1.08405	4.33943
75.5228	1.08411	4.34376
75.854	1.08416	4.34809
76.1852	1.08421	4.35244
76.5164	1.08427	4.35679
76.8477	1.08432	4.36116
77.1789	1.08436	4.36554
77.5068	1.08441	4.36989
77.838	1.08446	4.37429
78.1692	1.0845	4.37871
78.5005	1.08454	4.38313
78.8317	1.08459	4.38757
79.1629	1.08463	4.39202
79.4941	1.08467	4.39648
79.8254	1.0847	4.40096
80.1566	1.08474	4.40544
80.4878	1.08478	4.40994
80.8191	1.08481	4.41445
81.1503	1.08484	4.41897
81.4815	1.08487	4.42351
81.8127	1.0849	4.42805
82.144	1.08493	4.43261
82.4752	1.08496	4.43718
82.8064	1.08498	4.44177
83.1376	1.08501	4.44636
83.4689	1.08503	4.45097
83.8001	1.08505	4.45559
84.1313	1.08507	4.46023
84.4625	1.08509	4.46488
84.7938	1.08511	4.46954
85.125	1.08513	4.47421
85.4562	1.08514	4.4789
85.7874	1.08515	4.48359
86.1187	1.08517	4.48831
86.4499	1.08518	4.49303
86.7811	1.08519	4.49777
87.1123	1.0852	4.50252
87.4436	1.0852	4.50728
87.7748	1.08521	4.51206
88.106	1.08521	4.51685
88.4372	1.08522	4.52166
88.7685	1.08522	4.52648
89.0997	1.08522	4.53131
89.4309	1.08522	4.53615
89.7621	1.08521	4.54101
90.0934	1.08521	4.54589
90.4246	1.08521	4.55077
90.7558	1.0852	4.55567
91.087	1.08519	4.56059
91.4183	1.08518	4.56552
91.7495	1.08517	4.57046
92.0807	1.08516	4.57542
92.4119	1.08515	4.58039
92.7432	1.08514	4.58537
93.0744	1.08512	4.59037
93.4056	1.0851	4.59539
93.7369	1.08509	4.60041
94.0681	1.08507	4.60546
94.3993	1.08505	4.61051
94.7305	1.08503	4.61559
95.0618	1.085	4.62067
95.393	1.08498	4.62577
95.7242	1.08495	4.63089
96.0554	1.08493	4.63602
96.3867	1.0849	4.64116
96.7179	1.08487	4.64632
97.0491	1.08484	4.6515
97.3803	1.08481	4.65669
97.7116	1.08478	4.6619
98.0428	1.08474	4.66712
98.374	1.08471	4.67235
98.7052	1.08467	4.6776
99.0365	1.08464	4.68287
99.3677	1.0846	4.68815
99.6989	1.08456	4.69345
100.03	1.08452	4.69876
100.361	1.08447	4.70409
100.693	1.08443	4.70943
101.024	1.08439	4.71479
101.355	1.08434	4.72016
101.686	1.08429	4.72556
102.017	1.08425	4.73096
102.349	1.0842	4.73638
102.68	1.08415	4.74182
103.011	1.08409	4.74728
103.342	1.08404	4.75275
103.674	1.08399	4.75823
104.005	1.08393	4.76374
104.336	1.08388	4.76926
104.667	1.08382	4.77479
104.999	1.08376	4.78034
105.33	1.0837	4.78591
105.661	1.08364	4.79149
105.992	1.08358	4.79709
106.323	1.08352	4.80271
106.655	1.08345	4.80835
106.986	1.08339	4.814
107.317	1.08332	4.81966
107.648	1.08325	4.82535
107.98	1.08318	4.83105
108.311	1.08311	4.83676
108.642	1.08304	4.8425
108.973	1.08297	4.84825
109.304	1.0829	4.85402
109.636	1.08282	4.8598
109.967	1.08275	4.86561
110.298	1.08267	4.87143
110.629	1.0826	4.87726
110.961	1.08252	4.88312
111.292	1.08244	4.88899
111.623	1.08236	4.89488
111.954	1.08228	4.90079
112.285	1.08219	4.90671
112.617	1.08211	4.91265
112.948	1.08203	4.91861
113.279	1.08194	4.92459
113.61	1.08185	4.93058
113.942	1.08177	4.93659
114.273	1.08168	4.94262
114.604	1.08159	4.94867
114.935	1.0815	4.95474
115.267	1.08141	4.96082
115.598	1.08131	4.96692
115.929	1.08122	4.97304
116.26	1.08112	4.97918
116.591	1.08103	4.98533
116.923	1.08093	4.99151
117.254	1.08083	4.9977
117.585	1.08074	5.00391
117.916	1.08064	5.01014
118.248	1.08054	5.01639
118.579	1.08043	5.02265
118.91	1.08033	5.02894
119.241	1.08023	5.03524
119.572	1.08012	5.04156
119.904	1.08002	5.0479
120.235	1.07991	5.05426
120.566	1.0798	5.06063
120.897	1.0797	5.06703
121.229	1.07959	5.07344
121.56	1.07948	5.07988
121.891	1.07937	5.08633
122.222	1.07925	5.0928
122.553	1.07914	5.09929
122.885	1.07903	5.1058
123.216	1.07891	5.11233
123.547	1.0788	5.11887
123.878	1.07868	5.12544
124.21	1.07856	5.13203
124.541	1.07845	5.13863
124.872	1.07833	5.14525
125.203	1.07821	5.1519
125.535	1.07809	5.15856
125.866	1.07797	5.16524
126.197	1.07784	5.17194
126.528	1.07772	5.17866
126.859	1.0776	5.1854
127.191	1.07747	5.19216
127.522	1.07734	5.19894
127.853	1.07722	5.20574
128.184	1.07709	5.21256
128.516	1.07696	5.2194
128.847	1.07683	5.22625
129.178	1.0767	5.23313
129.509	1.07657	5.24003
129.84	1.07644	5.24694
130.172	1.07631	5.25388
130.503	1.07618	5.26084
130.834	1.07604	5.26781
131.165	1.07591	5.27481
131.497	1.07577	5.28183
131.828	1.07564	5.28886
132.159	1.0755	5.29592
132.49	1.07536	5.30299
132.821	1.07522	5.31009
133.153	1.07508	5.31721
133.484	1.07494	5.32434
133.815	1.0748	5.3315
134.146	1.07466	5.33868
134.478	1.07452	5.34587
134.809	1.07438	5.35309
135.14	1.07423	5.36033
135.471	1.07409	5.36759
135.803	1.07395	5.37487
136.134	1.0738	5.38216
136.465	1.07365	5.38948
136.796	1.07351	5.39682
137.127	1.07336	5.40418
137.459	1.07321	5.41156
137.79	1.07306	5.41896
138.121	1.07291	5.42639
138.452	1.07276	5.43383
138.784	1.07261	5.44129
139.115	1.07246	5.44877
139.446	1.07231	5.45628
139.777	1.07216	5.4638
140.108	1.072	5.47134
140.44	1.07185	5.47891
140.771	1.0717	5.48649
141.102	1.07154	5.4941
141.433	1.07139	5.50173
141.765	1.07123	5.50938
142.096	1.07107	5.51704
142.427	1.07092	5.52473
142.758	1.07076	5.53244
143.089	1.0706	5.54017
143.421	1.07044	5.54793
143.752	1.07028	5.5557
144.083	1.07012	5.56349
144.414	1.06996	5.5713
144.746	1.0698	5.57914
145.077	1.06964	5.58699
145.408	1.06948	5.59487
145.739	1.06932	5.60277
146.071	1.06915	5.61069
146.402	1.06899	5.61862
146.733	1.06883	5.62658
147.064	1.06866	5.63456
147.395	1.0685	5.64257
147.727	1.06833	5.65059
148.058	1.06817	5.65863
148.389	1.068	5.66669
148.72	1.06784	5.67478
149.052	1.06767	5.68288
149.383	1.0675	5.69101
149.714	1.06733	5.69916
150.045	1.06717	5.70733
150.376	1.067	5.71551
150.708	1.06683	5.72372
151.039	1.06666	5.73195
151.37	1.06649	5.74021
151.701	1.06632	5.74848
152.033	1.06615	5.75677
152.364	1.06598	5.76508
152.695	1.06581	5.77342
153.026	1.06564	5.78178
153.357	1.06547	5.79015
153.689	1.0653	5.79855
154.02	1.06512	5.80697
154.351	1.06495	5.81541
154.682	1.06478	5.82386
155.014	1.06461	5.83234
155.345	1.06443	5.84085
155.676	1.06426	5.84937
156.007	1.06409	5.85791
156.338	1.06391	5.86647
156.67	1.06374	5.87506
157.001	1.06357	5.88366
157.332	1.06339	5.89229
157.663	1.06322	5.90093
157.995	1.06304	5.9096
158.326	1.06287	5.91829
158.657	1.06269	5.92699
158.988	1.06252	5.93572
159.32	1.06234	5.94447
159.651	1.06217	5.95324
159.982	1.06199	5.96203
160.317	1.06181	5.97093
160.648	1.06164	5.97976
160.979	1.06146	5.98861
161.31	1.06128	5.99748
161.641	1.06111	6.00637
161.973	1.06093	6.01528
162.304	1.06076	6.02422
162.635	1.06058	6.03317
162.966	1.0604	6.04214
163.298	1.06023	6.05113
163.629	1.06005	6.06015
163.96	1.05987	6.06918
164.291	1.0597	6.07824
164.622	1.05952	6.08731
164.954	1.05934	6.0964
165.285	1.05916	6.10552
165.616	1.05899	6.11465
165.947	1.05881	6.1238
166.279	1.05863	6.13298
166.61	1.05846	6.14217
166.941	1.05828	6.15138
167.272	1.0581	6.16062
167.603	1.05793	6.16987
167.935	1.05775	6.17914
168.266	1.05757	6.18844
168.597	1.0574	6.19775
168.928	1.05722	6.20708
169.26	1.05704	6.21643
169.591	1.05687	6.2258
169.922	1.05669	6.23519
170.253	1.05651	6.2446
170.585	1.05634	6.25403
170.916	1.05616	6.26348
171.247	1.05599	6.27294
171.578	1.05581	6.28243
171.909	1.05564	6.29194
172.241	1.05546	6.30146
172.572	1.05528	6.31101
172.903	1.05511	6.32057
173.234	1.05493	6.33015
173.566	1.05476	6.33975
173.897	1.05459	6.34937
174.228	1.05441	6.35901
174.559	1.05424	6.36867
174.89	1.05406	6.37834
175.222	1.05389	6.38804
175.553	1.05372	6.39775
175.884	1.05354	6.40749
176.215	1.05337	6.41724
176.547	1.0532	6.427
176.878	1.05302	6.43679
177.209	1.05285	6.4466
177.54	1.05268	6.45642
177.871	1.05251	6.46626
178.203	1.05234	6.47612
178.534	1.05216	6.486
178.865	1.05199	6.4959
179.196	1.05182	6.50581
179.528	1.05165	6.51575
179.859	1.05148	6.5257
180.19	1.05131	6.53567
180.521	1.05114	6.54565
180.853	1.05097	6.55566
181.184	1.05081	6.56568
181.515	1.05064	6.57571
181.846	1.05047	6.58577
182.177	1.0503	6.59584
182.509	1.05013	6.60594
182.84	1.04997	6.61604
183.171	1.0498	6.62617
183.502	1.04963	6.63631
183.834	1.04947	6.64647
184.165	1.0493	6.65665
184.496	1.04914	6.66684
184.827	1.04897	6.67705
185.158	1.04881	6.68728
185.49	1.04864	6.69753
185.821	1.04848	6.70779
186.152	1.04832	6.71806
186.483	1.04815	6.72836
186.815	1.04799	6.73867
187.146	1.04783	6.749
187.477	1.04767	6.75934
187.808	1.04751	6.7697
188.139	1.04735	6.78007
188.471	1.04719	6.79047
188.802	1.04703	6.80087
189.133	1.04687	6.8113
189.464	1.04671	6.82174
189.796	1.04655	6.83219
190.127	1.04639	6.84267
190.458	1.04623	6.85315
190.789	1.04608	6.86366
191.12	1.04592	6.87417
191.452	1.04576	6.88471
191.783	1.04561	6.89526
192.114	1.04545	6.90582
192.445	1.0453	6.9164
192.777	1.04514	6.927
193.108	1.04499	6.93761
193.439	1.04484	6.94823
193.77	1.04468	6.95887
194.102	1.04453	6.96953
194.433	1.04438	6.9802
194.764	1.04423	6.99088
195.095	1.04408	7.00158
195.426	1.04393	7.0123
195.758	1.04378	7.02302
196.089	1.04363	7.03377
196.42	1.04348	7.04452
196.751	1.04333	7.0553
197.083	1.04318	7.06608
197.414	1.04304	7.07688
197.745	1.04289	7.0877
198.076	1.04274	7.09853
198.407	1.0426	7.10937
198.739	1.04245	7.12022
199.07	1.04231	7.13109
199.401	1.04216	7.14198
199.732	1.04202	7.15287
200.064	1.04188	7.16378
200.395	1.04173	7.17471
200.726	1.04159	7.18565
201.057	1.04145	7.1966
201.388	1.04131	7.20756
201.72	1.04117	7.21854
202.051	1.04103	7.22953
202.382	1.04089	7.24053
202.713	1.04075	7.25155
203.045	1.04061	7.26258
203.376	1.04048	7.27362
203.707	1.04034	7.28468
204.038	1.0402	7.29574
204.37	1.04007	7.30682
204.701	1.03993	7.31792
205.032	1.0398	7.32902
205.363	1.03966	7.34014
205.694	1.03953	7.35127
206.026	1.0394	7.36241
206.357	1.03926	7.37356
206.688	1.03913	7.38473
207.019	1.039	7.39591
207.351	1.03887	7.4071
207.682	1.03874	7.4183
208.013	1.03861	7.42952
208.344	1.03848	7.44074
208.675	1.03835	7.45198
209.007	1.03822	7.46323
209.338	1.03809	7.47449
209.669	1.03797	7.48576
210	1.03784	7.49704
210.332	1.03771	7.50834
210.663	1.03759	7.51964
210.994	1.03746	7.53096
211.325	1.03734	7.54229
211.656	1.03722	7.55363
211.988	1.03709	7.56498
212.319	1.03697	7.57634
212.65	1.03685	7.58771
212.981	1.03673	7.59909
213.313	1.0366	7.61049
213.644	1.03648	7.62189
213.975	1.03636	7.6333
214.306	1.03624	7.64473
214.638	1.03613	7.65616
214.969	1.03601	7.66761
215.3	1.03589	7.67907
215.631	1.03577	7.69053
215.962	1.03565	7.70201
216.294	1.03554	7.71349
216.625	1.03542	7.72499
216.956	1.03531	7.7365
217.287	1.03519	7.74801
217.619	1.03508	7.75954
217.95	1.03496	7.77107
218.281	1.03485	7.78262
218.612	1.03474	7.79417
218.943	1.03463	7.80574
219.275	1.03452	7.81731
219.606	1.0344	7.8289
219.937	1.03429	7.84049
220.268	1.03418	7.85209
220.6	1.03407	7.8637
220.931	1.03397	7.87532
221.262	1.03386	7.88695
221.593	1.03375	7.89859
221.924	1.03364	7.91024
222.256	1.03353	7.9219
222.587	1.03343	7.93356
222.918	1.03332	7.94523
223.249	1.03322	7.95692
223.581	1.03311	7.96861
223.912	1.03301	7.98031
224.243	1.0329	7.99202
224.574	1.0328	8.00374
224.906	1.0327	8.01546
225.237	1.03259	8.0272
225.568	1.03249	8.03894
225.899	1.03239	8.05069
226.23	1.03229	8.06245
226.562	1.03219	8.07422
226.893	1.03209	8.08599
227.224	1.03199	8.09777
227.555	1.03189	8.10957
227.887	1.03179	8.12137
228.218	1.03169	8.13317
228.549	1.0316	8.14499
228.88	1.0315	8.15681
229.211	1.0314	8.16864
229.543	1.03131	8.18048
229.874	1.03121	8.19233
230.205	1.03112	8.20418
230.536	1.03102	8.21604
230.868	1.03093	8.22791
231.199	1.03083	8.23979
231.53	1.03074	8.25167
231.861	1.03065	8.26356
232.192	1.03055	8.27546
232.524	1.03046	8.28736
232.855	1.03037	8.29927
233.186	1.03028	8.31119
233.517	1.03019	8.32312
233.849	1.0301	8.33505
234.18	1.03001	8.34699
234.511	1.02992	8.35894
234.842	1.02983	8.37089
235.174	1.02974	8.38286
235.505	1.02965	8.39482
235.836	1.02957	8.4068
236.167	1.02948	8.41878
236.498	1.02939	8.43077
236.83	1.0293	8.44276
237.161	1.02922	8.45476
237.492	1.02913	8.46677
237.823	1.02905	8.47878
238.155	1.02896	8.4908
238.486	1.02888	8.50283
238.817	1.02879	8.51486
239.148	1.02871	8.5269
239.479	1.02863	8.53895
239.811	1.02854	8.551
240.142	1.02846	8.56306
240.473	1.02838	8.57512
240.804	1.0283	8.58719
241.136	1.02822	8.59927
241.467	1.02814	8.61135
241.798	1.02806	8.62343
242.129	1.02798	8.63553
242.46	1.0279	8.64763
242.792	1.02782	8.65973
243.123	1.02774	8.67184
243.454	1.02766	8.68396
243.785	1.02758	8.69608
244.117	1.0275	8.70821
244.448	1.02743	8.72034
244.779	1.02735	8.73248
245.11	1.02727	8.74463
245.442	1.0272	8.75678
245.773	1.02712	8.76893
246.104	1.02705	8.78109
246.435	1.02697	8.79326
246.766	1.0269	8.80543
247.098	1.02682	8.81761
247.429	1.02675	8.82979
247.76	1.02667	8.84198
248.091	1.0266	8.85417
248.423	1.02653	8.86637
248.754	1.02645	8.87857
249.085	1.02638	8.89078
249.416	1.02631	8.90299
249.747	1.02624	8.91521
250.079	1.02617	8.92743
250.41	1.0261	8.93966
250.741	1.02603	8.95189
251.072	1.02596	8.96413
251.404	1.02589	8.97637
251.735	1.02582	8.98862
252.066	1.02575	9.00087
252.397	1.02568	9.01313
252.728	1.02561	9.02539
253.06	1.02554	9.03766
253.391	1.02547	9.04993
253.722	1.0257	9.06215
254.053	1.02617	9.07433
254.385	1.02644	9.08654
254.716	1.02713	9.09868
255.047	1.02789	9.11081
255.378	1.02822	9.123
255.709	1.02897	9.13511
256.041	1.02934	9.14728
256.372	1.0299	9.15939
256.703	1.03023	9.17153
257.034	1.03067	9.18365
257.366	1.03093	9.19578
257.697	1.03129	9.20789
258.028	1.0315	9.22002
258.359	1.03179	9.23213
258.691	1.03195	9.24426
259.022	1.03217	9.25637
259.353	1.03228	9.26849
259.684	1.03244	9.28061
260.015	1.03252	9.29274
260.347	1.03262	9.30486
260.678	1.03267	9.31699
261.009	1.03273	9.32912
261.34	1.03276	9.34127
261.672	1.03279	9.35341
262.003	1.03279	9.36556
262.334	1.03279	9.37772
262.665	1.03277	9.38988
262.996	1.03275	9.40205
263.328	1.03271	9.41423
263.659	1.03267	9.42641
263.99	1.03262	9.4386
264.321	1.03256	9.4508
264.653	1.03249	9.46301
264.984	1.03242	9.47522
265.315	1.03234	9.48745
265.646	1.03225	9.49968
265.977	1.03216	9.51192
266.309	1.03207	9.52416
266.64	1.03196	9.53642
266.971	1.03186	9.54868
267.302	1.03174	9.56095
267.634	1.03163	9.57323
267.965	1.03151	9.58552
268.296	1.03139	9.59782
268.627	1.03126	9.61012
268.959	1.03113	9.62243
269.29	1.031	9.63476
269.621	1.03086	9.64709
269.952	1.03073	9.65942
270.283	1.03059	9.67177
270.615	1.03044	9.68412
270.946	1.0303	9.69648
271.277	1.03015	9.70885
271.608	1.03001	9.72123
271.94	1.02986	9.73362
272.271	1.02971	9.74601
272.602	1.02956	9.75841
272.933	1.0294	9.77082
273.264	1.02925	9.78323
273.596	1.0291	9.79566
273.927	1.02895	9.80809
274.258	1.02879	9.82052
274.589	1.02864	9.83297
274.921	1.02849	9.84542
275.252	1.02833	9.85787
275.583	1.02818	9.87034
275.914	1.02803	9.88281
276.245	1.02788	9.89529
276.577	1.02772	9.90777
276.908	1.02757	9.92026
277.239	1.02742	9.93276
277.57	1.02728	9.94526
277.902	1.02713	9.95777
278.233	1.02698	9.97028
278.564	1.02684	9.9828
278.895	1.02669	9.99533
279.227	1.02655	10.0079
279.558	1.02641	10.0204
279.889	1.02627	10.0329
280.22	1.02613	10.0455
280.551	1.02599	10.058
280.883	1.02586	10.0706
281.214	1.02572	10.0831
281.545	1.02559	10.0957
281.876	1.02546	10.1083
282.208	1.02533	10.1209
282.539	1.0252	10.1334
282.87	1.02507	10.146
283.201	1.02495	10.1586
283.532	1.02482	10.1712
283.864	1.0247	10.1838
284.195	1.02458	10.1964
284.526	1.02446	10.209
284.857	1.02435	10.2216
285.189	1.02423	10.2342
285.52	1.02411	10.2468
285.851	1.024	10.2595
286.182	1.02389	10.2721
286.513	1.02378	10.2847
286.845	1.02367	10.2973
287.176	1.02357	10.31
287.507	1.02346	10.3226
287.838	1.02336	10.3352
288.17	1.02325	10.3479
288.501	1.02315	10.3605
288.832	1.02305	10.3732
289.163	1.02295	10.3858
289.495	1.02285	10.3985
289.826	1.02276	10.4111
290.157	1.02266	10.4238
290.488	1.02257	10.4365
290.819	1.02248	10.4491
291.151	1.02239	10.4618
291.482	1.0223	10.4745
291.813	1.02221	10.4871
292.144	1.02212	10.4998
292.476	1.02203	10.5125
292.807	1.02195	10.5252
293.138	1.02186	10.5379
293.469	1.02178	10.5505
293.8	1.02169	10.5632
294.132	1.02161	10.5759
294.463	1.02153	10.5886
294.794	1.02145	10.6013
295.125	1.02137	10.614
295.457	1.02129	10.6267
295.788	1.02122	10.6394
296.119	1.02114	10.6521
296.45	1.02107	10.6648
296.781	1.02099	10.6775
297.113	1.02092	10.6902
297.444	1.02084	10.7029
297.775	1.02077	10.7156
298.106	1.0207	10.7284
298.434	1.02063	10.7409
298.766	1.02056	10.7537
299.097	1.02049	10.7664
299.428	1.02042	10.7791
299.759	1.02036	10.7918
300.09	1.02029	10.8046
300.422	1.02022	10.8173
300.753	1.02016	10.83
301.084	1.02009	10.8427
301.415	1.02003	10.8555
301.747	1.01996	10.8682
302.078	1.0199	10.8809
302.409	1.01984	10.8937
302.74	1.01978	10.9064
303.071	1.01972	10.9192
303.403	1.01966	10.9319
303.734	1.0196	10.9446
304.065	1.01954	10.9574
304.396	1.01948	10.9701
304.728	1.01942	10.9829
305.059	1.01936	10.9956
305.39	1.0193	11.0084
305.721	1.01925	11.0211
306.052	1.01919	11.0339
306.384	1.01913	11.0466
306.715	1.01908	11.0594
307.046	1.01902	11.0722
307.377	1.01897	11.0849
307.709	1.01892	11.0977
308.04	1.01886	11.1105
308.371	1.01881	11.1232
308.702	1.01876	11.136
309.034	1.0187	11.1488
309.365	1.01865	11.1615
309.696	1.0186	11.1743
310.027	1.01855	11.1871
310.358	1.0185	11.1998
310.69	1.01845	11.2126
311.021	1.0184	11.2254
311.352	1.01835	11.2382
311.683	1.0183	11.2509
312.015	1.01825	11.2637
312.346	1.0182	11.2765
312.677	1.01815	11.2893
313.008	1.01811	11.3021
313.339	1.01806	11.3149
313.671	1.01801	11.3276
314.002	1.01797	11.3404
314.333	1.01792	11.3532
314.664	1.01787	11.366
314.996	1.01783	11.3788
315.327	1.01778	11.3916
315.658	1.01774	11.4044
315.989	1.01769	11.4172
316.32	1.01765	11.43
316.652	1.0176	11.4428
316.983	1.01756	11.4556
317.314	1.01752	11.4684
317.645	1.01747	11.4812
317.977	1.01743	11.494
318.308	1.01739	11.5068
318.639	1.01734	11.5196
318.97	1.0173	11.5324
319.302	1.01726	11.5452
319.633	1.01722	11.558
319.964	1.01718	11.5708
320.295	1.01714	11.5837
320.626	1.0171	11.5965
320.958	1.01706	11.6093
321.289	1.01701	11.6221
321.62	1.01697	11.6349
321.951	1.01694	11.6477
322.283	1.0169	11.6606
322.614	1.01686	11.6734
322.945	1.01682	11.6862
323.276	1.01678	11.699
323.607	1.01674	11.7118
323.939	1.0167	11.7247
324.27	1.01666	11.7375
324.601	1.01662	11.7503
324.932	1.01659	11.7632
325.264	1.01655	11.776
325.595	1.01651	11.7888
325.926	1.01647	11.8016
326.257	1.01644	11.8145
326.588	1.0164	11.8273
326.92	1.01636	11.8402
327.251	1.01633	11.853
327.582	1.01629	11.8658
327.913	1.01626	11.8787
328.245	1.01622	11.8915
328.576	1.01618	11.9043
328.907	1.01615	11.9172
329.238	1.01611	11.93
329.569	1.01608	11.9429
329.901	1.01604	11.9557
330.232	1.01601	11.9686
330.563	1.01597	11.9814
330.894	1.01594	11.9943
331.226	1.01591	12.0071
331.557	1.01587	12.02
331.888	1.01584	12.0328
332.219	1.01581	12.0457
332.551	1.01577	12.0585
332.882	1.01574	12.0714
333.213	1.01571	12.0842
333.544	1.01567	12.0971
333.875	1.01564	12.1099
334.207	1.01561	12.1228
334.538	1.01557	12.1357
334.869	1.01554	12.1485
335.2	1.01551	12.1614
335.532	1.01548	12.1743
335.863	1.01545	12.1871
336.194	1.01541	12.2
336.525	1.01538	12.2128
336.856	1.01535	12.2257
337.188	1.01532	12.2386
337.519	1.01529	12.2515
337.85	1.01526	12.2643
338.181	1.01523	12.2772
338.513	1.0152	12.2901
338.844	1.01517	12.3029
339.175	1.01514	12.3158
339.506	1.01511	12.3287
339.837	1.01508	12.3416
340.169	1.01505	12.3544
340.5	1.01502	12.3673
340.831	1.01499	12.3802
341.162	1.01496	12.3931
341.494	1.01493	12.406
341.825	1.0149	12.4188
342.156	1.01487	12.4317
342.487	1.01484	12.4446
342.819	1.01481	12.4575
343.15	1.01478	12.4704
343.481	1.01475	12.4833
343.812	1.01473	12.4961
344.143	1.0147	12.509
344.475	1.01467	12.5219
344.806	1.01464	12.5348
345.137	1.01461	12.5477
345.468	1.01459	12.5606
345.8	1.01456	12.5735
346.131	1.01453	12.5864
346.462	1.0145	12.5993
346.793	1.01447	12.6122
347.124	1.01445	12.6251
347.456	1.01442	12.638
347.787	1.01439	12.6509
348.118	1.01437	12.6638
348.449	1.01434	12.6767
348.781	1.01431	12.6896
349.112	1.01429	12.7025
349.443	1.01426	12.7154
349.774	1.01423	12.7283
350.105	1.01421	12.7412
350.437	1.01418	12.7541
350.768	1.01415	12.767
351.099	1.01413	12.7799
351.43	1.0141	12.7928
351.762	1.01408	12.8057
352.093	1.01405	12.8186
352.424	1.01403	12.8315
352.755	1.014	12.8444
353.087	1.01397	12.8573
353.418	1.01395	12.8702
353.749	1.01392	12.8832
354.08	1.0139	12.8961
354.411	1.01387	12.909
354.743	1.01385	12.9219
355.074	1.01382	12.9348
355.405	1.0138	12.9477
355.736	1.01378	12.9607
356.068	1.01375	12.9736
356.399	1.01373	12.9865
356.73	1.0137	12.9994
357.061	1.01368	13.0123
357.392	1.01365	13.0253
357.724	1.01363	13.0382
358.055	1.01361	13.0511
358.386	1.01358	13.064
358.717	1.01356	13.0769
359.049	1.01353	13.0899
359.38	1.01351	13.1028
359.711	1.01349	13.1157
360.042	1.01346	13.1287
360.373	1.01344	13.1416
360.705	1.01342	13.1545
361.036	1.01339	13.1674
361.367	1.01337	13.1804
361.698	1.01335	13.1933
362.03	1.01333	13.2062
362.361	1.0133	13.2192
362.692	1.01328	13.2321
363.023	1.01326	13.245
363.355	1.01323	13.258
363.686	1.01321	13.2709
364.017	1.01319	13.2838
364.348	1.01317	13.2968
364.679	1.01315	13.3097
365.011	1.01312	13.3227
365.342	1.0131	13.3356
365.673	1.01308	13.3485
366.004	1.01306	13.3615
366.336	1.01304	13.3744
366.667	1.01301	13.3874
366.998	1.01299	13.4003
367.329	1.01297	13.4132
367.66	1.01295	13.4262
367.992	1.01293	13.4391
368.323	1.01291	13.4521
368.654	1.01288	13.465
368.985	1.01286	13.478
369.317	1.01284	13.4909
369.648	1.01282	13.5039
369.979	1.0128	13.5168
370.31	1.01278	13.5298
370.641	1.01276	13.5427
370.973	1.01274	13.5557
371.304	1.01272	13.5686
371.635	1.0127	13.5816
371.966	1.01267	13.5945
372.298	1.01265	13.6075
372.629	1.01263	13.6204
372.96	1.01261	13.6334
373.291	1.01259	13.6463
373.623	1.01257	13.6593
373.954	1.01255	13.6723
374.285	1.01253	13.6852
374.616	1.01251	13.6982
374.947	1.01249	13.7111
375.279	1.01247	13.7241
375.61	1.01245	13.737
375.941	1.01243	13.75
376.272	1.01241	13.763
376.604	1.01239	13.7759
376.935	1.01237	13.7889
377.266	1.01235	13.8019
377.597	1.01233	13.8148
377.928	1.01231	13.8278
378.26	1.0123	13.8408
378.591	1.01228	13.8537
378.922	1.01226	13.8667
379.253	1.01224	13.8797
379.585	1.01222	13.8926
379.916	1.0122	13.9056
380.247	1.01218	13.9186
380.578	1.01216	13.9315
380.909	1.01214	13.9445
381.241	1.01212	13.9575
381.572	1.01211	13.9704
381.903	1.01209	13.9834
382.234	1.01207	13.9964
382.566	1.01205	14.0094
382.897	1.01203	14.0223
383.228	1.01201	14.0353
383.559	1.01199	14.0483
383.89	1.01198	14.0612
384.222	1.01196	14.0742
384.553	1.01194	14.0872
384.884	1.01192	14.1002
385.215	1.0119	14.1132
385.547	1.01188	14.1261
385.878	1.01187	14.1391
386.209	1.01185	14.1521
386.54	1.01183	14.1651
386.872	1.01181	14.1781
387.203	1.01179	14.191
387.534	1.01178	14.204
387.865	1.01176	14.217
388.196	1.01174	14.23
388.528	1.01172	14.243
388.859	1.01171	14.2559
389.19	1.01169	14.2689
389.521	1.01167	14.2819
389.853	1.01166	14.2949
390.184	1.01164	14.3079
390.515	1.01162	14.3209
390.846	1.01161	14.3339
391.177	1.01159	14.3468
391.509	1.01157	14.3598
391.84	1.01156	14.3728
392.171	1.01154	14.3858
392.502	1.01152	14.3988
392.834	1.01151	14.4118
393.165	1.01149	14.4248
393.496	1.01147	14.4378
393.827	1.01146	14.4508
394.158	1.01144	14.4638
394.49	1.01142	14.4767
394.821	1.01141	14.4897
395.152	1.01139	14.5027
395.483	1.01138	14.5157
395.815	1.01136	14.5287
396.146	1.01134	14.5417
396.477	1.01133	14.5547
396.808	1.01131	14.5677
397.14	1.01129	14.5807
397.471	1.01128	14.5937
397.802	1.01126	14.6067
398.133	1.01125	14.6197
398.464	1.01123	14.6327
398.796	1.01122	14.6457
399.127	1.0112	14.6587
399.458	1.01118	14.6717
399.789	1.01117	14.6847
400.121	1.01115	14.6977
400.452	1.01114	14.7107
400.783	1.01112	14.7237
401.114	1.01111	14.7367
401.445	1.01109	14.7497
401.777	1.01108	14.7627
402.108	1.01106	14.7757
402.439	1.01105	14.7887
402.77	1.01103	14.8017
403.102	1.01101	14.8147
403.433	1.011	14.8277
403.764	1.01098	14.8407
404.095	1.01097	14.8537
404.426	1.01096	14.8668
404.758	1.01094	14.8798
405.089	1.01093	14.8928
405.42	1.01091	14.9058
405.751	1.0109	14.9188
406.083	1.01088	14.9318
406.414	1.01087	14.9448
406.745	1.01085	14.9578
407.076	1.01084	14.9708
407.408	1.01082	14.9838
407.739	1.01081	14.9968
408.07	1.0108	15.0099
408.401	1.01078	15.0229
408.732	1.01077	15.0359
409.064	1.01075	15.0489
409.395	1.01074	15.0619
409.726	1.01072	15.0749
410.057	1.01071	15.0879
410.389	1.0107	15.101
410.72	1.01068	15.114
411.051	1.01067	15.127
411.382	1.01065	15.14
411.713	1.01064	15.153
412.045	1.01063	15.166
412.376	1.01061	15.1791
412.707	1.0106	15.1921
413.038	1.01058	15.2051
413.37	1.01057	15.2181
413.701	1.01056	15.2311
414.032	1.01054	15.2441
414.363	1.01053	15.2572
414.694	1.01052	15.2702
415.026	1.0105	15.2832
415.357	1.01049	15.2962
415.688	1.01047	15.3093
416.019	1.01046	15.3223
416.351	1.01045	15.3353
416.682	1.01043	15.3483
417.013	1.01042	15.3613
417.344	1.01041	15.3744
417.676	1.01039	15.3874
418.007	1.01038	15.4004
418.338	1.01037	15.4134
418.669	1.01035	15.4265
419	1.01034	15.4395
419.332	1.01033	15.4525
419.663	1.01031	15.4656
419.994	1.0103	15.4786
420.325	1.01029	15.4916
420.657	1.01027	15.5046
420.988	1.01026	15.5177
421.319	1.01025	15.5307
421.65	1.01023	15.5437
421.981	1.01022	15.5568
422.313	1.01021	15.5698
422.644	1.0102	15.5828
422.975	1.01018	15.5958
423.306	1.01017	15.6089
423.638	1.01016	15.6219
423.969	1.01014	15.6349
424.3	1.01013	15.648
424.631	1.01012	15.661
424.962	1.01011	15.674
425.294	1.01009	15.6871
425.625	1.01008	15.7001
425.956	1.01007	15.7131
426.287	1.01005	15.7262
426.619	1.01004	15.7392
426.95	1.01003	15.7522
427.281	1.01002	15.7653
427.612	1.01	15.7783
427.944	1.00999	15.7914
428.275	1.00998	15.8044
428.606	1.00997	15.8174
428.937	1.00995	15.8305
429.268	1.00994	15.8435
429.6	1.00993	15.8565
429.931	1.00992	15.8696
430.262	1.0099	15.8826
430.593	1.00989	15.8957
430.925	1.00988	15.9087
431.256	1.00987	15.9217
431.587	1.00986	15.9348
431.918	1.00984	15.9478
432.249	1.00983	15.9609
432.581	1.00982	15.9739
432.912	1.00981	15.987
433.243	1.00979	16
433.574	1.00978	16.013
433.906	1.00977	16.0261
434.237	1.00976	16.0391
434.568	1.00975	16.0522
434.899	1.00973	16.0652
435.23	1.00972	16.0783
435.562	1.00971	16.0913
435.893	1.0097	16.1044
436.224	1.00969	16.1174
436.555	1.00967	16.1305
436.887	1.00966	16.1435
437.218	1.00965	16.1565
437.549	1.00964	16.1696
437.88	1.00963	16.1826
438.212	1.00962	16.1957
438.543	1.0096	16.2087
438.874	1.00959	16.2218
439.205	1.00958	16.2348
439.536	1.00957	16.2479
439.868	1.00956	16.2609
440.199	1.00955	16.274
440.53	1.00953	16.287
440.861	1.00952	16.3001
441.193	1.00951	16.3131
441.524	1.0095	16.3262
441.855	1.00949	16.3392
442.186	1.00948	16.3523
442.517	1.00947	16.3654
442.849	1.00945	16.3784
443.18	1.00944	16.3915
443.511	1.00943	16.4045
443.842	1.00942	16.4176
444.174	1.00941	16.4306
444.505	1.0094	16.4437
444.836	1.00939	16.4567
445.167	1.00937	16.4698
445.498	1.00936	16.4828
445.83	1.00935	16.4959
446.161	1.00934	16.509
446.492	1.00933	16.522
446.823	1.00932	16.5351
447.155	1.00931	16.5481
447.486	1.0093	16.5612
447.817	1.00929	16.5742
448.148	1.00927	16.5873
448.479	1.00926	16.6004
448.811	1.00925	16.6134
449.142	1.00924	16.6265
449.473	1.00923	16.6395
449.804	1.00922	16.6526
450.136	1.00921	16.6657
450.467	1.0092	16.6787
450.798	1.00919	16.6918
451.129	1.00918	16.7048
451.461	1.00917	16.7179
451.792	1.00916	16.731
452.123	1.00914	16.744
452.454	1.00913	16.7571
452.785	1.00912	16.7702
453.117	1.00911	16.7832
453.448	1.0091	16.7963
453.779	1.00909	16.8094
454.11	1.00908	16.8224
454.442	1.00907	16.8355
454.773	1.00906	16.8485
455.104	1.00905	16.8616
455.435	1.00904	16.8747
455.766	1.00903	16.8877
456.098	1.00902	16.9008
456.429	1.00901	16.9139
456.76	1.009	16.9269
457.091	1.00899	16.94
457.423	1.00898	16.9531
457.754	1.00896	16.9661
458.085	1.00895	16.9792
458.416	1.00894	16.9923
458.747	1.00893	17.0054
459.079	1.00892	17.0184
459.41	1.00891	17.0315
459.741	1.0089	17.0446
460.072	1.00889	17.0576
460.404	1.00888	17.0707
460.735	1.00887	17.0838
461.066	1.00886	17.0968
461.397	1.00885	17.1099
461.729	1.00884	17.123
462.06	1.00883	17.1361
462.391	1.00882	17.1491
462.722	1.00881	17.1622
463.053	1.0088	17.1753
463.385	1.00879	17.1883
463.716	1.00878	17.2014
464.047	1.00877	17.2145
464.378	1.00876	17.2276
464.71	1.00875	17.2406
465.041	1.00874	17.2537
465.372	1.00873	17.2668
465.703	1.00872	17.2799
466.034	1.00871	17.2929
466.366	1.0087	17.306
466.697	1.00869	17.3191
467.028	1.00868	17.3322
467.359	1.00867	17.3452
467.691	1.00866	17.3583
468.022	1.00865	17.3714
468.353	1.00864	17.3845
468.684	1.00863	17.3976
469.015	1.00862	17.4106
469.347	1.00861	17.4237
469.678	1.0086	17.4368
470.009	1.00859	17.4499
470.34	1.00858	17.4629
470.672	1.00858	17.476
471.003	1.00857	17.4891
471.334	1.00856	17.5022
471.665	1.00855	17.5153
471.997	1.00854	17.5283
472.328	1.00853	17.5414
472.659	1.00852	17.5545
472.99	1.00851	17.5676
473.321	1.0085	17.5807
473.653	1.00849	17.5937
473.984	1.00848	17.6068
474.315	1.00847	17.6199
474.646	1.00846	17.633
474.978	1.00845	17.6461
475.309	1.00844	17.6592
475.64	1.00843	17.6722
475.971	1.00842	17.6853
476.302	1.00841	17.6984
476.634	1.00841	17.7115
476.965	1.0084	17.7246
477.296	1.00839	17.7377
477.627	1.00838	17.7508
477.959	1.00837	17.7638
478.29	1.00836	17.7769
478.621	1.00835	17.79
478.952	1.00834	17.8031
479.283	1.00833	17.8162
479.615	1.00832	17.8293
479.946	1.00831	17.8424
480.277	1.0083	17.8554
480.608	1.00829	17.8685
480.94	1.00829	17.8816
481.271	1.00828	17.8947
481.602	1.00827	17.9078
481.933	1.00826	17.9209
482.265	1.00825	17.934
482.596	1.00824	17.9471
482.927	1.00823	17.9601
483.258	1.00822	17.9732
483.589	1.00821	17.9863
483.921	1.0082	17.9994
484.252	1.0082	18.0125
484.583	1.00819	18.0256
484.914	1.00818	18.0387
485.246	1.00817	18.0518
485.577	1.00816	18.0649
485.908	1.00815	18.078
486.239	1.00814	18.091
486.57	1.00813	18.1041
486.902	1.00813	18.1172
487.233	1.00812	18.1303
487.564	1.00811	18.1434
487.895	1.0081	18.1565
488.227	1.00809	18.1696
488.558	1.00808	18.1827
488.889	1.00807	18.1958
489.22	1.00806	18.2089
489.551	1.00806	18.222
489.883	1.00805	18.2351
490.214	1.00804	18.2482
490.545	1.00803	18.2613
490.876	1.00802	18.2744
491.208	1.00801	18.2875
491.539	1.008	18.3005
491.87	1.008	18.3136
492.201	1.00799	18.3267
492.533	1.00798	18.3398
492.864	1.00797	18.3529
493.195	1.00796	18.366
493.526	1.00795	18.3791
493.857	1.00794	18.3922
494.189	1.00794	18.4053
494.52	1.00793	18.4184
494.851	1.00792	18.4315
495.182	1.00791	18.4446
495.514	1.0079	18.4577
495.845	1.00789	18.4708
496.176	1.00789	18.4839
496.507	1.00788	18.497
496.838	1.00787	18.5101
497.17	1.00786	18.5232
497.501	1.00785	18.5363
497.832	1.00784	18.5494
498.163	1.00784	18.5625
498.495	1.00783	18.5756
498.826	1.00782	18.5887
499.157	1.00781	18.6018
499.488	1.0078	18.6149
499.819	1.0078	18.628
