0	1.00149	3.55791
0	1.00149	3.55791
0.236554	1.00192	3.55864
0.470766	1.00301	3.56054
0.702636	1.00445	3.56307
0.936848	1.00595	3.56579
1.17106	1.00725	3.56817
1.40761	1.00819	3.56992
1.64183	1.00866	3.57089
1.87604	1.00868	3.57108
2.11025	1.00832	3.57065
2.34212	1.00772	3.56982
2.57633	1.007	3.56882
2.81054	1.00628	3.56787
3.04475	1.00564	3.5671
3.27897	1.00514	3.56661
3.51318	1.0048	3.56642
3.74739	1.00459	3.5665
3.9816	1.00449	3.56681
4.21581	1.00446	3.56728
4.45003	1.00445	3.56781
4.68424	1.0044	3.56832
4.91845	1.00428	3.56872
5.155	1.00408	3.56898
5.38922	1.00378	3.56911
5.62343	1.00341	3.56913
5.85764	1.00299	3.56908
6.09185	1.00253	3.56901
6.32606	1.00206	3.56894
6.56027	1.00159	3.56888
6.79449	1.00113	3.56886
7.0287	1.00068	3.56888
7.26291	1.00025	3.56896
7.49712	0.999838	3.56909
7.73133	0.99943	3.56925
7.96555	0.999018	3.56943
8.19976	0.998593	3.5696
8.43397	0.998148	3.56975
8.66818	0.997683	3.56988
8.90239	0.997197	3.56999
9.13661	0.996693	3.57009
9.37082	0.996175	3.57017
9.60503	0.995643	3.57025
9.83924	0.995103	3.57032
10.0735	0.994555	3.57039
10.3077	0.994004	3.57047
10.5419	0.993451	3.57056
10.7761	0.992898	3.57066
11.0103	0.992344	3.57077
11.2445	0.991788	3.57088
11.4787	0.991228	3.571
11.7129	0.990663	3.57111
11.9471	0.990093	3.57122
12.1814	0.989518	3.57133
12.4156	0.988938	3.57144
12.6498	0.988353	3.57154
12.884	0.987764	3.57164
13.1182	0.987171	3.57174
13.3524	0.986575	3.57184
13.5866	0.985977	3.57194
13.8208	0.985379	3.57204
14.0551	0.984779	3.57214
14.2893	0.98418	3.57224
14.5235	0.983581	3.57234
14.7577	0.982982	3.57244
14.9919	0.982382	3.57255
15.2261	0.981783	3.57265
15.4603	0.981184	3.57275
15.6945	0.980586	3.57286
15.9288	0.979988	3.57296
16.163	0.97939	3.57306
16.3972	0.978794	3.57316
16.6314	0.978198	3.57326
16.8656	0.977605	3.57335
17.0998	0.977013	3.57345
17.334	0.976423	3.57355
17.5682	0.975836	3.57364
17.8024	0.975251	3.57374
18.0367	0.974669	3.57384
18.2685	0.974095	3.57393
18.5027	0.973519	3.57403
18.737	0.972946	3.57412
18.9712	0.972376	3.57422
19.2054	0.971809	3.57431
19.4396	0.971246	3.57441
19.6738	0.970687	3.5745
19.908	0.970131	3.57459
20.1422	0.96958	3.57468
20.3764	0.969032	3.57477
20.6106	0.968489	3.57486
20.8449	0.967949	3.57495
21.0791	0.967415	3.57504
21.3133	0.966884	3.57513
21.5475	0.966359	3.57522
21.7817	0.965838	3.5753
22.0159	0.965321	3.57539
22.2501	0.96481	3.57548
22.4843	0.964303	3.57556
22.7186	0.963802	3.57565
22.9528	0.963305	3.57573
23.187	0.962814	3.57581
23.4212	0.962328	3.57589
23.6554	0.961846	3.57598
23.8896	0.96137	3.57606
24.1238	0.9609	3.57614
24.358	0.960434	3.57622
24.5922	0.959974	3.5763
24.8265	0.959519	3.57638
25.0607	0.95907	3.57645
25.2949	0.958626	3.57653
25.5291	0.958188	3.57661
25.7633	0.957754	3.57668
25.9975	0.957327	3.57676
26.2317	0.956904	3.57683
26.4659	0.956488	3.57691
26.7002	0.956076	3.57698
26.9344	0.95567	3.57706
27.1686	0.95527	3.57713
27.4028	0.954875	3.5772
27.637	0.954485	3.57727
27.8712	0.954101	3.57734
28.1054	0.953722	3.57741
28.3396	0.953348	3.57748
28.5739	0.95298	3.57755
28.8081	0.952617	3.57762
29.0423	0.95226	3.57768
29.2765	0.951907	3.57775
29.5107	0.95156	3.57782
29.7449	0.951219	3.57788
29.9791	0.950882	3.57795
30.2133	0.95055	3.57801
30.4475	0.950224	3.57808
30.6818	0.949902	3.57814
30.916	0.949586	3.57821
31.1502	0.949275	3.57827
31.3844	0.948968	3.57833
31.6186	0.948667	3.57839
31.8528	0.94837	3.57845
32.087	0.948078	3.57851
32.3212	0.947791	3.57857
32.5555	0.947509	3.57863
32.7897	0.947231	3.57869
33.0239	0.946958	3.57875
33.2581	0.94669	3.57881
33.4923	0.946426	3.57887
33.7265	0.946167	3.57892
33.9607	0.945912	3.57898
34.1949	0.945661	3.57904
34.4291	0.945415	3.57909
34.6634	0.945173	3.57915
34.8976	0.944935	3.5792
35.1318	0.944702	3.57926
35.366	0.944473	3.57931
35.6002	0.944247	3.57937
35.8344	0.944026	3.57942
36.0686	0.943809	3.57947
36.3028	0.943595	3.57953
36.5371	0.943386	3.57958
36.7713	0.94318	3.57963
37.0055	0.942979	3.57968
37.2397	0.94278	3.57973
37.4739	0.942586	3.57978
37.7081	0.942395	3.57983
37.9423	0.942208	3.57988
38.1765	0.942024	3.57993
38.4107	0.941844	3.57998
38.645	0.941667	3.58003
38.8792	0.941493	3.58008
39.1134	0.941323	3.58013
39.3476	0.941156	3.58018
39.5818	0.940993	3.58022
39.816	0.940832	3.58027
40.0502	0.940675	3.58032
40.2844	0.94052	3.58037
40.5187	0.940369	3.58041
40.7529	0.940221	3.58046
40.9871	0.940075	3.58051
41.2213	0.939933	3.58055
41.4555	0.939793	3.5806
41.6897	0.939656	3.58064
41.9239	0.939522	3.58069
42.1605	0.939389	3.58073
42.3947	0.939261	3.58078
42.6289	0.939135	3.58082
42.8631	0.939011	3.58086
43.0973	0.93889	3.58091
43.3315	0.938771	3.58095
43.5658	0.938655	3.58099
43.8	0.938542	3.58104
44.0342	0.93843	3.58108
44.2684	0.938321	3.58112
44.5026	0.938214	3.58117
44.7368	0.93811	3.58121
44.971	0.938007	3.58125
45.2052	0.937907	3.58129
45.4394	0.937809	3.58133
45.6737	0.937713	3.58137
45.9079	0.937619	3.58142
46.1421	0.937527	3.58146
46.3763	0.937438	3.5815
46.6105	0.93735	3.58154
46.8447	0.937264	3.58158
47.0789	0.937179	3.58162
47.3131	0.937097	3.58166
47.5474	0.937016	3.5817
47.7816	0.936938	3.58174
48.0158	0.936861	3.58178
48.25	0.936785	3.58182
48.4842	0.936712	3.58186
48.7184	0.936639	3.58189
48.9526	0.936569	3.58193
49.1868	0.9365	3.58197
49.421	0.936433	3.58201
49.6553	0.936367	3.58205
49.8895	0.936303	3.58209
50.1237	0.93624	3.58213
50.3579	0.936179	3.58216
50.5921	0.936119	3.5822
50.8263	0.93606	3.58224
51.0605	0.936003	3.58228
51.2947	0.935947	3.58232
51.529	0.935893	3.58235
51.7632	0.93584	3.58239
51.9974	0.935788	3.58243
52.2316	0.935737	3.58246
52.4658	0.935687	3.5825
52.7	0.935639	3.58254
52.9342	0.935592	3.58258
53.1684	0.935546	3.58261
53.4027	0.935501	3.58265
53.6369	0.935457	3.58268
53.8711	0.935414	3.58272
54.1053	0.935373	3.58276
54.3395	0.935332	3.58279
54.5737	0.935293	3.58283
54.8079	0.935254	3.58287
55.0421	0.935216	3.5829
55.2763	0.93518	3.58294
55.5106	0.935144	3.58297
55.7448	0.935109	3.58301
55.979	0.935075	3.58304
56.2132	0.935042	3.58308
56.4474	0.93501	3.58312
56.6816	0.934979	3.58315
56.9158	0.934948	3.58319
57.15	0.934919	3.58322
57.3843	0.93489	3.58326
57.6185	0.934862	3.58329
57.8527	0.934834	3.58333
58.0869	0.934808	3.58336
58.3211	0.934782	3.5834
58.5553	0.934757	3.58343
58.7895	0.934732	3.58346
59.0237	0.934709	3.5835
59.2579	0.934686	3.58353
59.4922	0.934663	3.58357
59.7264	0.934642	3.5836
59.9606	0.934621	3.58364
60.1948	0.9346	3.58367
60.429	0.93458	3.58371
60.6632	0.934561	3.58374
60.8974	0.934543	3.58377
61.1316	0.934525	3.58381
61.3659	0.934507	3.58384
61.6001	0.93449	3.58388
61.8343	0.934474	3.58391
62.0685	0.934458	3.58394
62.3027	0.934443	3.58398
62.5369	0.934428	3.58401
62.7711	0.934414	3.58405
63.0053	0.9344	3.58408
63.2396	0.934386	3.58411
63.4738	0.934374	3.58415
63.708	0.934361	3.58418
63.9422	0.934349	3.58421
64.1764	0.934338	3.58425
64.4106	0.934327	3.58428
64.6448	0.934316	3.58431
64.879	0.934306	3.58435
65.1132	0.934296	3.58438
65.3475	0.934287	3.58441
65.5817	0.934278	3.58445
65.8159	0.934269	3.58448
66.0501	0.934261	3.58451
66.2843	0.934253	3.58455
66.5185	0.934245	3.58458
66.7527	0.934238	3.58461
66.9869	0.934231	3.58465
67.2212	0.934225	3.58468
67.4554	0.934219	3.58471
67.6896	0.934213	3.58474
67.9238	0.934207	3.58478
68.158	0.934202	3.58481
68.3922	0.934197	3.58484
68.6264	0.934192	3.58488
68.8606	0.934188	3.58491
69.0948	0.934184	3.58494
69.3291	0.93418	3.58497
69.5633	0.934177	3.58501
69.7975	0.934173	3.58504
70.0317	0.93417	3.58507
70.2659	0.934168	3.58511
70.5001	0.934165	3.58514
70.7343	0.934163	3.58517
70.9685	0.934161	3.5852
71.2028	0.934159	3.58524
71.437	0.934158	3.58527
71.6712	0.934157	3.5853
71.9054	0.934156	3.58533
72.1396	0.934155	3.58537
72.3738	0.934154	3.5854
72.608	0.934154	3.58543
72.8422	0.934154	3.58546
73.0765	0.934153	3.5855
73.3107	0.934154	3.58553
73.5449	0.934154	3.58556
73.7791	0.934155	3.58559
74.0133	0.934155	3.58562
74.2475	0.934156	3.58566
74.4817	0.934157	3.58569
74.7159	0.934159	3.58572
74.9501	0.93416	3.58575
75.1844	0.934162	3.58579
75.4186	0.934163	3.58582
75.6528	0.934165	3.58585
75.887	0.934167	3.58588
76.1212	0.93417	3.58591
76.3554	0.934172	3.58595
76.5896	0.934175	3.58598
76.8238	0.934177	3.58601
77.0581	0.93418	3.58604
77.2923	0.934183	3.58608
77.5265	0.934186	3.58611
77.7607	0.934189	3.58614
77.9949	0.934192	3.58617
78.2291	0.934196	3.5862
78.4633	0.934199	3.58624
78.6975	0.934203	3.58627
78.9317	0.934207	3.5863
79.166	0.934211	3.58633
79.4002	0.934215	3.58636
79.6344	0.934219	3.5864
79.8686	0.934223	3.58643
80.1028	0.934228	3.58646
80.337	0.934232	3.58649
80.5712	0.934237	3.58652
80.8054	0.934241	3.58656
81.0397	0.934246	3.58659
81.2739	0.934251	3.58662
81.5081	0.934256	3.58665
81.7423	0.934261	3.58668
81.9765	0.934266	3.58672
82.2107	0.934271	3.58675
82.4449	0.934276	3.58678
82.6791	0.934282	3.58681
82.9133	0.934287	3.58684
83.1476	0.934293	3.58687
83.3818	0.934298	3.58691
83.616	0.934304	3.58694
83.8502	0.93431	3.58697
84.0844	0.934316	3.587
84.3186	0.934321	3.58703
84.5528	0.934327	3.58707
84.787	0.934333	3.5871
85.0213	0.93434	3.58713
85.2555	0.934346	3.58716
85.4897	0.934352	3.58719
85.7239	0.934358	3.58722
85.9581	0.934364	3.58726
86.1923	0.934371	3.58729
86.4265	0.934377	3.58732
86.6607	0.934384	3.58735
86.895	0.93439	3.58738
87.1292	0.934397	3.58741
87.3634	0.934404	3.58745
87.5976	0.93441	3.58748
87.8318	0.934417	3.58751
88.066	0.934424	3.58754
88.3002	0.934431	3.58757
88.5344	0.934438	3.58761
88.7686	0.934445	3.58764
89.0029	0.934452	3.58767
89.2371	0.934459	3.5877
89.4713	0.934466	3.58773
89.7055	0.934473	3.58776
89.9397	0.93448	3.5878
90.1739	0.934488	3.58783
90.4081	0.934495	3.58786
90.6423	0.934502	3.58789
90.8766	0.934509	3.58792
91.1108	0.934517	3.58795
91.345	0.934524	3.58799
91.5792	0.934532	3.58802
91.8134	0.934539	3.58805
92.0476	0.934547	3.58808
92.2818	0.934554	3.58811
92.516	0.934562	3.58814
92.7502	0.934569	3.58817
92.9845	0.934577	3.58821
93.2187	0.934585	3.58824
93.4529	0.934592	3.58827
93.6871	0.9346	3.5883
93.9213	0.934608	3.58833
94.1555	0.934616	3.58836
94.3897	0.934624	3.5884
94.6239	0.934631	3.58843
94.8582	0.934639	3.58846
95.0924	0.934647	3.58849
95.3266	0.934655	3.58852
95.5608	0.934663	3.58855
95.795	0.934671	3.58859
96.0292	0.934679	3.58862
96.2634	0.934687	3.58865
96.4976	0.934695	3.58868
96.7319	0.934703	3.58871
96.9661	0.934711	3.58874
97.2003	0.934719	3.58878
97.4345	0.934727	3.58881
97.6687	0.934735	3.58884
97.9029	0.934744	3.58887
98.1371	0.934752	3.5889
98.3713	0.93476	3.58893
98.6055	0.934768	3.58896
98.8398	0.934776	3.589
99.074	0.934785	3.58903
99.3082	0.934793	3.58906
99.5424	0.934801	3.58909
99.7766	0.934809	3.58912
100.011	0.934818	3.58915
100.245	0.934826	3.58919
100.479	0.934834	3.58922
100.713	0.934843	3.58925
100.948	0.934851	3.58928
101.182	0.934859	3.58931
101.416	0.934868	3.58934
101.65	0.934876	3.58937
101.885	0.934885	3.58941
102.119	0.934893	3.58944
102.353	0.934901	3.58947
102.587	0.93491	3.5895
102.821	0.934918	3.58953
103.056	0.934927	3.58956
103.29	0.934935	3.58959
103.524	0.934944	3.58963
103.758	0.934952	3.58966
103.992	0.934961	3.58969
104.227	0.934969	3.58972
104.461	0.934978	3.58975
104.695	0.934986	3.58978
104.929	0.934995	3.58982
105.163	0.935003	3.58985
105.398	0.935012	3.58988
105.632	0.93502	3.58991
105.866	0.935029	3.58994
106.1	0.935038	3.58997
106.335	0.935046	3.59
106.569	0.935055	3.59004
106.803	0.935063	3.59007
107.037	0.935072	3.5901
107.271	0.935081	3.59013
107.506	0.935089	3.59016
107.74	0.935098	3.59019
107.974	0.935106	3.59022
108.208	0.935115	3.59026
108.442	0.935124	3.59029
108.677	0.935132	3.59032
108.911	0.935141	3.59035
109.145	0.93515	3.59038
109.379	0.935158	3.59041
109.614	0.935167	3.59044
109.848	0.935176	3.59048
110.082	0.935184	3.59051
110.316	0.935193	3.59054
110.55	0.935202	3.59057
110.785	0.93521	3.5906
111.019	0.935219	3.59063
111.253	0.935228	3.59067
111.487	0.935237	3.5907
111.721	0.935245	3.59073
111.956	0.935254	3.59076
112.19	0.935263	3.59079
112.424	0.935271	3.59082
112.658	0.93528	3.59085
112.892	0.935289	3.59089
113.127	0.935298	3.59092
113.361	0.935306	3.59095
113.595	0.935315	3.59098
113.829	0.935324	3.59101
114.064	0.935332	3.59104
114.298	0.935341	3.59107
114.532	0.93535	3.59111
114.766	0.935359	3.59114
115	0.935367	3.59117
115.235	0.935376	3.5912
115.469	0.935385	3.59123
115.703	0.935394	3.59126
115.937	0.935402	3.59129
116.171	0.935411	3.59133
116.406	0.93542	3.59136
116.64	0.935429	3.59139
116.874	0.935437	3.59142
117.108	0.935446	3.59145
117.342	0.935455	3.59148
117.577	0.935464	3.59151
117.811	0.935473	3.59155
118.045	0.935481	3.59158
118.279	0.93549	3.59161
118.514	0.935499	3.59164
118.748	0.935508	3.59167
118.982	0.935516	3.5917
119.216	0.935525	3.59173
119.45	0.935534	3.59177
119.685	0.935543	3.5918
119.919	0.935551	3.59183
120.153	0.93556	3.59186
120.387	0.935569	3.59189
120.621	0.935578	3.59192
120.856	0.935587	3.59195
121.09	0.935595	3.59199
121.324	0.935604	3.59202
121.558	0.935613	3.59205
121.793	0.935622	3.59208
122.027	0.93563	3.59211
122.261	0.935639	3.59214
122.495	0.935648	3.59217
122.729	0.935657	3.5922
122.964	0.935666	3.59224
123.198	0.935674	3.59227
123.432	0.935683	3.5923
123.666	0.935692	3.59233
123.9	0.935701	3.59236
124.135	0.935709	3.59239
124.369	0.935718	3.59242
124.603	0.935727	3.59246
124.837	0.935736	3.59249
125.071	0.935744	3.59252
125.306	0.935753	3.59255
125.54	0.935762	3.59258
125.774	0.935771	3.59261
126.008	0.93578	3.59264
126.243	0.935788	3.59268
126.477	0.935797	3.59271
126.711	0.935806	3.59274
126.945	0.935815	3.59277
127.179	0.935823	3.5928
127.414	0.935832	3.59283
127.648	0.935841	3.59286
127.882	0.93585	3.5929
128.116	0.935859	3.59293
128.35	0.935867	3.59296
128.585	0.935876	3.59299
128.819	0.935885	3.59302
129.053	0.935894	3.59305
129.287	0.935902	3.59308
129.522	0.935911	3.59312
129.756	0.93592	3.59315
129.99	0.935929	3.59318
130.224	0.935937	3.59321
130.458	0.935946	3.59324
130.693	0.935955	3.59327
130.927	0.935964	3.5933
131.161	0.935972	3.59334
131.395	0.935981	3.59337
131.629	0.93599	3.5934
131.864	0.935999	3.59343
132.098	0.936007	3.59346
132.332	0.936016	3.59349
132.566	0.936025	3.59352
132.8	0.936034	3.59355
133.035	0.936042	3.59359
133.269	0.936051	3.59362
133.503	0.93606	3.59365
133.737	0.936069	3.59368
133.972	0.936077	3.59371
134.206	0.936086	3.59374
134.44	0.936095	3.59377
134.674	0.936104	3.59381
134.908	0.936112	3.59384
135.143	0.936121	3.59387
135.377	0.93613	3.5939
135.611	0.936139	3.59393
135.845	0.936147	3.59396
136.079	0.936156	3.59399
136.314	0.936165	3.59403
136.548	0.936174	3.59406
136.782	0.936182	3.59409
137.016	0.936191	3.59412
137.251	0.9362	3.59415
137.485	0.936208	3.59418
137.719	0.936217	3.59421
137.953	0.936226	3.59424
138.187	0.936235	3.59428
138.422	0.936243	3.59431
138.656	0.936252	3.59434
138.89	0.936261	3.59437
139.124	0.936269	3.5944
139.358	0.936278	3.59443
139.593	0.936287	3.59446
139.827	0.936296	3.5945
140.061	0.936304	3.59453
140.295	0.936313	3.59456
140.529	0.936322	3.59459
140.764	0.93633	3.59462
140.998	0.936339	3.59465
141.232	0.936348	3.59468
141.466	0.936357	3.59472
141.701	0.936365	3.59475
141.935	0.936374	3.59478
142.169	0.936383	3.59481
142.403	0.936391	3.59484
142.635	0.9364	3.59487
142.869	0.936409	3.5949
143.103	0.936417	3.59493
143.338	0.936426	3.59497
143.572	0.936435	3.595
143.806	0.936443	3.59503
144.04	0.936452	3.59506
144.275	0.936461	3.59509
144.509	0.936469	3.59512
144.743	0.936478	3.59515
144.977	0.936487	3.59518
145.211	0.936496	3.59522
145.446	0.936504	3.59525
145.68	0.936513	3.59528
145.914	0.936522	3.59531
146.148	0.93653	3.59534
146.382	0.936539	3.59537
146.617	0.936548	3.5954
146.851	0.936556	3.59544
147.085	0.936565	3.59547
147.319	0.936574	3.5955
147.553	0.936582	3.59553
147.788	0.936591	3.59556
148.022	0.9366	3.59559
148.256	0.936608	3.59562
148.49	0.936617	3.59565
148.725	0.936626	3.59569
148.959	0.936634	3.59572
149.193	0.936643	3.59575
149.427	0.936652	3.59578
149.661	0.93666	3.59581
149.896	0.936669	3.59584
150.13	0.936678	3.59587
150.364	0.936686	3.59591
150.598	0.936695	3.59594
150.832	0.936703	3.59597
151.067	0.936712	3.596
151.301	0.936721	3.59603
151.535	0.936729	3.59606
151.769	0.936738	3.59609
152.004	0.936747	3.59612
152.238	0.936755	3.59616
152.472	0.936764	3.59619
152.706	0.936773	3.59622
152.94	0.936781	3.59625
153.175	0.93679	3.59628
153.409	0.936798	3.59631
153.643	0.936807	3.59634
153.877	0.936816	3.59638
154.111	0.936824	3.59641
154.346	0.936833	3.59644
154.58	0.936842	3.59647
154.814	0.93685	3.5965
155.048	0.936859	3.59653
155.282	0.936867	3.59656
155.517	0.936876	3.59659
155.751	0.936885	3.59663
155.985	0.936893	3.59666
156.219	0.936902	3.59669
156.454	0.936911	3.59672
156.688	0.936919	3.59675
156.922	0.936928	3.59678
157.156	0.936936	3.59681
157.39	0.936945	3.59684
157.625	0.936954	3.59688
157.859	0.936962	3.59691
158.093	0.936971	3.59694
158.327	0.936979	3.59697
158.561	0.936988	3.597
158.796	0.936997	3.59703
159.03	0.937005	3.59706
159.264	0.937014	3.5971
159.498	0.937022	3.59713
159.733	0.937031	3.59716
159.967	0.93704	3.59719
160.201	0.937048	3.59722
160.435	0.937057	3.59725
160.669	0.937065	3.59728
160.904	0.937074	3.59731
161.138	0.937082	3.59735
161.372	0.937091	3.59738
161.606	0.9371	3.59741
161.84	0.937108	3.59744
162.075	0.937117	3.59747
162.309	0.937125	3.5975
162.543	0.937134	3.59753
162.777	0.937142	3.59756
163.011	0.937151	3.5976
163.246	0.93716	3.59763
163.48	0.937168	3.59766
163.714	0.937177	3.59769
163.948	0.937185	3.59772
164.183	0.937194	3.59775
164.417	0.937202	3.59778
164.651	0.937211	3.59782
164.885	0.93722	3.59785
165.119	0.937228	3.59788
165.354	0.937237	3.59791
165.588	0.937245	3.59794
165.822	0.937254	3.59797
166.056	0.937262	3.598
166.29	0.937271	3.59803
166.525	0.937279	3.59807
166.759	0.937288	3.5981
166.993	0.937297	3.59813
167.227	0.937305	3.59816
167.461	0.937314	3.59819
167.696	0.937322	3.59822
167.93	0.937331	3.59825
168.164	0.937339	3.59828
168.398	0.937348	3.59832
168.633	0.937356	3.59835
168.867	0.937365	3.59838
169.101	0.937373	3.59841
169.335	0.937382	3.59844
169.569	0.937391	3.59847
169.804	0.937399	3.5985
170.038	0.937408	3.59853
170.272	0.937416	3.59857
170.506	0.937425	3.5986
170.74	0.937433	3.59863
170.975	0.937442	3.59866
171.209	0.93745	3.59869
171.443	0.937459	3.59872
171.677	0.937467	3.59875
171.912	0.937476	3.59878
172.146	0.937484	3.59882
172.38	0.937493	3.59885
172.614	0.937501	3.59888
172.848	0.93751	3.59891
173.083	0.937518	3.59894
173.317	0.937527	3.59897
173.551	0.937535	3.599
173.785	0.937544	3.59904
174.019	0.937552	3.59907
174.254	0.937561	3.5991
174.488	0.937569	3.59913
174.722	0.937578	3.59916
174.956	0.937586	3.59919
175.19	0.937595	3.59922
175.425	0.937603	3.59925
175.659	0.937612	3.59929
175.893	0.93762	3.59932
176.127	0.937629	3.59935
176.362	0.937637	3.59938
176.596	0.937646	3.59941
176.83	0.937654	3.59944
177.064	0.937663	3.59947
177.298	0.937671	3.5995
177.533	0.93768	3.59954
177.767	0.937688	3.59957
178.001	0.937697	3.5996
178.235	0.937705	3.59963
178.469	0.937714	3.59966
178.704	0.937722	3.59969
178.938	0.937731	3.59972
179.172	0.937739	3.59975
179.406	0.937748	3.59979
179.641	0.937756	3.59982
179.875	0.937765	3.59985
180.109	0.937773	3.59988
180.343	0.937782	3.59991
180.577	0.93779	3.59994
180.812	0.937799	3.59997
181.046	0.937807	3.6
181.28	0.937816	3.60004
181.514	0.937824	3.60007
181.748	0.937833	3.6001
181.983	0.937841	3.60013
182.217	0.937849	3.60016
182.451	0.937858	3.60019
182.685	0.937866	3.60022
182.919	0.937875	3.60025
183.154	0.937883	3.60029
183.388	0.937892	3.60032
183.622	0.9379	3.60035
183.856	0.937909	3.60038
184.091	0.937917	3.60041
184.325	0.937926	3.60044
184.559	0.937934	3.60047
184.793	0.937942	3.6005
185.027	0.937951	3.60054
185.262	0.937959	3.60057
185.496	0.937968	3.6006
185.73	0.937976	3.60063
185.964	0.937985	3.60066
186.198	0.937993	3.60069
186.433	0.938002	3.60072
186.667	0.93801	3.60075
186.901	0.938019	3.60079
187.135	0.938027	3.60082
187.37	0.938035	3.60085
187.604	0.938044	3.60088
187.838	0.938052	3.60091
188.072	0.938061	3.60094
188.306	0.938069	3.60097
188.541	0.938078	3.601
188.775	0.938086	3.60103
189.009	0.938094	3.60107
189.243	0.938103	3.6011
189.477	0.938111	3.60113
189.712	0.93812	3.60116
189.946	0.938128	3.60119
190.18	0.938137	3.60122
190.414	0.938145	3.60125
190.648	0.938153	3.60128
190.883	0.938162	3.60132
191.117	0.93817	3.60135
191.351	0.938179	3.60138
191.585	0.938187	3.60141
191.82	0.938196	3.60144
192.054	0.938204	3.60147
192.288	0.938212	3.6015
192.522	0.938221	3.60153
192.756	0.938229	3.60157
192.991	0.938238	3.6016
193.225	0.938246	3.60163
193.459	0.938254	3.60166
193.693	0.938263	3.60169
193.927	0.938271	3.60172
194.162	0.93828	3.60175
194.396	0.938288	3.60178
194.63	0.938296	3.60182
194.864	0.938305	3.60185
195.099	0.938313	3.60188
195.333	0.938322	3.60191
195.567	0.93833	3.60194
195.801	0.938338	3.60197
196.035	0.938347	3.602
196.27	0.938355	3.60203
196.504	0.938364	3.60207
196.738	0.938372	3.6021
196.972	0.93838	3.60213
197.206	0.938389	3.60216
197.441	0.938397	3.60219
197.675	0.938406	3.60222
197.909	0.938414	3.60225
198.143	0.938422	3.60228
198.377	0.938431	3.60231
198.612	0.938439	3.60235
198.846	0.938447	3.60238
199.08	0.938456	3.60241
199.314	0.938464	3.60244
199.549	0.938473	3.60247
199.783	0.938481	3.6025
200.017	0.938489	3.60253
200.251	0.938498	3.60256
200.485	0.938506	3.6026
200.72	0.938514	3.60263
200.954	0.938523	3.60266
201.188	0.938531	3.60269
201.422	0.93854	3.60272
201.656	0.938548	3.60275
201.891	0.938556	3.60278
202.125	0.938565	3.60281
202.359	0.938573	3.60285
202.593	0.938581	3.60288
202.827	0.93859	3.60291
203.062	0.938598	3.60294
203.296	0.938607	3.60297
203.53	0.938615	3.603
203.764	0.938623	3.60303
203.999	0.938632	3.60306
204.233	0.93864	3.60309
204.467	0.938648	3.60313
204.701	0.938657	3.60316
204.935	0.938665	3.60319
205.17	0.938673	3.60322
205.404	0.938682	3.60325
205.638	0.93869	3.60328
205.872	0.938698	3.60331
206.106	0.938707	3.60334
206.341	0.938715	3.60338
206.575	0.938723	3.60341
206.809	0.938732	3.60344
207.043	0.93874	3.60347
207.278	0.938749	3.6035
207.512	0.938757	3.60353
207.746	0.938765	3.60356
207.98	0.938774	3.60359
208.214	0.938782	3.60362
208.449	0.93879	3.60366
208.683	0.938799	3.60369
208.917	0.938807	3.60372
209.151	0.938815	3.60375
209.385	0.938824	3.60378
209.62	0.938832	3.60381
209.854	0.93884	3.60384
210.088	0.938849	3.60387
210.322	0.938857	3.60391
210.556	0.938865	3.60394
210.791	0.938874	3.60397
211.025	0.938882	3.604
211.259	0.93889	3.60403
211.493	0.938899	3.60406
211.728	0.938907	3.60409
211.962	0.938915	3.60412
212.196	0.938923	3.60416
212.43	0.938932	3.60419
212.664	0.93894	3.60422
212.899	0.938948	3.60425
213.133	0.938957	3.60428
213.367	0.938965	3.60431
213.601	0.938973	3.60434
213.835	0.938982	3.60437
214.07	0.93899	3.6044
214.304	0.938998	3.60444
214.538	0.939007	3.60447
214.772	0.939015	3.6045
215.007	0.939023	3.60453
215.241	0.939032	3.60456
215.475	0.93904	3.60459
215.709	0.939048	3.60462
215.943	0.939057	3.60465
216.178	0.939065	3.60468
216.412	0.939073	3.60472
216.646	0.939081	3.60475
216.88	0.93909	3.60478
217.114	0.939098	3.60481
217.349	0.939106	3.60484
217.583	0.939115	3.60487
217.817	0.939123	3.6049
218.051	0.939131	3.60493
218.285	0.939139	3.60497
218.52	0.939148	3.605
218.754	0.939156	3.60503
218.988	0.939164	3.60506
219.222	0.939173	3.60509
219.457	0.939181	3.60512
219.691	0.939189	3.60515
219.925	0.939198	3.60518
220.159	0.939206	3.60521
220.393	0.939214	3.60525
220.628	0.939222	3.60528
220.862	0.939231	3.60531
221.096	0.939239	3.60534
221.33	0.939247	3.60537
221.564	0.939256	3.6054
221.799	0.939264	3.60543
222.033	0.939272	3.60546
222.267	0.93928	3.60549
222.501	0.939289	3.60553
222.736	0.939297	3.60556
222.97	0.939305	3.60559
223.204	0.939313	3.60562
223.438	0.939322	3.60565
223.672	0.93933	3.60568
223.907	0.939338	3.60571
224.141	0.939347	3.60574
224.375	0.939355	3.60578
224.609	0.939363	3.60581
224.843	0.939371	3.60584
225.078	0.93938	3.60587
225.312	0.939388	3.6059
225.546	0.939396	3.60593
225.78	0.939404	3.60596
226.014	0.939413	3.60599
226.249	0.939421	3.60602
226.483	0.939429	3.60606
226.717	0.939437	3.60609
226.951	0.939446	3.60612
227.186	0.939454	3.60615
227.42	0.939462	3.60618
227.654	0.93947	3.60621
227.888	0.939479	3.60624
228.122	0.939487	3.60627
228.357	0.939495	3.6063
228.591	0.939504	3.60634
228.825	0.939512	3.60637
229.059	0.93952	3.6064
229.293	0.939528	3.60643
229.528	0.939537	3.60646
229.762	0.939545	3.60649
229.996	0.939553	3.60652
230.23	0.939561	3.60655
230.464	0.939569	3.60658
230.699	0.939578	3.60662
230.933	0.939586	3.60665
231.167	0.939594	3.60668
231.401	0.939602	3.60671
231.636	0.939611	3.60674
231.87	0.939619	3.60677
232.104	0.939627	3.6068
232.338	0.939635	3.60683
232.572	0.939644	3.60686
232.807	0.939652	3.6069
233.041	0.93966	3.60693
233.275	0.939668	3.60696
233.509	0.939677	3.60699
233.743	0.939685	3.60702
233.978	0.939693	3.60705
234.212	0.939701	3.60708
234.446	0.939709	3.60711
234.68	0.939718	3.60715
234.915	0.939726	3.60718
235.149	0.939734	3.60721
235.383	0.939742	3.60724
235.617	0.939751	3.60727
235.851	0.939759	3.6073
236.086	0.939767	3.60733
236.32	0.939775	3.60736
236.554	0.939783	3.60739
236.788	0.939792	3.60743
237.022	0.9398	3.60746
237.257	0.939808	3.60749
237.491	0.939816	3.60752
237.725	0.939825	3.60755
237.959	0.939833	3.60758
238.193	0.939841	3.60761
238.428	0.939849	3.60764
238.662	0.939857	3.60767
238.896	0.939866	3.60771
239.13	0.939874	3.60774
239.365	0.939882	3.60777
239.599	0.93989	3.6078
239.833	0.939898	3.60783
240.067	0.939907	3.60786
240.301	0.939915	3.60789
240.536	0.939923	3.60792
240.77	0.939931	3.60795
241.004	0.939939	3.60799
241.238	0.939948	3.60802
241.472	0.939956	3.60805
241.707	0.939964	3.60808
241.941	0.939972	3.60811
242.175	0.93998	3.60814
242.409	0.939989	3.60817
242.644	0.939997	3.6082
242.878	0.940005	3.60823
243.112	0.940013	3.60827
243.346	0.940021	3.6083
243.58	0.94003	3.60833
243.815	0.940038	3.60836
244.049	0.940046	3.60839
244.283	0.940054	3.60842
244.517	0.940062	3.60845
244.751	0.940071	3.60848
244.986	0.940079	3.60851
245.22	0.940087	3.60854
245.454	0.940095	3.60858
245.688	0.940103	3.60861
245.922	0.940112	3.60864
246.157	0.94012	3.60867
246.391	0.940128	3.6087
246.625	0.940136	3.60873
246.859	0.940144	3.60876
247.094	0.940152	3.60879
247.328	0.940161	3.60882
247.562	0.940169	3.60886
247.796	0.940177	3.60889
248.03	0.940185	3.60892
248.265	0.940193	3.60895
248.499	0.940201	3.60898
248.733	0.94021	3.60901
248.967	0.940218	3.60904
249.201	0.940226	3.60907
249.436	0.940234	3.6091
249.67	0.940242	3.60914
249.904	0.94025	3.60917
250.138	0.940259	3.6092
250.373	0.940267	3.60923
250.607	0.940275	3.60926
250.841	0.940283	3.60929
251.075	0.940291	3.60932
251.309	0.940299	3.60935
251.544	0.940308	3.60938
251.778	0.940316	3.60942
252.012	0.940324	3.60945
252.246	0.940332	3.60948
252.48	0.94034	3.60951
252.715	0.940348	3.60954
252.949	0.940357	3.60957
253.183	0.940365	3.6096
253.417	0.940373	3.60963
253.651	0.940381	3.60966
253.886	0.940389	3.6097
254.12	0.940397	3.60973
254.354	0.940405	3.60976
254.588	0.940414	3.60979
254.823	0.940422	3.60982
255.057	0.94043	3.60985
255.291	0.940438	3.60988
255.525	0.940446	3.60991
255.759	0.940454	3.60994
255.994	0.940462	3.60997
256.228	0.940471	3.61001
256.462	0.940479	3.61004
256.696	0.940487	3.61007
256.93	0.940495	3.6101
257.165	0.940503	3.61013
257.399	0.940511	3.61016
257.633	0.940519	3.61019
257.867	0.940528	3.61022
258.101	0.940536	3.61025
258.336	0.940544	3.61029
258.57	0.940552	3.61032
258.804	0.94056	3.61035
259.038	0.940568	3.61038
259.273	0.940576	3.61041
259.507	0.940585	3.61044
259.741	0.940593	3.61047
259.975	0.940601	3.6105
260.209	0.940609	3.61053
260.444	0.940617	3.61056
260.678	0.940625	3.6106
260.912	0.940633	3.61063
261.146	0.940641	3.61066
261.38	0.94065	3.61069
261.615	0.940658	3.61072
261.849	0.940666	3.61075
262.083	0.940674	3.61078
262.317	0.940682	3.61081
262.552	0.94069	3.61084
262.786	0.940698	3.61088
263.02	0.940706	3.61091
263.254	0.940715	3.61094
263.488	0.940723	3.61097
263.723	0.940731	3.611
263.957	0.940739	3.61103
264.191	0.940747	3.61106
264.425	0.940755	3.61109
264.659	0.940763	3.61112
264.894	0.940771	3.61115
265.128	0.940779	3.61119
265.362	0.940788	3.61122
265.596	0.940796	3.61125
265.83	0.940804	3.61128
266.065	0.940812	3.61131
266.299	0.94082	3.61134
266.533	0.940828	3.61137
266.767	0.940836	3.6114
267.002	0.940844	3.61143
267.236	0.940852	3.61147
267.47	0.94086	3.6115
267.704	0.940869	3.61153
267.938	0.940877	3.61156
268.173	0.940885	3.61159
268.407	0.940893	3.61162
268.641	0.940901	3.61165
268.875	0.940909	3.61168
269.109	0.940917	3.61171
269.344	0.940925	3.61174
269.578	0.940933	3.61178
269.812	0.940941	3.61181
270.046	0.94095	3.61184
270.281	0.940958	3.61187
270.515	0.940966	3.6119
270.749	0.940974	3.61193
270.983	0.940982	3.61196
271.217	0.94099	3.61199
271.452	0.940998	3.61202
271.686	0.941006	3.61206
271.92	0.941014	3.61209
272.154	0.941022	3.61212
272.388	0.94103	3.61215
272.623	0.941038	3.61218
272.857	0.941047	3.61221
273.091	0.941055	3.61224
273.325	0.941063	3.61227
273.559	0.941071	3.6123
273.794	0.941079	3.61233
274.028	0.941087	3.61237
274.262	0.941095	3.6124
274.496	0.941103	3.61243
274.731	0.941111	3.61246
274.965	0.941119	3.61249
275.199	0.941127	3.61252
275.433	0.941135	3.61255
275.667	0.941143	3.61258
275.902	0.941151	3.61261
276.136	0.94116	3.61264
276.37	0.941168	3.61268
276.604	0.941176	3.61271
276.838	0.941184	3.61274
277.073	0.941192	3.61277
277.307	0.9412	3.6128
277.541	0.941208	3.61283
277.775	0.941216	3.61286
278.01	0.941224	3.61289
278.244	0.941232	3.61292
278.478	0.94124	3.61295
278.712	0.941248	3.61299
278.946	0.941256	3.61302
279.181	0.941264	3.61305
279.415	0.941272	3.61308
279.649	0.94128	3.61311
279.883	0.941289	3.61314
280.117	0.941297	3.61317
280.352	0.941305	3.6132
280.586	0.941313	3.61323
280.82	0.941321	3.61327
281.054	0.941329	3.6133
281.288	0.941337	3.61333
281.523	0.941345	3.61336
281.757	0.941353	3.61339
281.991	0.941361	3.61342
282.225	0.941369	3.61345
282.46	0.941377	3.61348
282.694	0.941385	3.61351
282.928	0.941393	3.61354
283.162	0.941401	3.61358
283.396	0.941409	3.61361
283.631	0.941417	3.61364
283.865	0.941425	3.61367
284.099	0.941433	3.6137
284.333	0.941441	3.61373
284.567	0.941449	3.61376
284.802	0.941458	3.61379
285.036	0.941466	3.61382
285.27	0.941474	3.61385
285.504	0.941482	3.61389
285.739	0.94149	3.61392
285.973	0.941498	3.61395
286.207	0.941506	3.61398
286.441	0.941514	3.61401
286.675	0.941522	3.61404
286.91	0.94153	3.61407
287.144	0.941538	3.6141
287.378	0.941546	3.61413
287.612	0.941554	3.61416
287.846	0.941562	3.6142
288.081	0.94157	3.61423
288.315	0.941578	3.61426
288.549	0.941586	3.61429
288.783	0.941594	3.61432
289.017	0.941602	3.61435
289.252	0.94161	3.61438
289.486	0.941618	3.61441
289.72	0.941626	3.61444
289.954	0.941634	3.61447
290.189	0.941642	3.61451
290.423	0.94165	3.61454
290.657	0.941658	3.61457
290.891	0.941666	3.6146
291.125	0.941674	3.61463
291.36	0.941682	3.61466
291.594	0.94169	3.61469
291.828	0.941698	3.61472
292.062	0.941706	3.61475
292.296	0.941714	3.61478
292.531	0.941722	3.61482
292.765	0.94173	3.61485
292.999	0.941738	3.61488
293.233	0.941746	3.61491
293.467	0.941754	3.61494
293.702	0.941762	3.61497
293.936	0.94177	3.615
294.17	0.941778	3.61503
294.404	0.941786	3.61506
294.639	0.941794	3.61509
294.873	0.941802	3.61512
295.107	0.94181	3.61516
295.341	0.941818	3.61519
295.575	0.941826	3.61522
295.81	0.941834	3.61525
296.044	0.941842	3.61528
296.278	0.94185	3.61531
296.512	0.941858	3.61534
296.746	0.941866	3.61537
296.981	0.941874	3.6154
297.215	0.941882	3.61543
297.449	0.94189	3.61547
297.683	0.941898	3.6155
297.918	0.941906	3.61553
298.152	0.941914	3.61556
298.386	0.941922	3.61559
298.62	0.94193	3.61562
298.854	0.941938	3.61565
299.089	0.941946	3.61568
299.323	0.941954	3.61571
299.557	0.941962	3.61574
299.791	0.94197	3.61578
300.025	0.941978	3.61581
300.26	0.941986	3.61584
300.494	0.941994	3.61587
300.728	0.942002	3.6159
300.962	0.94201	3.61593
301.196	0.942018	3.61596
301.431	0.942026	3.61599
301.665	0.942034	3.61602
301.899	0.942042	3.61605
302.133	0.94205	3.61609
302.368	0.942058	3.61612
302.602	0.942066	3.61615
302.836	0.942074	3.61618
303.07	0.942082	3.61621
303.304	0.94209	3.61624
303.539	0.942098	3.61627
303.773	0.942106	3.6163
304.007	0.942114	3.61633
304.241	0.942122	3.61636
304.475	0.94213	3.61639
304.71	0.942138	3.61643
304.944	0.942146	3.61646
305.178	0.942154	3.61649
305.412	0.942162	3.61652
305.647	0.942169	3.61655
305.881	0.942177	3.61658
306.115	0.942185	3.61661
306.349	0.942193	3.61664
306.583	0.942201	3.61667
306.818	0.942209	3.6167
307.052	0.942217	3.61674
307.286	0.942225	3.61677
307.52	0.942233	3.6168
307.754	0.942241	3.61683
307.989	0.942249	3.61686
308.223	0.942257	3.61689
308.457	0.942265	3.61692
308.691	0.942273	3.61695
308.925	0.942281	3.61698
309.16	0.942289	3.61701
309.394	0.942297	3.61704
309.628	0.942305	3.61708
309.862	0.942313	3.61711
310.097	0.942321	3.61714
310.331	0.942329	3.61717
310.565	0.942337	3.6172
310.799	0.942344	3.61723
311.033	0.942352	3.61726
311.268	0.94236	3.61729
311.502	0.942368	3.61732
311.736	0.942376	3.61735
311.97	0.942384	3.61739
312.204	0.942392	3.61742
312.439	0.9424	3.61745
312.673	0.942408	3.61748
312.907	0.942416	3.61751
313.141	0.942424	3.61754
313.376	0.942432	3.61757
313.61	0.94244	3.6176
313.844	0.942448	3.61763
314.078	0.942456	3.61766
314.312	0.942464	3.61769
314.547	0.942471	3.61773
314.781	0.942479	3.61776
315.015	0.942487	3.61779
315.249	0.942495	3.61782
315.483	0.942503	3.61785
315.718	0.942511	3.61788
315.952	0.942519	3.61791
316.186	0.942527	3.61794
316.42	0.942535	3.61797
316.654	0.942543	3.618
316.889	0.942551	3.61803
317.123	0.942559	3.61807
317.357	0.942567	3.6181
317.591	0.942575	3.61813
317.826	0.942582	3.61816
318.06	0.94259	3.61819
318.294	0.942598	3.61822
318.528	0.942606	3.61825
318.762	0.942614	3.61828
318.997	0.942622	3.61831
319.231	0.94263	3.61834
319.465	0.942638	3.61838
319.699	0.942646	3.61841
319.933	0.942654	3.61844
320.168	0.942662	3.61847
320.402	0.94267	3.6185
320.636	0.942677	3.61853
320.87	0.942685	3.61856
321.104	0.942693	3.61859
321.339	0.942701	3.61862
321.573	0.942709	3.61865
321.807	0.942717	3.61868
322.041	0.942725	3.61872
322.276	0.942733	3.61875
322.51	0.942741	3.61878
322.744	0.942749	3.61881
322.978	0.942757	3.61884
323.212	0.942764	3.61887
323.447	0.942772	3.6189
323.681	0.94278	3.61893
323.915	0.942788	3.61896
324.149	0.942796	3.61899
324.383	0.942804	3.61902
324.618	0.942812	3.61906
324.852	0.94282	3.61909
325.086	0.942828	3.61912
325.32	0.942836	3.61915
325.555	0.942843	3.61918
325.789	0.942851	3.61921
326.023	0.942859	3.61924
326.257	0.942867	3.61927
326.491	0.942875	3.6193
326.726	0.942883	3.61933
326.96	0.942891	3.61936
327.194	0.942899	3.6194
327.428	0.942907	3.61943
327.662	0.942914	3.61946
327.897	0.942922	3.61949
328.131	0.94293	3.61952
328.365	0.942938	3.61955
328.599	0.942946	3.61958
328.833	0.942954	3.61961
329.068	0.942962	3.61964
329.302	0.94297	3.61967
329.536	0.942977	3.6197
329.77	0.942985	3.61974
330.005	0.942993	3.61977
330.239	0.943001	3.6198
330.473	0.943009	3.61983
330.707	0.943017	3.61986
330.941	0.943025	3.61989
331.176	0.943033	3.61992
331.41	0.943041	3.61995
331.644	0.943048	3.61998
331.878	0.943056	3.62001
332.112	0.943064	3.62004
332.347	0.943072	3.62008
332.581	0.94308	3.62011
332.815	0.943088	3.62014
333.049	0.943096	3.62017
333.284	0.943103	3.6202
333.518	0.943111	3.62023
333.752	0.943119	3.62026
333.986	0.943127	3.62029
334.22	0.943135	3.62032
334.455	0.943143	3.62035
334.689	0.943151	3.62038
334.923	0.943159	3.62042
335.157	0.943166	3.62045
335.391	0.943174	3.62048
335.626	0.943182	3.62051
335.86	0.94319	3.62054
336.094	0.943198	3.62057
336.328	0.943206	3.6206
336.562	0.943214	3.62063
336.797	0.943221	3.62066
337.031	0.943229	3.62069
337.265	0.943237	3.62072
337.499	0.943245	3.62075
337.734	0.943253	3.62079
337.968	0.943261	3.62082
338.202	0.943269	3.62085
338.436	0.943276	3.62088
338.67	0.943284	3.62091
338.905	0.943292	3.62094
339.139	0.9433	3.62097
339.373	0.943308	3.621
339.607	0.943316	3.62103
339.841	0.943323	3.62106
340.076	0.943331	3.62109
340.31	0.943339	3.62113
340.544	0.943347	3.62116
340.781	0.943355	3.62119
341.015	0.943363	3.62122
341.249	0.943371	3.62125
341.483	0.943378	3.62128
341.717	0.943386	3.62131
341.952	0.943394	3.62134
342.186	0.943402	3.62137
342.42	0.94341	3.6214
342.654	0.943418	3.62143
342.889	0.943425	3.62147
343.123	0.943433	3.6215
343.357	0.943441	3.62153
343.591	0.943449	3.62156
343.825	0.943457	3.62159
344.06	0.943465	3.62162
344.294	0.943472	3.62165
344.528	0.94348	3.62168
344.762	0.943488	3.62171
344.996	0.943496	3.62174
345.231	0.943504	3.62177
345.465	0.943512	3.6218
345.699	0.943519	3.62184
345.933	0.943527	3.62187
346.168	0.943535	3.6219
346.402	0.943543	3.62193
346.636	0.943551	3.62196
346.87	0.943559	3.62199
347.104	0.943566	3.62202
347.339	0.943574	3.62205
347.573	0.943582	3.62208
347.807	0.94359	3.62211
348.041	0.943598	3.62214
348.275	0.943605	3.62218
348.51	0.943613	3.62221
348.744	0.943621	3.62224
348.978	0.943629	3.62227
349.212	0.943637	3.6223
349.446	0.943645	3.62233
349.681	0.943652	3.62236
349.915	0.94366	3.62239
350.149	0.943668	3.62242
350.383	0.943676	3.62245
350.618	0.943684	3.62248
350.852	0.943691	3.62251
351.086	0.943699	3.62255
351.32	0.943707	3.62258
351.554	0.943715	3.62261
351.789	0.943723	3.62264
352.023	0.94373	3.62267
352.257	0.943738	3.6227
352.491	0.943746	3.62273
352.725	0.943754	3.62276
352.96	0.943762	3.62279
353.194	0.943769	3.62282
353.428	0.943777	3.62285
353.662	0.943785	3.62289
353.897	0.943793	3.62292
354.131	0.943801	3.62295
354.365	0.943808	3.62298
354.599	0.943816	3.62301
354.833	0.943824	3.62304
355.068	0.943832	3.62307
355.302	0.94384	3.6231
355.536	0.943847	3.62313
355.77	0.943855	3.62316
356.004	0.943863	3.62319
356.239	0.943871	3.62322
356.473	0.943879	3.62326
356.707	0.943886	3.62329
356.941	0.943894	3.62332
357.175	0.943902	3.62335
357.41	0.94391	3.62338
357.644	0.943917	3.62341
357.878	0.943925	3.62344
358.112	0.943933	3.62347
358.347	0.943941	3.6235
358.581	0.943949	3.62353
358.815	0.943956	3.62356
359.049	0.943964	3.62359
359.283	0.943972	3.62363
359.518	0.94398	3.62366
359.752	0.943988	3.62369
359.986	0.943995	3.62372
360.22	0.944003	3.62375
360.454	0.944011	3.62378
360.689	0.944019	3.62381
360.923	0.944026	3.62384
361.157	0.944034	3.62387
361.391	0.944042	3.6239
361.625	0.94405	3.62393
361.86	0.944057	3.62396
362.094	0.944065	3.624
362.328	0.944073	3.62403
362.562	0.944081	3.62406
362.797	0.944089	3.62409
363.031	0.944096	3.62412
363.265	0.944104	3.62415
363.499	0.944112	3.62418
363.733	0.94412	3.62421
363.968	0.944127	3.62424
364.202	0.944135	3.62427
364.436	0.944143	3.6243
364.67	0.944151	3.62433
364.904	0.944158	3.62437
365.139	0.944166	3.6244
365.373	0.944174	3.62443
365.607	0.944182	3.62446
365.841	0.944189	3.62449
366.076	0.944197	3.62452
366.31	0.944205	3.62455
366.544	0.944213	3.62458
366.778	0.944221	3.62461
367.012	0.944228	3.62464
367.247	0.944236	3.62467
367.481	0.944244	3.6247
367.715	0.944252	3.62474
367.949	0.944259	3.62477
368.183	0.944267	3.6248
368.418	0.944275	3.62483
368.652	0.944283	3.62486
368.886	0.94429	3.62489
369.12	0.944298	3.62492
369.354	0.944306	3.62495
369.589	0.944314	3.62498
369.823	0.944321	3.62501
370.057	0.944329	3.62504
370.291	0.944337	3.62507
370.526	0.944344	3.62511
370.76	0.944352	3.62514
370.994	0.94436	3.62517
371.228	0.944368	3.6252
371.462	0.944375	3.62523
371.697	0.944383	3.62526
371.931	0.944391	3.62529
372.165	0.944399	3.62532
372.399	0.944406	3.62535
372.633	0.944414	3.62538
372.868	0.944422	3.62541
373.102	0.94443	3.62544
373.336	0.944437	3.62547
373.57	0.944445	3.62551
373.805	0.944453	3.62554
374.039	0.944461	3.62557
374.273	0.944468	3.6256
374.507	0.944476	3.62563
374.741	0.944484	3.62566
374.976	0.944491	3.62569
375.21	0.944499	3.62572
375.444	0.944507	3.62575
375.678	0.944515	3.62578
375.912	0.944522	3.62581
376.147	0.94453	3.62584
376.381	0.944538	3.62588
376.615	0.944546	3.62591
376.849	0.944553	3.62594
377.083	0.944561	3.62597
377.318	0.944569	3.626
377.552	0.944576	3.62603
377.786	0.944584	3.62606
378.02	0.944592	3.62609
378.255	0.9446	3.62612
378.489	0.944607	3.62615
378.723	0.944615	3.62618
378.957	0.944623	3.62621
379.191	0.94463	3.62624
379.426	0.944638	3.62628
379.66	0.944646	3.62631
379.894	0.944654	3.62634
380.128	0.944661	3.62637
380.362	0.944669	3.6264
380.597	0.944677	3.62643
380.831	0.944684	3.62646
381.065	0.944692	3.62649
381.299	0.9447	3.62652
381.534	0.944708	3.62655
381.768	0.944715	3.62658
382.002	0.944723	3.62661
382.236	0.944731	3.62665
382.47	0.944738	3.62668
382.705	0.944746	3.62671
382.939	0.944754	3.62674
383.173	0.944761	3.62677
383.407	0.944769	3.6268
383.641	0.944777	3.62683
383.876	0.944785	3.62686
384.11	0.944792	3.62689
384.344	0.9448	3.62692
384.578	0.944808	3.62695
384.812	0.944815	3.62698
385.047	0.944823	3.62701
385.281	0.944831	3.62705
385.515	0.944838	3.62708
385.749	0.944846	3.62711
385.984	0.944854	3.62714
386.218	0.944861	3.62717
386.452	0.944869	3.6272
386.686	0.944877	3.62723
386.92	0.944885	3.62726
387.155	0.944892	3.62729
387.389	0.9449	3.62732
387.623	0.944908	3.62735
387.857	0.944915	3.62738
388.091	0.944923	3.62741
388.326	0.944931	3.62745
388.56	0.944938	3.62748
388.794	0.944946	3.62751
389.028	0.944954	3.62754
389.262	0.944961	3.62757
389.497	0.944969	3.6276
389.731	0.944977	3.62763
389.965	0.944984	3.62766
390.199	0.944992	3.62769
390.434	0.945	3.62772
390.668	0.945007	3.62775
390.902	0.945015	3.62778
391.136	0.945023	3.62781
391.37	0.94503	3.62785
391.605	0.945038	3.62788
391.839	0.945046	3.62791
392.073	0.945054	3.62794
392.307	0.945061	3.62797
392.541	0.945069	3.628
392.776	0.945077	3.62803
393.01	0.945084	3.62806
393.244	0.945092	3.62809
393.478	0.9451	3.62812
393.713	0.945107	3.62815
393.947	0.945115	3.62818
394.181	0.945123	3.62821
394.415	0.94513	3.62825
394.649	0.945138	3.62828
394.884	0.945146	3.62831
395.118	0.945153	3.62834
395.352	0.945161	3.62837
395.586	0.945168	3.6284
395.82	0.945176	3.62843
396.055	0.945184	3.62846
396.289	0.945191	3.62849
396.523	0.945199	3.62852
396.757	0.945207	3.62855
396.991	0.945214	3.62858
397.226	0.945222	3.62861
397.46	0.94523	3.62865
397.694	0.945237	3.62868
397.928	0.945245	3.62871
398.163	0.945253	3.62874
398.397	0.94526	3.62877
398.631	0.945268	3.6288
398.865	0.945276	3.62883
399.099	0.945283	3.62886
399.334	0.945291	3.62889
399.568	0.945299	3.62892
399.802	0.945306	3.62895
400.036	0.945314	3.62898
400.27	0.945322	3.62901
400.505	0.945329	3.62905
400.739	0.945337	3.62908
400.973	0.945344	3.62911
401.207	0.945352	3.62914
401.442	0.94536	3.62917
401.676	0.945367	3.6292
401.91	0.945375	3.62923
402.144	0.945383	3.62926
402.378	0.94539	3.62929
402.613	0.945398	3.62932
402.847	0.945406	3.62935
403.081	0.945413	3.62938
403.315	0.945421	3.62941
403.549	0.945428	3.62944
403.784	0.945436	3.62948
404.018	0.945444	3.62951
404.252	0.945451	3.62954
404.486	0.945459	3.62957
404.72	0.945467	3.6296
404.955	0.945474	3.62963
405.189	0.945482	3.62966
405.423	0.94549	3.62969
405.657	0.945497	3.62972
405.892	0.945505	3.62975
406.126	0.945512	3.62978
406.36	0.94552	3.62981
406.594	0.945528	3.62984
406.828	0.945535	3.62988
407.063	0.945543	3.62991
407.297	0.945551	3.62994
407.531	0.945558	3.62997
407.765	0.945566	3.63
407.999	0.945573	3.63003
408.234	0.945581	3.63006
408.468	0.945589	3.63009
408.702	0.945596	3.63012
408.936	0.945604	3.63015
409.171	0.945611	3.63018
409.405	0.945619	3.63021
409.639	0.945627	3.63024
409.873	0.945634	3.63027
410.107	0.945642	3.63031
410.342	0.94565	3.63034
410.576	0.945657	3.63037
410.81	0.945665	3.6304
411.044	0.945672	3.63043
411.278	0.94568	3.63046
411.513	0.945688	3.63049
411.747	0.945695	3.63052
411.981	0.945703	3.63055
412.215	0.94571	3.63058
412.449	0.945718	3.63061
412.684	0.945726	3.63064
412.918	0.945733	3.63067
413.152	0.945741	3.63071
413.386	0.945748	3.63074
413.621	0.945756	3.63077
413.855	0.945764	3.6308
414.089	0.945771	3.63083
414.323	0.945779	3.63086
414.557	0.945786	3.63089
414.792	0.945794	3.63092
415.026	0.945802	3.63095
415.26	0.945809	3.63098
415.494	0.945817	3.63101
415.728	0.945824	3.63104
415.963	0.945832	3.63107
416.197	0.94584	3.6311
416.431	0.945847	3.63114
416.665	0.945855	3.63117
416.899	0.945862	3.6312
417.134	0.94587	3.63123
417.368	0.945878	3.63126
417.602	0.945885	3.63129
417.836	0.945893	3.63132
418.071	0.9459	3.63135
418.305	0.945908	3.63138
418.539	0.945915	3.63141
418.773	0.945923	3.63144
419.007	0.945931	3.63147
419.242	0.945938	3.6315
419.476	0.945946	3.63153
419.71	0.945953	3.63157
419.944	0.945961	3.6316
420.178	0.945969	3.63163
420.413	0.945976	3.63166
420.647	0.945984	3.63169
420.881	0.945991	3.63172
421.115	0.945999	3.63175
421.35	0.946006	3.63178
421.584	0.946014	3.63181
421.818	0.946022	3.63184
422.052	0.946029	3.63187
422.286	0.946037	3.6319
422.521	0.946044	3.63193
422.755	0.946052	3.63196
422.989	0.946059	3.632
423.223	0.946067	3.63203
423.457	0.946075	3.63206
423.692	0.946082	3.63209
423.926	0.94609	3.63212
424.16	0.946097	3.63215
424.394	0.946105	3.63218
424.628	0.946112	3.63221
424.863	0.94612	3.63224
425.097	0.946128	3.63227
425.331	0.946135	3.6323
425.565	0.946143	3.63233
425.8	0.94615	3.63236
426.034	0.946158	3.63239
426.268	0.946165	3.63242
426.502	0.946173	3.63246
426.736	0.94618	3.63249
426.971	0.946188	3.63252
427.205	0.946196	3.63255
427.439	0.946203	3.63258
427.673	0.946211	3.63261
427.907	0.946218	3.63264
428.142	0.946226	3.63267
428.376	0.946233	3.6327
428.61	0.946241	3.63273
428.844	0.946248	3.63276
429.079	0.946256	3.63279
429.313	0.946264	3.63282
429.547	0.946271	3.63285
429.781	0.946279	3.63289
430.015	0.946286	3.63292
430.25	0.946294	3.63295
430.484	0.946301	3.63298
430.718	0.946309	3.63301
430.952	0.946316	3.63304
431.186	0.946324	3.63307
431.421	0.946331	3.6331
431.655	0.946339	3.63313
431.889	0.946347	3.63316
432.123	0.946354	3.63319
432.357	0.946362	3.63322
432.592	0.946369	3.63325
432.826	0.946377	3.63328
433.06	0.946384	3.63331
433.294	0.946392	3.63335
433.529	0.946399	3.63338
433.763	0.946407	3.63341
433.997	0.946414	3.63344
434.231	0.946422	3.63347
434.465	0.946429	3.6335
434.7	0.946437	3.63353
434.934	0.946445	3.63356
435.168	0.946452	3.63359
435.402	0.94646	3.63362
435.636	0.946467	3.63365
435.871	0.946475	3.63368
436.105	0.946482	3.63371
436.339	0.94649	3.63374
436.573	0.946497	3.63378
436.808	0.946505	3.63381
437.042	0.946512	3.63384
437.276	0.94652	3.63387
437.51	0.946527	3.6339
437.744	0.946535	3.63393
437.979	0.946542	3.63396
438.213	0.94655	3.63399
438.447	0.946557	3.63402
438.681	0.946565	3.63405
438.915	0.946572	3.63408
439.15	0.94658	3.63411
439.384	0.946588	3.63414
439.618	0.946595	3.63417
439.852	0.946603	3.6342
440.086	0.94661	3.63424
440.321	0.946618	3.63427
440.555	0.946625	3.6343
440.789	0.946633	3.63433
441.023	0.94664	3.63436
441.258	0.946648	3.63439
441.492	0.946655	3.63442
441.726	0.946663	3.63445
441.96	0.94667	3.63448
442.194	0.946678	3.63451
442.429	0.946685	3.63454
442.663	0.946693	3.63457
442.897	0.9467	3.6346
443.131	0.946708	3.63463
443.365	0.946715	3.63466
443.6	0.946723	3.6347
443.834	0.94673	3.63473
444.068	0.946738	3.63476
444.302	0.946745	3.63479
444.537	0.946753	3.63482
444.771	0.94676	3.63485
445.005	0.946768	3.63488
445.239	0.946775	3.63491
445.473	0.946783	3.63494
445.708	0.94679	3.63497
445.942	0.946798	3.635
446.176	0.946805	3.63503
446.41	0.946813	3.63506
446.644	0.94682	3.63509
446.879	0.946828	3.63512
447.113	0.946835	3.63516
447.347	0.946843	3.63519
447.581	0.94685	3.63522
447.815	0.946858	3.63525
448.05	0.946865	3.63528
448.284	0.946873	3.63531
448.518	0.94688	3.63534
448.752	0.946888	3.63537
448.987	0.946895	3.6354
449.221	0.946903	3.63543
449.455	0.94691	3.63546
449.689	0.946918	3.63549
449.923	0.946925	3.63552
450.158	0.946933	3.63555
450.392	0.94694	3.63558
450.626	0.946947	3.63561
450.86	0.946955	3.63565
451.094	0.946962	3.63568
451.329	0.94697	3.63571
451.563	0.946977	3.63574
451.797	0.946985	3.63577
452.031	0.946992	3.6358
452.265	0.947	3.63583
452.5	0.947007	3.63586
452.734	0.947015	3.63589
452.968	0.947022	3.63592
453.202	0.94703	3.63595
453.437	0.947037	3.63598
453.671	0.947045	3.63601
453.905	0.947052	3.63604
454.139	0.94706	3.63607
454.373	0.947067	3.63611
454.608	0.947075	3.63614
454.842	0.947082	3.63617
455.076	0.94709	3.6362
455.31	0.947097	3.63623
455.544	0.947104	3.63626
455.779	0.947112	3.63629
456.013	0.947119	3.63632
456.247	0.947127	3.63635
456.481	0.947134	3.63638
456.716	0.947142	3.63641
456.95	0.947149	3.63644
457.184	0.947157	3.63647
457.418	0.947164	3.6365
457.652	0.947172	3.63653
457.887	0.947179	3.63656
458.121	0.947187	3.6366
458.355	0.947194	3.63663
458.589	0.947201	3.63666
458.823	0.947209	3.63669
459.058	0.947216	3.63672
459.292	0.947224	3.63675
459.526	0.947231	3.63678
459.76	0.947239	3.63681
459.994	0.947246	3.63684
460.229	0.947254	3.63687
460.463	0.947261	3.6369
460.697	0.947269	3.63693
460.931	0.947276	3.63696
461.166	0.947283	3.63699
461.4	0.947291	3.63702
461.634	0.947298	3.63705
461.868	0.947306	3.63709
462.102	0.947313	3.63712
462.337	0.947321	3.63715
462.571	0.947328	3.63718
462.805	0.947336	3.63721
463.039	0.947343	3.63724
463.273	0.94735	3.63727
463.508	0.947358	3.6373
463.742	0.947365	3.63733
463.976	0.947373	3.63736
464.21	0.94738	3.63739
464.445	0.947388	3.63742
464.679	0.947395	3.63745
464.913	0.947402	3.63748
465.147	0.94741	3.63751
465.381	0.947417	3.63754
465.616	0.947425	3.63758
465.85	0.947432	3.63761
466.084	0.94744	3.63764
466.318	0.947447	3.63767
466.552	0.947455	3.6377
466.787	0.947462	3.63773
467.021	0.947469	3.63776
467.255	0.947477	3.63779
467.489	0.947484	3.63782
467.723	0.947492	3.63785
467.958	0.947499	3.63788
468.192	0.947506	3.63791
468.426	0.947514	3.63794
468.66	0.947521	3.63797
468.895	0.947529	3.638
469.129	0.947536	3.63803
469.363	0.947544	3.63807
469.597	0.947551	3.6381
469.831	0.947558	3.63813
470.066	0.947566	3.63816
470.3	0.947573	3.63819
470.534	0.947581	3.63822
470.768	0.947588	3.63825
471.002	0.947596	3.63828
471.237	0.947603	3.63831
471.471	0.94761	3.63834
471.705	0.947618	3.63837
471.939	0.947625	3.6384
472.174	0.947633	3.63843
472.408	0.94764	3.63846
472.642	0.947647	3.63849
472.876	0.947655	3.63852
473.11	0.947662	3.63855
473.345	0.94767	3.63859
473.579	0.947677	3.63862
473.813	0.947684	3.63865
474.047	0.947692	3.63868
474.281	0.947699	3.63871
474.516	0.947707	3.63874
474.75	0.947714	3.63877
474.984	0.947722	3.6388
475.218	0.947729	3.63883
475.452	0.947736	3.63886
475.687	0.947744	3.63889
475.921	0.947751	3.63892
476.155	0.947759	3.63895
476.389	0.947766	3.63898
476.624	0.947773	3.63901
476.858	0.947781	3.63904
477.092	0.947788	3.63908
477.326	0.947796	3.63911
477.56	0.947803	3.63914
477.795	0.94781	3.63917
478.029	0.947818	3.6392
478.263	0.947825	3.63923
478.497	0.947833	3.63926
478.731	0.94784	3.63929
478.966	0.947847	3.63932
479.2	0.947855	3.63935
479.434	0.947862	3.63938
479.668	0.947869	3.63941
479.902	0.947877	3.63944
480.137	0.947884	3.63947
480.371	0.947892	3.6395
480.605	0.947899	3.63953
480.839	0.947906	3.63956
481.074	0.947914	3.6396
481.308	0.947921	3.63963
481.542	0.947929	3.63966
481.776	0.947936	3.63969
482.01	0.947943	3.63972
482.245	0.947951	3.63975
482.479	0.947958	3.63978
482.713	0.947965	3.63981
482.947	0.947973	3.63984
483.181	0.94798	3.63987
483.416	0.947988	3.6399
483.65	0.947995	3.63993
483.884	0.948002	3.63996
484.118	0.94801	3.63999
484.353	0.948017	3.64002
484.587	0.948024	3.64005
484.821	0.948032	3.64008
485.055	0.948039	3.64012
485.289	0.948047	3.64015
485.524	0.948054	3.64018
485.758	0.948061	3.64021
485.992	0.948069	3.64024
486.226	0.948076	3.64027
486.46	0.948083	3.6403
486.695	0.948091	3.64033
486.929	0.948098	3.64036
487.163	0.948106	3.64039
487.397	0.948113	3.64042
487.631	0.94812	3.64045
487.866	0.948128	3.64048
488.1	0.948135	3.64051
488.334	0.948142	3.64054
488.568	0.94815	3.64057
488.803	0.948157	3.6406
489.037	0.948164	3.64063
489.271	0.948172	3.64067
489.505	0.948179	3.6407
489.739	0.948187	3.64073
489.974	0.948194	3.64076
490.208	0.948201	3.64079
490.442	0.948209	3.64082
490.676	0.948216	3.64085
490.91	0.948223	3.64088
491.145	0.948231	3.64091
491.379	0.948238	3.64094
491.613	0.948245	3.64097
491.847	0.948253	3.641
492.082	0.94826	3.64103
492.316	0.948267	3.64106
492.55	0.948275	3.64109
492.784	0.948282	3.64112
493.018	0.948289	3.64115
493.253	0.948297	3.64119
493.487	0.948304	3.64122
493.721	0.948311	3.64125
493.955	0.948319	3.64128
494.189	0.948326	3.64131
494.424	0.948334	3.64134
494.658	0.948341	3.64137
494.892	0.948348	3.6414
495.126	0.948356	3.64143
495.36	0.948363	3.64146
495.595	0.94837	3.64149
495.829	0.948378	3.64152
496.063	0.948385	3.64155
496.297	0.948392	3.64158
496.532	0.9484	3.64161
496.766	0.948407	3.64164
497	0.948414	3.64167
497.234	0.948422	3.6417
497.468	0.948429	3.64174
497.703	0.948436	3.64177
497.937	0.948444	3.6418
498.171	0.948451	3.64183
498.405	0.948458	3.64186
498.639	0.948466	3.64189
498.874	0.948473	3.64192
499.108	0.94848	3.64195
499.342	0.948488	3.64198
499.576	0.948495	3.64201
499.811	0.948502	3.64204
