0	1.00149	3.55791
0	1.00149	3.55791
0.148129	1.00166	3.5582
0.296257	1.00213	3.55901
0.444386	1.00282	3.56021
0.592514	1.00366	3.56168
0.593996	1.00367	3.5617
0.742124	1.00458	3.56331
0.890253	1.00547	3.56492
1.03838	1.00629	3.56641
1.18651	1.00697	3.56768
1.33316	1.00749	3.56865
1.48129	1.00784	3.56933
1.62941	1.00799	3.5697
1.77754	1.00798	3.56976
1.92567	1.0078	3.56956
2.0738	1.0075	3.56916
2.22193	1.00711	3.56861
2.37006	1.00667	3.56799
2.51819	1.00621	3.56735
2.66631	1.00577	3.56676
2.81444	1.00536	3.56625
2.96257	1.00501	3.56585
3.1107	1.00471	3.56557
3.25883	1.00448	3.56542
3.40696	1.00432	3.5654
3.55509	1.00421	3.56549
3.70322	1.00415	3.56566
3.85134	1.00413	3.56592
3.99947	1.00413	3.56622
4.1476	1.00413	3.56657
4.29573	1.00414	3.56692
4.44386	1.00413	3.56727
4.59199	1.00409	3.56758
4.74012	1.00402	3.56783
4.88824	1.00391	3.56802
5.03637	1.00376	3.56815
5.1845	1.00358	3.56823
5.33263	1.00336	3.56825
5.48076	1.00311	3.56824
5.62889	1.00285	3.56821
5.77702	1.00257	3.56817
5.92514	1.00229	3.56813
6.07327	1.00201	3.5681
6.2214	1.00174	3.56809
6.36953	1.00146	3.56809
6.51766	1.0012	3.56812
6.66579	1.00094	3.56817
6.81392	1.00069	3.56823
6.96204	1.00045	3.56832
7.11017	1.00021	3.56843
7.2583	0.999977	3.56855
7.40643	0.999746	3.56869
7.55456	0.999514	3.56883
7.70269	0.99928	3.56898
7.85082	0.99904	3.56913
7.99894	0.998793	3.56927
8.14707	0.998537	3.5694
8.2952	0.998271	3.56952
8.44333	0.997994	3.56962
8.59294	0.997706	3.56972
8.74107	0.997413	3.56981
8.8892	0.997114	3.56989
9.03733	0.99681	3.56997
9.18545	0.996502	3.57006
9.33358	0.996191	3.57014
9.48171	0.995878	3.57022
9.62984	0.995564	3.57031
9.77797	0.995249	3.57039
9.9261	0.994933	3.57048
10.0742	0.994617	3.57058
10.2224	0.994302	3.57068
10.3705	0.993987	3.57078
10.5186	0.993672	3.57089
10.6667	0.993357	3.571
10.8149	0.993041	3.57111
10.963	0.992726	3.57122
11.1111	0.992408	3.57134
11.2593	0.99209	3.57145
11.4074	0.991769	3.57157
11.5555	0.991446	3.57168
11.7036	0.991121	3.57179
11.8518	0.990794	3.57189
11.9999	0.990466	3.572
12.148	0.990136	3.5721
12.2962	0.989805	3.5722
12.4443	0.989474	3.57231
12.5924	0.989141	3.57241
12.7405	0.988809	3.57251
12.8887	0.988476	3.57261
13.0368	0.988144	3.57271
13.1849	0.987812	3.57281
13.3331	0.98748	3.57291
13.4812	0.987149	3.57302
13.6293	0.986818	3.57312
13.7774	0.986489	3.57322
13.9256	0.98616	3.57332
14.0737	0.985832	3.57343
14.2218	0.985506	3.57353
14.37	0.98518	3.57363
14.5181	0.984855	3.57374
14.6662	0.98453	3.57384
14.8143	0.984207	3.57394
14.9625	0.983884	3.57404
15.1106	0.983563	3.57414
15.2587	0.983242	3.57424
15.4069	0.982922	3.57434
15.555	0.982604	3.57443
15.7031	0.982287	3.57453
15.8512	0.981971	3.57463
15.9994	0.981657	3.57472
16.1475	0.981345	3.57482
16.2956	0.981034	3.57491
16.4438	0.980724	3.575
16.5919	0.980417	3.5751
16.74	0.980111	3.57519
16.8881	0.979807	3.57528
17.0363	0.979505	3.57537
17.1844	0.979206	3.57546
17.3325	0.978908	3.57555
17.4807	0.978612	3.57564
17.6288	0.978319	3.57573
17.7769	0.978027	3.57582
17.925	0.977738	3.57591
18.0732	0.977451	3.57599
18.2213	0.977166	3.57608
18.3694	0.976884	3.57616
18.5176	0.976603	3.57625
18.6657	0.976325	3.57633
18.8138	0.976049	3.57641
18.9619	0.975776	3.5765
19.1101	0.975505	3.57658
19.2582	0.975237	3.57666
19.4063	0.97497	3.57674
19.5545	0.974707	3.57681
19.7026	0.974446	3.57689
19.8507	0.974187	3.57697
19.9988	0.973931	3.57705
20.147	0.973677	3.57712
20.2951	0.973426	3.5772
20.4432	0.973178	3.57727
20.5914	0.972932	3.57734
20.7395	0.972688	3.57741
20.8876	0.972448	3.57749
21.0357	0.97221	3.57756
21.1839	0.971974	3.57763
21.332	0.971741	3.5777
21.4801	0.971511	3.57776
21.6283	0.971283	3.57783
21.7764	0.971058	3.5779
21.9245	0.970836	3.57796
22.0726	0.970616	3.57803
22.2208	0.970399	3.57809
22.3689	0.970184	3.57816
22.5155	0.969975	3.57822
22.6637	0.969765	3.57828
22.8118	0.969558	3.57834
22.9599	0.969354	3.5784
23.1081	0.969152	3.57846
23.2562	0.968953	3.57852
23.4043	0.968757	3.57858
23.5524	0.968563	3.57864
23.7006	0.968371	3.5787
23.8487	0.968183	3.57875
23.9968	0.967996	3.57881
24.145	0.967812	3.57886
24.2931	0.967631	3.57892
24.4412	0.967452	3.57897
24.5893	0.967276	3.57902
24.7375	0.967102	3.57907
24.8856	0.96693	3.57912
25.0337	0.966761	3.57917
25.1819	0.966594	3.57922
25.33	0.96643	3.57927
25.4781	0.966268	3.57932
25.6262	0.966108	3.57937
25.7744	0.965951	3.57942
25.9225	0.965795	3.57946
26.0706	0.965643	3.57951
26.2188	0.965492	3.57955
26.3669	0.965344	3.5796
26.515	0.965198	3.57964
26.6631	0.965054	3.57968
26.8113	0.964912	3.57973
26.9594	0.964773	3.57977
27.1075	0.964635	3.57981
27.2557	0.9645	3.57985
27.4038	0.964367	3.57989
27.5519	0.964236	3.57993
27.7	0.964107	3.57997
27.8482	0.96398	3.58001
27.9963	0.963855	3.58005
28.1444	0.963732	3.58008
28.2926	0.963611	3.58012
28.4407	0.963491	3.58016
28.5888	0.963374	3.58019
28.7369	0.963259	3.58023
28.8851	0.963145	3.58026
29.0332	0.963034	3.5803
29.1813	0.962924	3.58033
29.3295	0.962816	3.58036
29.4776	0.96271	3.5804
29.6257	0.962606	3.58043
29.7738	0.962503	3.58046
29.922	0.962402	3.58049
30.0701	0.962303	3.58052
30.2182	0.962205	3.58055
30.3664	0.962109	3.58058
30.5145	0.962015	3.58061
30.6626	0.961922	3.58064
30.8107	0.961831	3.58067
30.9589	0.961741	3.5807
31.107	0.961653	3.58072
31.2551	0.961567	3.58075
31.4033	0.961482	3.58078
31.5514	0.961398	3.5808
31.6995	0.961316	3.58083
31.8476	0.961235	3.58086
31.9958	0.961156	3.58088
32.1439	0.961078	3.58091
32.292	0.961001	3.58093
32.4402	0.960926	3.58096
32.5883	0.960852	3.58098
32.7364	0.96078	3.581
32.8845	0.960709	3.58103
33.0327	0.960639	3.58105
33.1808	0.96057	3.58107
33.3289	0.960503	3.58109
33.4771	0.960436	3.58112
33.6252	0.960371	3.58114
33.7733	0.960307	3.58116
33.9215	0.960245	3.58118
34.0696	0.960183	3.5812
34.2177	0.960122	3.58122
34.3658	0.960063	3.58124
34.514	0.960005	3.58126
34.6621	0.959948	3.58128
34.8102	0.959891	3.5813
34.9584	0.959836	3.58132
35.1065	0.959782	3.58133
35.2546	0.959729	3.58135
35.4027	0.959677	3.58137
35.5523	0.959625	3.58139
35.7005	0.959575	3.58141
35.8486	0.959526	3.58142
35.9967	0.959477	3.58144
36.1449	0.95943	3.58146
36.293	0.959383	3.58147
36.4411	0.959338	3.58149
36.5892	0.959293	3.58151
36.7374	0.959249	3.58152
36.8855	0.959206	3.58154
37.0336	0.959163	3.58155
37.1818	0.959122	3.58157
37.3299	0.959081	3.58158
37.478	0.959041	3.5816
37.6261	0.959002	3.58161
37.7743	0.958964	3.58163
37.9224	0.958926	3.58164
38.0705	0.958889	3.58165
38.2187	0.958853	3.58167
38.3668	0.958817	3.58168
38.5149	0.958782	3.58169
38.663	0.958748	3.58171
38.8112	0.958714	3.58172
38.9593	0.958681	3.58173
39.1074	0.958649	3.58175
39.2556	0.958618	3.58176
39.4037	0.958587	3.58177
39.5518	0.958556	3.58178
39.6999	0.958526	3.58179
39.8481	0.958497	3.58181
39.9962	0.958468	3.58182
40.1443	0.95844	3.58183
40.2925	0.958413	3.58184
40.4406	0.958386	3.58185
40.5887	0.958359	3.58186
40.7368	0.958333	3.58187
40.885	0.958308	3.58189
41.0331	0.958283	3.5819
41.1812	0.958259	3.58191
41.3294	0.958235	3.58192
41.4775	0.958211	3.58193
41.6256	0.958188	3.58194
41.7737	0.958166	3.58195
41.9219	0.958144	3.58196
42.07	0.958122	3.58197
42.2181	0.958101	3.58198
42.3663	0.95808	3.58199
42.5144	0.95806	3.582
42.6625	0.95804	3.582
42.8106	0.95802	3.58201
42.9588	0.958001	3.58202
43.1069	0.957983	3.58203
43.255	0.957964	3.58204
43.4032	0.957946	3.58205
43.5513	0.957929	3.58206
43.6994	0.957911	3.58207
43.8475	0.957894	3.58208
43.9957	0.957878	3.58208
44.1438	0.957862	3.58209
44.2919	0.957846	3.5821
44.4401	0.95783	3.58211
44.5882	0.957815	3.58212
44.7363	0.9578	3.58213
44.8844	0.957786	3.58213
45.0326	0.957771	3.58214
45.1807	0.957757	3.58215
45.3288	0.957744	3.58216
45.477	0.95773	3.58216
45.6251	0.957717	3.58217
45.7732	0.957704	3.58218
45.9213	0.957692	3.58219
46.0695	0.957679	3.58219
46.2176	0.957667	3.5822
46.3657	0.957656	3.58221
46.5139	0.957644	3.58222
46.662	0.957633	3.58222
46.8101	0.957622	3.58223
46.9582	0.957611	3.58224
47.1064	0.9576	3.58224
47.2545	0.95759	3.58225
47.4026	0.95758	3.58226
47.5508	0.95757	3.58226
47.6989	0.95756	3.58227
47.847	0.957551	3.58228
47.9951	0.957542	3.58228
48.1433	0.957533	3.58229
48.2914	0.957524	3.5823
48.4395	0.957515	3.5823
48.5877	0.957507	3.58231
48.7358	0.957498	3.58231
48.8839	0.95749	3.58232
49.032	0.957482	3.58233
49.1802	0.957475	3.58233
49.3283	0.957467	3.58234
49.4764	0.95746	3.58235
49.6246	0.957453	3.58235
49.7727	0.957446	3.58236
49.9208	0.957439	3.58236
50.0689	0.957432	3.58237
50.2171	0.957425	3.58237
50.3652	0.957419	3.58238
50.5133	0.957413	3.58239
50.6615	0.957407	3.58239
50.8096	0.957401	3.5824
50.9577	0.957395	3.5824
51.1058	0.957389	3.58241
51.254	0.957383	3.58241
51.4021	0.957378	3.58242
51.5502	0.957373	3.58243
51.6984	0.957368	3.58243
51.8465	0.957362	3.58244
51.9946	0.957358	3.58244
52.1427	0.957353	3.58245
52.2909	0.957348	3.58245
52.439	0.957343	3.58246
52.5871	0.957339	3.58246
52.7353	0.957335	3.58247
52.8834	0.95733	3.58247
53.0315	0.957326	3.58248
53.1796	0.957322	3.58248
53.3278	0.957318	3.58249
53.4759	0.957314	3.58249
53.624	0.957311	3.5825
53.7722	0.957307	3.5825
53.9203	0.957304	3.58251
54.0684	0.9573	3.58251
54.2165	0.957297	3.58252
54.3647	0.957294	3.58252
54.5128	0.95729	3.58253
54.6609	0.957287	3.58253
54.8091	0.957284	3.58254
54.9572	0.957281	3.58254
55.1053	0.957279	3.58255
55.2535	0.957276	3.58255
55.4016	0.957273	3.58256
55.5497	0.95727	3.58256
55.6978	0.957268	3.58257
55.846	0.957265	3.58257
55.9941	0.957263	3.58258
56.1422	0.957261	3.58258
56.2904	0.957259	3.58259
56.4385	0.957256	3.58259
56.5866	0.957254	3.58259
56.7347	0.957252	3.5826
56.8829	0.95725	3.5826
57.031	0.957248	3.58261
57.1791	0.957246	3.58261
57.3273	0.957245	3.58262
57.4754	0.957243	3.58262
57.6235	0.957241	3.58263
57.7716	0.95724	3.58263
57.9198	0.957238	3.58264
58.0679	0.957237	3.58264
58.216	0.957235	3.58264
58.3642	0.957234	3.58265
58.5123	0.957232	3.58265
58.6604	0.957231	3.58266
58.8085	0.95723	3.58266
58.9567	0.957229	3.58267
59.1048	0.957227	3.58267
59.2529	0.957226	3.58267
59.4011	0.957225	3.58268
59.5492	0.957224	3.58268
59.6973	0.957223	3.58269
59.8454	0.957222	3.58269
59.9936	0.957221	3.5827
60.1417	0.95722	3.5827
60.2898	0.95722	3.5827
60.438	0.957219	3.58271
60.5861	0.957218	3.58271
60.7342	0.957217	3.58272
60.8823	0.957217	3.58272
61.0305	0.957216	3.58273
61.1786	0.957216	3.58273
61.3267	0.957215	3.58273
61.4749	0.957214	3.58274
61.623	0.957214	3.58274
61.7711	0.957214	3.58275
61.9192	0.957213	3.58275
62.0674	0.957213	3.58275
62.2155	0.957212	3.58276
62.3636	0.957212	3.58276
62.5118	0.957212	3.58277
62.6599	0.957211	3.58277
62.808	0.957211	3.58278
62.9561	0.957211	3.58278
63.1043	0.957211	3.58278
63.2524	0.957211	3.58279
63.4005	0.95721	3.58279
63.5487	0.95721	3.5828
63.6968	0.95721	3.5828
63.8449	0.95721	3.5828
63.993	0.95721	3.58281
64.1412	0.95721	3.58281
64.2893	0.95721	3.58282
64.4374	0.95721	3.58282
64.5856	0.95721	3.58282
64.7337	0.95721	3.58283
64.8818	0.95721	3.58283
65.0299	0.957211	3.58284
65.1781	0.957211	3.58284
65.3262	0.957211	3.58284
65.4743	0.957211	3.58285
65.6225	0.957211	3.58285
65.7706	0.957211	3.58286
65.9187	0.957212	3.58286
66.0668	0.957212	3.58286
66.215	0.957212	3.58287
66.3631	0.957212	3.58287
66.5112	0.957213	3.58288
66.6594	0.957213	3.58288
66.8075	0.957213	3.58288
66.9556	0.957214	3.58289
67.1037	0.957214	3.58289
67.2519	0.957215	3.5829
67.4	0.957215	3.5829
67.5481	0.957215	3.5829
67.6963	0.957216	3.58291
67.8444	0.957216	3.58291
67.9925	0.957217	3.58292
68.1406	0.957217	3.58292
68.2888	0.957218	3.58292
68.4369	0.957218	3.58293
68.585	0.957219	3.58293
68.7332	0.957219	3.58293
68.8813	0.95722	3.58294
69.0294	0.95722	3.58294
69.1775	0.957221	3.58295
69.3257	0.957221	3.58295
69.4738	0.957222	3.58295
69.6219	0.957223	3.58296
69.7701	0.957223	3.58296
69.9182	0.957224	3.58297
70.0663	0.957224	3.58297
70.2144	0.957225	3.58297
70.3626	0.957226	3.58298
70.5107	0.957226	3.58298
70.6588	0.957227	3.58298
70.807	0.957228	3.58299
70.9551	0.957228	3.58299
71.1032	0.957229	3.583
71.2513	0.95723	3.583
71.3995	0.95723	3.583
71.5476	0.957231	3.58301
71.6957	0.957232	3.58301
71.8439	0.957233	3.58302
71.992	0.957233	3.58302
72.1401	0.957234	3.58302
72.2882	0.957235	3.58303
72.4364	0.957236	3.58303
72.5845	0.957236	3.58303
72.7326	0.957237	3.58304
72.8808	0.957238	3.58304
73.0289	0.957239	3.58305
73.177	0.95724	3.58305
73.3251	0.95724	3.58305
73.4733	0.957241	3.58306
73.6214	0.957242	3.58306
73.7695	0.957243	3.58307
73.9177	0.957244	3.58307
74.0658	0.957244	3.58307
74.2139	0.957245	3.58308
74.362	0.957246	3.58308
74.5102	0.957247	3.58308
74.6583	0.957248	3.58309
74.8064	0.957249	3.58309
74.9546	0.95725	3.5831
75.1027	0.95725	3.5831
75.2508	0.957251	3.5831
75.3989	0.957252	3.58311
75.5471	0.957253	3.58311
75.6952	0.957254	3.58311
75.8433	0.957255	3.58312
75.9915	0.957256	3.58312
76.1396	0.957257	3.58313
76.2877	0.957258	3.58313
76.4358	0.957258	3.58313
76.584	0.957259	3.58314
76.7321	0.95726	3.58314
76.8802	0.957261	3.58314
77.0284	0.957262	3.58315
77.1765	0.957263	3.58315
77.3246	0.957264	3.58316
77.4727	0.957265	3.58316
77.6209	0.957266	3.58316
77.769	0.957267	3.58317
77.9171	0.957268	3.58317
78.0653	0.957269	3.58317
78.2134	0.95727	3.58318
78.3615	0.957271	3.58318
78.5096	0.957272	3.58319
78.6578	0.957272	3.58319
78.8059	0.957273	3.58319
78.954	0.957274	3.5832
79.1022	0.957275	3.5832
79.2503	0.957276	3.5832
79.3984	0.957277	3.58321
79.5465	0.957278	3.58321
79.6947	0.957279	3.58322
79.8428	0.95728	3.58322
79.9909	0.957281	3.58322
80.1391	0.957282	3.58323
80.2872	0.957283	3.58323
80.4353	0.957284	3.58323
80.5834	0.957285	3.58324
80.7316	0.957286	3.58324
80.8797	0.957287	3.58325
81.0278	0.957288	3.58325
81.176	0.957289	3.58325
81.3241	0.95729	3.58326
81.4722	0.957291	3.58326
81.6203	0.957292	3.58326
81.7685	0.957293	3.58327
81.9166	0.957294	3.58327
82.0647	0.957295	3.58328
82.2129	0.957296	3.58328
82.361	0.957297	3.58328
82.5091	0.957298	3.58329
82.6572	0.957299	3.58329
82.8054	0.9573	3.58329
82.9535	0.957301	3.5833
83.1016	0.957302	3.5833
83.2498	0.957303	3.58331
83.3979	0.957304	3.58331
83.546	0.957305	3.58331
83.6941	0.957306	3.58332
83.8423	0.957307	3.58332
83.9904	0.957308	3.58332
84.1385	0.957309	3.58333
84.2867	0.95731	3.58333
84.4348	0.957311	3.58334
84.5829	0.957312	3.58334
84.731	0.957313	3.58334
84.8792	0.957314	3.58335
85.0273	0.957315	3.58335
85.1754	0.957316	3.58335
85.3236	0.957318	3.58336
85.4717	0.957319	3.58336
85.6198	0.95732	3.58337
85.7679	0.957321	3.58337
85.9161	0.957322	3.58337
86.0642	0.957323	3.58338
86.2123	0.957324	3.58338
86.3605	0.957325	3.58338
86.5086	0.957326	3.58339
86.6567	0.957327	3.58339
86.8048	0.957328	3.5834
86.953	0.957329	3.5834
87.1011	0.95733	3.5834
87.2492	0.957331	3.58341
87.3974	0.957332	3.58341
87.5455	0.957333	3.58341
87.6936	0.957334	3.58342
87.8417	0.957335	3.58342
87.9899	0.957336	3.58343
88.138	0.957337	3.58343
88.2861	0.957338	3.58343
88.4343	0.957339	3.58344
88.5824	0.95734	3.58344
88.7305	0.957341	3.58344
88.8786	0.957342	3.58345
89.0268	0.957343	3.58345
89.1749	0.957344	3.58346
89.323	0.957346	3.58346
89.4712	0.957347	3.58346
89.6193	0.957348	3.58347
89.7674	0.957349	3.58347
89.9155	0.95735	3.58347
90.0637	0.957351	3.58348
90.2118	0.957352	3.58348
90.3599	0.957353	3.58349
90.5081	0.957354	3.58349
90.6562	0.957355	3.58349
90.8043	0.957356	3.5835
90.9524	0.957357	3.5835
91.1006	0.957358	3.5835
91.2487	0.957359	3.58351
91.3968	0.95736	3.58351
91.545	0.957361	3.58351
91.6931	0.957362	3.58352
91.8412	0.957363	3.58352
91.9893	0.957364	3.58353
92.1375	0.957365	3.58353
92.2856	0.957366	3.58353
92.4337	0.957367	3.58354
92.5819	0.957368	3.58354
92.73	0.95737	3.58354
92.8781	0.957371	3.58355
93.0262	0.957372	3.58355
93.1744	0.957373	3.58356
93.3225	0.957374	3.58356
93.4706	0.957375	3.58356
93.6188	0.957376	3.58357
93.7669	0.957377	3.58357
93.915	0.957378	3.58357
94.0631	0.957379	3.58358
94.2113	0.95738	3.58358
94.3594	0.957381	3.58359
94.5075	0.957382	3.58359
94.6557	0.957383	3.58359
94.8038	0.957384	3.5836
94.9519	0.957385	3.5836
95.1	0.957386	3.5836
95.2482	0.957387	3.58361
95.3963	0.957388	3.58361
95.5444	0.957389	3.58362
95.6926	0.95739	3.58362
95.8407	0.957391	3.58362
95.9888	0.957392	3.58363
96.1369	0.957393	3.58363
96.2851	0.957395	3.58363
96.4332	0.957396	3.58364
96.5813	0.957397	3.58364
96.7295	0.957398	3.58364
96.8776	0.957399	3.58365
97.0257	0.9574	3.58365
97.1738	0.957401	3.58366
97.322	0.957402	3.58366
97.4701	0.957403	3.58366
97.6182	0.957404	3.58367
97.7664	0.957405	3.58367
97.9145	0.957406	3.58367
98.0626	0.957407	3.58368
98.2107	0.957408	3.58368
98.3589	0.957409	3.58369
98.507	0.95741	3.58369
98.6551	0.957411	3.58369
98.8033	0.957412	3.5837
98.9514	0.957413	3.5837
99.0995	0.957414	3.5837
99.2476	0.957415	3.58371
99.3958	0.957416	3.58371
99.5439	0.957417	3.58372
99.692	0.957418	3.58372
99.8402	0.957419	3.58372
99.9883	0.95742	3.58373
100.136	0.957421	3.58373
100.285	0.957423	3.58373
100.433	0.957424	3.58374
100.581	0.957425	3.58374
100.729	0.957426	3.58375
100.877	0.957427	3.58375
101.025	0.957428	3.58375
101.173	0.957429	3.58376
101.321	0.95743	3.58376
101.47	0.957431	3.58376
101.618	0.957432	3.58377
101.766	0.957433	3.58377
101.914	0.957434	3.58377
102.062	0.957435	3.58378
102.21	0.957436	3.58378
102.358	0.957437	3.58379
102.506	0.957438	3.58379
102.655	0.957439	3.58379
102.803	0.95744	3.5838
102.951	0.957441	3.5838
103.099	0.957442	3.5838
103.247	0.957443	3.58381
103.395	0.957444	3.58381
103.543	0.957445	3.58382
103.692	0.957446	3.58382
103.84	0.957447	3.58382
103.988	0.957448	3.58383
104.136	0.957449	3.58383
104.284	0.95745	3.58383
104.432	0.957451	3.58384
104.58	0.957452	3.58384
104.728	0.957453	3.58385
104.877	0.957454	3.58385
105.025	0.957455	3.58385
105.173	0.957456	3.58386
105.321	0.957457	3.58386
105.469	0.957459	3.58386
105.617	0.95746	3.58387
105.765	0.957461	3.58387
105.913	0.957462	3.58388
106.062	0.957463	3.58388
106.21	0.957464	3.58388
106.358	0.957465	3.58389
106.506	0.957466	3.58389
106.654	0.957467	3.58389
106.802	0.957468	3.5839
106.95	0.957469	3.5839
107.098	0.95747	3.5839
107.247	0.957471	3.58391
107.395	0.957472	3.58391
107.543	0.957473	3.58392
107.691	0.957474	3.58392
107.839	0.957475	3.58392
107.987	0.957476	3.58393
108.135	0.957477	3.58393
108.283	0.957478	3.58393
108.432	0.957479	3.58394
108.58	0.95748	3.58394
108.728	0.957481	3.58395
108.876	0.957482	3.58395
109.024	0.957483	3.58395
109.172	0.957484	3.58396
109.32	0.957485	3.58396
109.469	0.957486	3.58396
109.617	0.957487	3.58397
109.765	0.957488	3.58397
109.913	0.957489	3.58398
110.061	0.95749	3.58398
110.209	0.957491	3.58398
110.357	0.957492	3.58399
110.505	0.957493	3.58399
110.654	0.957494	3.58399
110.802	0.957495	3.584
110.95	0.957496	3.584
111.098	0.957497	3.58401
111.246	0.957498	3.58401
111.394	0.957499	3.58401
111.542	0.9575	3.58402
111.69	0.957501	3.58402
111.839	0.957502	3.58402
111.987	0.957503	3.58403
112.135	0.957504	3.58403
112.283	0.957505	3.58403
112.431	0.957506	3.58404
112.579	0.957507	3.58404
112.727	0.957508	3.58405
112.875	0.957509	3.58405
113.024	0.95751	3.58405
113.172	0.957511	3.58406
113.32	0.957512	3.58406
113.468	0.957513	3.58406
113.616	0.957514	3.58407
113.764	0.957515	3.58407
113.912	0.957516	3.58408
114.061	0.957517	3.58408
114.209	0.957518	3.58408
114.357	0.957519	3.58409
114.505	0.95752	3.58409
114.653	0.957521	3.58409
114.801	0.957522	3.5841
114.949	0.957523	3.5841
115.097	0.957524	3.58411
115.246	0.957525	3.58411
115.394	0.957526	3.58411
115.542	0.957527	3.58412
115.69	0.957528	3.58412
115.838	0.957529	3.58412
115.986	0.95753	3.58413
116.134	0.957531	3.58413
116.282	0.957532	3.58414
116.431	0.957533	3.58414
116.579	0.957534	3.58414
116.727	0.957535	3.58415
116.875	0.957536	3.58415
117.023	0.957537	3.58415
117.171	0.957538	3.58416
117.319	0.957539	3.58416
117.467	0.95754	3.58416
117.616	0.957541	3.58417
117.764	0.957542	3.58417
117.912	0.957543	3.58418
118.06	0.957544	3.58418
118.208	0.957545	3.58418
118.356	0.957546	3.58419
118.504	0.957547	3.58419
118.652	0.957548	3.58419
118.801	0.957549	3.5842
118.949	0.95755	3.5842
119.097	0.957551	3.58421
119.245	0.957552	3.58421
119.393	0.957553	3.58421
119.541	0.957554	3.58422
119.689	0.957555	3.58422
119.838	0.957556	3.58422
119.986	0.957557	3.58423
120.134	0.957558	3.58423
120.282	0.957559	3.58424
120.43	0.95756	3.58424
120.578	0.957561	3.58424
120.726	0.957562	3.58425
120.874	0.957563	3.58425
121.023	0.957564	3.58425
121.171	0.957565	3.58426
121.319	0.957566	3.58426
121.467	0.957567	3.58426
121.615	0.957568	3.58427
121.763	0.957569	3.58427
121.911	0.95757	3.58428
122.059	0.957571	3.58428
122.208	0.957572	3.58428
122.356	0.957573	3.58429
122.504	0.957574	3.58429
122.652	0.957575	3.58429
122.8	0.957576	3.5843
122.948	0.957577	3.5843
123.096	0.957578	3.58431
123.244	0.957579	3.58431
123.393	0.95758	3.58431
123.541	0.957581	3.58432
123.689	0.957582	3.58432
123.837	0.957583	3.58432
123.985	0.957584	3.58433
124.133	0.957585	3.58433
124.281	0.957586	3.58434
124.43	0.957587	3.58434
124.578	0.957587	3.58434
124.726	0.957588	3.58435
124.874	0.957589	3.58435
125.022	0.95759	3.58435
125.17	0.957591	3.58436
125.318	0.957592	3.58436
125.466	0.957593	3.58437
125.615	0.957594	3.58437
125.763	0.957595	3.58437
125.911	0.957596	3.58438
126.059	0.957597	3.58438
126.207	0.957598	3.58438
126.355	0.957599	3.58439
126.503	0.9576	3.58439
126.651	0.957601	3.58439
126.8	0.957602	3.5844
126.948	0.957603	3.5844
127.096	0.957604	3.58441
127.244	0.957605	3.58441
127.392	0.957606	3.58441
127.54	0.957607	3.58442
127.688	0.957608	3.58442
127.836	0.957609	3.58442
127.985	0.95761	3.58443
128.133	0.957611	3.58443
128.281	0.957612	3.58444
128.429	0.957613	3.58444
128.577	0.957614	3.58444
128.725	0.957615	3.58445
128.873	0.957616	3.58445
129.021	0.957617	3.58445
129.17	0.957618	3.58446
129.318	0.957619	3.58446
129.466	0.95762	3.58447
129.614	0.957621	3.58447
129.762	0.957622	3.58447
129.91	0.957623	3.58448
130.058	0.957624	3.58448
130.207	0.957624	3.58448
130.355	0.957625	3.58449
130.503	0.957626	3.58449
130.651	0.957627	3.58449
130.799	0.957628	3.5845
130.947	0.957629	3.5845
131.095	0.95763	3.58451
131.243	0.957631	3.58451
131.392	0.957632	3.58451
131.54	0.957633	3.58452
131.688	0.957634	3.58452
131.836	0.957635	3.58452
131.984	0.957636	3.58453
132.132	0.957637	3.58453
132.28	0.957638	3.58454
132.428	0.957639	3.58454
132.577	0.95764	3.58454
132.725	0.957641	3.58455
132.873	0.957642	3.58455
133.021	0.957643	3.58455
133.169	0.957644	3.58456
133.317	0.957645	3.58456
133.465	0.957646	3.58457
133.613	0.957647	3.58457
133.762	0.957648	3.58457
133.91	0.957649	3.58458
134.058	0.95765	3.58458
134.206	0.957651	3.58458
134.354	0.957652	3.58459
134.502	0.957652	3.58459
134.65	0.957653	3.5846
134.799	0.957654	3.5846
134.947	0.957655	3.5846
135.095	0.957656	3.58461
135.243	0.957657	3.58461
135.391	0.957658	3.58461
135.539	0.957659	3.58462
135.687	0.95766	3.58462
135.835	0.957661	3.58462
135.984	0.957662	3.58463
136.132	0.957663	3.58463
136.28	0.957664	3.58464
136.428	0.957665	3.58464
136.576	0.957666	3.58464
136.724	0.957667	3.58465
136.872	0.957668	3.58465
137.02	0.957669	3.58465
137.169	0.95767	3.58466
137.317	0.957671	3.58466
137.465	0.957672	3.58467
137.613	0.957673	3.58467
137.761	0.957674	3.58467
137.909	0.957675	3.58468
138.057	0.957675	3.58468
138.205	0.957676	3.58468
138.354	0.957677	3.58469
138.502	0.957678	3.58469
138.65	0.957679	3.5847
138.798	0.95768	3.5847
138.946	0.957681	3.5847
139.094	0.957682	3.58471
139.242	0.957683	3.58471
139.39	0.957684	3.58471
139.539	0.957685	3.58472
139.687	0.957686	3.58472
139.835	0.957687	3.58472
139.983	0.957688	3.58473
140.131	0.957689	3.58473
140.279	0.95769	3.58474
140.427	0.957691	3.58474
140.576	0.957692	3.58474
140.724	0.957693	3.58475
140.872	0.957694	3.58475
141.02	0.957695	3.58475
141.168	0.957695	3.58476
141.316	0.957696	3.58476
141.464	0.957697	3.58477
141.612	0.957698	3.58477
141.761	0.957699	3.58477
141.909	0.9577	3.58478
142.057	0.957701	3.58478
142.205	0.957702	3.58478
142.353	0.957703	3.58479
142.501	0.957704	3.58479
142.649	0.957705	3.5848
142.797	0.957706	3.5848
142.946	0.957707	3.5848
143.094	0.957708	3.58481
143.242	0.957709	3.58481
143.39	0.95771	3.58481
143.538	0.957711	3.58482
143.686	0.957712	3.58482
143.834	0.957713	3.58482
143.982	0.957713	3.58483
144.131	0.957714	3.58483
144.279	0.957715	3.58484
144.427	0.957716	3.58484
144.575	0.957717	3.58484
144.723	0.957718	3.58485
144.871	0.957719	3.58485
145.019	0.95772	3.58485
145.168	0.957721	3.58486
145.316	0.957722	3.58486
145.464	0.957723	3.58487
145.612	0.957724	3.58487
145.76	0.957725	3.58487
145.908	0.957726	3.58488
146.056	0.957727	3.58488
146.204	0.957728	3.58488
146.353	0.957729	3.58489
146.501	0.95773	3.58489
146.649	0.957731	3.5849
146.797	0.957731	3.5849
146.945	0.957732	3.5849
147.093	0.957733	3.58491
147.241	0.957734	3.58491
147.389	0.957735	3.58491
147.538	0.957736	3.58492
147.686	0.957737	3.58492
147.834	0.957738	3.58492
147.982	0.957739	3.58493
148.13	0.95774	3.58493
148.278	0.957741	3.58494
148.426	0.957742	3.58494
148.574	0.957743	3.58494
148.723	0.957744	3.58495
148.871	0.957745	3.58495
149.019	0.957746	3.58495
149.167	0.957747	3.58496
149.315	0.957747	3.58496
149.463	0.957748	3.58497
149.611	0.957749	3.58497
149.759	0.95775	3.58497
149.908	0.957751	3.58498
150.056	0.957752	3.58498
150.204	0.957753	3.58498
150.352	0.957754	3.58499
150.5	0.957755	3.58499
150.648	0.957756	3.585
150.796	0.957757	3.585
150.945	0.957758	3.585
151.093	0.957759	3.58501
151.241	0.95776	3.58501
151.389	0.957761	3.58501
151.537	0.957762	3.58502
151.685	0.957762	3.58502
151.833	0.957763	3.58503
151.981	0.957764	3.58503
152.13	0.957765	3.58503
152.278	0.957766	3.58504
152.426	0.957767	3.58504
152.574	0.957768	3.58504
152.722	0.957769	3.58505
152.87	0.95777	3.58505
153.018	0.957771	3.58505
153.166	0.957772	3.58506
153.315	0.957773	3.58506
153.463	0.957774	3.58507
153.611	0.957775	3.58507
153.759	0.957776	3.58507
153.907	0.957776	3.58508
154.055	0.957777	3.58508
154.203	0.957778	3.58508
154.351	0.957779	3.58509
154.5	0.95778	3.58509
154.648	0.957781	3.5851
154.796	0.957782	3.5851
154.944	0.957783	3.5851
155.092	0.957784	3.58511
155.24	0.957785	3.58511
155.388	0.957786	3.58511
155.537	0.957787	3.58512
155.685	0.957788	3.58512
155.833	0.957789	3.58513
155.981	0.95779	3.58513
156.129	0.95779	3.58513
156.277	0.957791	3.58514
156.425	0.957792	3.58514
156.573	0.957793	3.58514
156.722	0.957794	3.58515
156.87	0.957795	3.58515
157.018	0.957796	3.58515
157.166	0.957797	3.58516
157.314	0.957798	3.58516
157.462	0.957799	3.58517
157.61	0.9578	3.58517
157.758	0.957801	3.58517
157.907	0.957802	3.58518
158.055	0.957803	3.58518
158.203	0.957803	3.58518
158.351	0.957804	3.58519
158.499	0.957805	3.58519
158.647	0.957806	3.5852
158.795	0.957807	3.5852
158.943	0.957808	3.5852
159.092	0.957809	3.58521
159.24	0.95781	3.58521
159.388	0.957811	3.58521
159.536	0.957812	3.58522
159.684	0.957813	3.58522
159.832	0.957814	3.58523
159.98	0.957815	3.58523
160.129	0.957816	3.58523
160.277	0.957816	3.58524
160.425	0.957817	3.58524
160.573	0.957818	3.58524
160.721	0.957819	3.58525
160.869	0.95782	3.58525
161.017	0.957821	3.58525
161.165	0.957822	3.58526
161.314	0.957823	3.58526
161.462	0.957824	3.58527
161.61	0.957825	3.58527
161.758	0.957826	3.58527
161.906	0.957827	3.58528
162.054	0.957828	3.58528
162.202	0.957829	3.58528
162.35	0.957829	3.58529
162.499	0.95783	3.58529
162.647	0.957831	3.5853
162.795	0.957832	3.5853
162.943	0.957833	3.5853
163.091	0.957834	3.58531
163.239	0.957835	3.58531
163.387	0.957836	3.58531
163.535	0.957837	3.58532
163.684	0.957838	3.58532
163.832	0.957839	3.58533
163.98	0.95784	3.58533
164.128	0.957841	3.58533
164.276	0.957841	3.58534
164.424	0.957842	3.58534
164.572	0.957843	3.58534
164.72	0.957844	3.58535
164.869	0.957845	3.58535
165.017	0.957846	3.58535
165.165	0.957847	3.58536
165.313	0.957848	3.58536
165.461	0.957849	3.58537
165.609	0.95785	3.58537
165.757	0.957851	3.58537
165.906	0.957852	3.58538
166.054	0.957853	3.58538
166.202	0.957853	3.58538
166.35	0.957854	3.58539
166.498	0.957855	3.58539
166.646	0.957856	3.5854
166.794	0.957857	3.5854
166.942	0.957858	3.5854
167.091	0.957859	3.58541
167.239	0.95786	3.58541
167.387	0.957861	3.58541
167.535	0.957862	3.58542
167.683	0.957863	3.58542
167.831	0.957864	3.58543
167.979	0.957864	3.58543
168.127	0.957865	3.58543
168.276	0.957866	3.58544
168.424	0.957867	3.58544
168.572	0.957868	3.58544
168.72	0.957869	3.58545
168.868	0.95787	3.58545
169.016	0.957871	3.58545
169.164	0.957872	3.58546
169.312	0.957873	3.58546
169.461	0.957874	3.58547
169.609	0.957875	3.58547
169.757	0.957876	3.58547
169.905	0.957876	3.58548
170.053	0.957877	3.58548
170.201	0.957878	3.58548
170.349	0.957879	3.58549
170.498	0.95788	3.58549
170.646	0.957881	3.5855
170.794	0.957882	3.5855
170.942	0.957883	3.5855
171.09	0.957884	3.58551
171.238	0.957885	3.58551
171.386	0.957886	3.58551
171.534	0.957887	3.58552
171.683	0.957887	3.58552
171.831	0.957888	3.58553
171.979	0.957889	3.58553
172.127	0.95789	3.58553
172.275	0.957891	3.58554
172.423	0.957892	3.58554
172.571	0.957893	3.58554
172.719	0.957894	3.58555
172.868	0.957895	3.58555
173.016	0.957896	3.58555
173.164	0.957897	3.58556
173.312	0.957898	3.58556
173.46	0.957898	3.58557
173.608	0.957899	3.58557
173.756	0.9579	3.58557
173.904	0.957901	3.58558
174.053	0.957902	3.58558
174.201	0.957903	3.58558
174.349	0.957904	3.58559
174.497	0.957905	3.58559
174.645	0.957906	3.5856
174.793	0.957907	3.5856
174.941	0.957908	3.5856
175.089	0.957908	3.58561
175.238	0.957909	3.58561
175.386	0.95791	3.58561
175.534	0.957911	3.58562
175.682	0.957912	3.58562
175.83	0.957913	3.58563
175.978	0.957914	3.58563
176.126	0.957915	3.58563
176.275	0.957916	3.58564
176.423	0.957917	3.58564
176.571	0.957918	3.58564
176.719	0.957919	3.58565
176.867	0.957919	3.58565
177.015	0.95792	3.58565
177.163	0.957921	3.58566
177.311	0.957922	3.58566
177.46	0.957923	3.58567
177.608	0.957924	3.58567
177.756	0.957925	3.58567
177.904	0.957926	3.58568
178.052	0.957927	3.58568
178.2	0.957928	3.58568
178.348	0.957929	3.58569
178.496	0.957929	3.58569
178.645	0.95793	3.5857
178.793	0.957931	3.5857
178.941	0.957932	3.5857
179.089	0.957933	3.58571
179.237	0.957934	3.58571
179.385	0.957935	3.58571
179.533	0.957936	3.58572
179.681	0.957937	3.58572
179.83	0.957938	3.58573
179.978	0.957939	3.58573
180.126	0.957939	3.58573
180.274	0.95794	3.58574
180.422	0.957941	3.58574
180.57	0.957942	3.58574
180.718	0.957943	3.58575
180.867	0.957944	3.58575
181.015	0.957945	3.58575
181.163	0.957946	3.58576
181.311	0.957947	3.58576
181.459	0.957948	3.58577
181.607	0.957949	3.58577
181.755	0.957949	3.58577
181.903	0.95795	3.58578
182.052	0.957951	3.58578
182.2	0.957952	3.58578
182.348	0.957953	3.58579
182.496	0.957954	3.58579
182.644	0.957955	3.5858
182.792	0.957956	3.5858
182.94	0.957957	3.5858
183.088	0.957958	3.58581
183.237	0.957959	3.58581
183.385	0.957959	3.58581
183.533	0.95796	3.58582
183.681	0.957961	3.58582
183.829	0.957962	3.58583
183.977	0.957963	3.58583
184.125	0.957964	3.58583
184.273	0.957965	3.58584
184.422	0.957966	3.58584
184.57	0.957967	3.58584
184.718	0.957968	3.58585
184.866	0.957969	3.58585
185.014	0.957969	3.58585
185.162	0.95797	3.58586
185.31	0.957971	3.58586
185.458	0.957972	3.58587
185.607	0.957973	3.58587
185.755	0.957974	3.58587
185.903	0.957975	3.58588
186.051	0.957976	3.58588
186.199	0.957977	3.58588
186.347	0.957978	3.58589
186.495	0.957978	3.58589
186.644	0.957979	3.5859
186.792	0.95798	3.5859
186.94	0.957981	3.5859
187.088	0.957982	3.58591
187.236	0.957983	3.58591
187.384	0.957984	3.58591
187.532	0.957985	3.58592
187.68	0.957986	3.58592
187.829	0.957987	3.58593
187.977	0.957988	3.58593
188.125	0.957988	3.58593
188.273	0.957989	3.58594
188.421	0.95799	3.58594
188.569	0.957991	3.58594
188.717	0.957992	3.58595
188.865	0.957993	3.58595
189.014	0.957994	3.58595
189.162	0.957995	3.58596
189.31	0.957996	3.58596
189.458	0.957997	3.58597
189.606	0.957997	3.58597
189.754	0.957998	3.58597
189.902	0.957999	3.58598
190.05	0.958	3.58598
190.199	0.958001	3.58598
190.347	0.958002	3.58599
190.495	0.958003	3.58599
190.643	0.958004	3.586
190.791	0.958005	3.586
190.939	0.958006	3.586
191.087	0.958007	3.58601
191.236	0.958007	3.58601
191.384	0.958008	3.58601
191.532	0.958009	3.58602
191.68	0.95801	3.58602
191.828	0.958011	3.58603
191.976	0.958012	3.58603
192.124	0.958013	3.58603
192.272	0.958014	3.58604
192.421	0.958015	3.58604
192.569	0.958016	3.58604
192.717	0.958016	3.58605
192.865	0.958017	3.58605
193.013	0.958018	3.58605
193.161	0.958019	3.58606
193.309	0.95802	3.58606
193.457	0.958021	3.58607
193.606	0.958022	3.58607
193.754	0.958023	3.58607
193.902	0.958024	3.58608
194.05	0.958025	3.58608
194.198	0.958025	3.58608
194.346	0.958026	3.58609
194.494	0.958027	3.58609
194.642	0.958028	3.5861
194.791	0.958029	3.5861
194.939	0.95803	3.5861
195.087	0.958031	3.58611
195.235	0.958032	3.58611
195.383	0.958033	3.58611
195.531	0.958034	3.58612
195.679	0.958034	3.58612
195.827	0.958035	3.58613
195.976	0.958036	3.58613
196.124	0.958037	3.58613
196.272	0.958038	3.58614
196.42	0.958039	3.58614
196.568	0.95804	3.58614
196.716	0.958041	3.58615
196.864	0.958042	3.58615
197.013	0.958043	3.58615
197.161	0.958043	3.58616
197.309	0.958044	3.58616
197.457	0.958045	3.58617
197.605	0.958046	3.58617
197.753	0.958047	3.58617
197.901	0.958048	3.58618
198.049	0.958049	3.58618
198.198	0.95805	3.58618
198.346	0.958051	3.58619
198.494	0.958052	3.58619
198.642	0.958052	3.5862
198.79	0.958053	3.5862
198.938	0.958054	3.5862
199.086	0.958055	3.58621
199.234	0.958056	3.58621
199.383	0.958057	3.58621
199.531	0.958058	3.58622
199.679	0.958059	3.58622
199.827	0.95806	3.58622
199.975	0.958061	3.58623
200.123	0.958061	3.58623
200.271	0.958062	3.58624
200.419	0.958063	3.58624
200.568	0.958064	3.58624
200.716	0.958065	3.58625
200.864	0.958066	3.58625
201.012	0.958067	3.58625
201.16	0.958068	3.58626
201.308	0.958069	3.58626
201.456	0.958069	3.58627
201.605	0.95807	3.58627
201.753	0.958071	3.58627
201.901	0.958072	3.58628
202.049	0.958073	3.58628
202.197	0.958074	3.58628
202.345	0.958075	3.58629
202.493	0.958076	3.58629
202.641	0.958077	3.5863
202.79	0.958078	3.5863
202.938	0.958078	3.5863
203.086	0.958079	3.58631
203.234	0.95808	3.58631
203.382	0.958081	3.58631
203.53	0.958082	3.58632
203.678	0.958083	3.58632
203.826	0.958084	3.58632
203.975	0.958085	3.58633
204.123	0.958086	3.58633
204.271	0.958087	3.58634
204.419	0.958087	3.58634
204.567	0.958088	3.58634
204.715	0.958089	3.58635
204.863	0.95809	3.58635
205.011	0.958091	3.58635
205.16	0.958092	3.58636
205.308	0.958093	3.58636
205.456	0.958094	3.58637
205.604	0.958095	3.58637
205.752	0.958095	3.58637
205.9	0.958096	3.58638
206.048	0.958097	3.58638
206.196	0.958098	3.58638
206.345	0.958099	3.58639
206.493	0.9581	3.58639
206.641	0.958101	3.5864
206.789	0.958102	3.5864
206.937	0.958103	3.5864
207.085	0.958104	3.58641
207.233	0.958104	3.58641
207.382	0.958105	3.58641
207.53	0.958106	3.58642
207.678	0.958107	3.58642
207.826	0.958108	3.58642
207.974	0.958109	3.58643
208.122	0.95811	3.58643
208.27	0.958111	3.58644
208.418	0.958112	3.58644
208.567	0.958112	3.58644
208.715	0.958113	3.58645
208.863	0.958114	3.58645
209.011	0.958115	3.58645
209.159	0.958116	3.58646
209.307	0.958117	3.58646
209.455	0.958118	3.58647
209.603	0.958119	3.58647
209.752	0.95812	3.58647
209.9	0.95812	3.58648
210.048	0.958121	3.58648
210.196	0.958122	3.58648
210.344	0.958123	3.58649
210.492	0.958124	3.58649
210.64	0.958125	3.58649
210.788	0.958126	3.5865
210.937	0.958127	3.5865
211.085	0.958128	3.58651
211.233	0.958129	3.58651
211.381	0.958129	3.58651
211.529	0.95813	3.58652
211.677	0.958131	3.58652
211.825	0.958132	3.58652
211.974	0.958133	3.58653
212.122	0.958134	3.58653
212.27	0.958135	3.58654
212.418	0.958136	3.58654
212.566	0.958137	3.58654
212.714	0.958137	3.58655
212.862	0.958138	3.58655
213.01	0.958139	3.58655
213.159	0.95814	3.58656
213.307	0.958141	3.58656
213.455	0.958142	3.58657
213.603	0.958143	3.58657
213.751	0.958144	3.58657
213.899	0.958145	3.58658
214.047	0.958145	3.58658
214.195	0.958146	3.58658
214.344	0.958147	3.58659
214.492	0.958148	3.58659
214.64	0.958149	3.58659
214.788	0.95815	3.5866
214.936	0.958151	3.5866
215.084	0.958152	3.58661
215.232	0.958153	3.58661
215.38	0.958153	3.58661
215.529	0.958154	3.58662
215.677	0.958155	3.58662
215.825	0.958156	3.58662
215.973	0.958157	3.58663
216.121	0.958158	3.58663
216.269	0.958159	3.58664
216.417	0.95816	3.58664
216.565	0.958161	3.58664
216.714	0.958161	3.58665
216.862	0.958162	3.58665
217.01	0.958163	3.58665
217.158	0.958164	3.58666
217.306	0.958165	3.58666
217.454	0.958166	3.58667
217.602	0.958167	3.58667
217.751	0.958168	3.58667
217.899	0.958169	3.58668
218.047	0.958169	3.58668
218.195	0.95817	3.58668
218.343	0.958171	3.58669
218.491	0.958172	3.58669
218.639	0.958173	3.58669
218.787	0.958174	3.5867
218.936	0.958175	3.5867
219.084	0.958176	3.58671
219.232	0.958177	3.58671
219.38	0.958177	3.58671
219.528	0.958178	3.58672
219.676	0.958179	3.58672
219.824	0.95818	3.58672
219.972	0.958181	3.58673
220.121	0.958182	3.58673
220.269	0.958183	3.58674
220.417	0.958184	3.58674
220.565	0.958185	3.58674
220.713	0.958185	3.58675
220.861	0.958186	3.58675
221.009	0.958187	3.58675
221.157	0.958188	3.58676
221.306	0.958189	3.58676
221.454	0.95819	3.58676
221.602	0.958191	3.58677
221.75	0.958192	3.58677
221.898	0.958193	3.58678
222.046	0.958193	3.58678
222.194	0.958194	3.58678
222.343	0.958195	3.58679
222.491	0.958196	3.58679
222.639	0.958197	3.58679
222.787	0.958198	3.5868
222.935	0.958199	3.5868
223.083	0.9582	3.58681
223.231	0.958201	3.58681
223.379	0.958201	3.58681
223.528	0.958202	3.58682
223.676	0.958203	3.58682
223.824	0.958204	3.58682
223.972	0.958205	3.58683
224.12	0.958206	3.58683
224.268	0.958207	3.58684
224.416	0.958208	3.58684
224.564	0.958209	3.58684
224.713	0.958209	3.58685
224.861	0.95821	3.58685
225.009	0.958211	3.58685
225.157	0.958212	3.58686
225.305	0.958213	3.58686
225.453	0.958214	3.58686
225.601	0.958215	3.58687
225.749	0.958216	3.58687
225.898	0.958217	3.58688
226.046	0.958217	3.58688
226.194	0.958218	3.58688
226.342	0.958219	3.58689
226.49	0.95822	3.58689
226.638	0.958221	3.58689
226.786	0.958222	3.5869
226.935	0.958223	3.5869
227.083	0.958224	3.58691
227.231	0.958224	3.58691
227.379	0.958225	3.58691
227.527	0.958226	3.58692
227.675	0.958227	3.58692
227.823	0.958228	3.58692
227.971	0.958229	3.58693
228.12	0.95823	3.58693
228.268	0.958231	3.58693
228.416	0.958232	3.58694
228.564	0.958232	3.58694
228.712	0.958233	3.58695
228.86	0.958234	3.58695
229.008	0.958235	3.58695
229.156	0.958236	3.58696
229.305	0.958237	3.58696
229.453	0.958238	3.58696
229.601	0.958239	3.58697
229.749	0.95824	3.58697
229.897	0.95824	3.58698
230.045	0.958241	3.58698
230.193	0.958242	3.58698
230.341	0.958243	3.58699
230.49	0.958244	3.58699
230.638	0.958245	3.58699
230.786	0.958246	3.587
230.934	0.958247	3.587
231.082	0.958248	3.58701
231.23	0.958248	3.58701
231.378	0.958249	3.58701
231.526	0.95825	3.58702
231.675	0.958251	3.58702
231.823	0.958252	3.58702
231.971	0.958253	3.58703
232.119	0.958254	3.58703
232.267	0.958255	3.58703
232.415	0.958255	3.58704
232.563	0.958256	3.58704
232.712	0.958257	3.58705
232.86	0.958258	3.58705
233.008	0.958259	3.58705
233.156	0.95826	3.58706
233.304	0.958261	3.58706
233.452	0.958262	3.58706
233.6	0.958263	3.58707
233.748	0.958263	3.58707
233.897	0.958264	3.58708
234.045	0.958265	3.58708
234.193	0.958266	3.58708
234.341	0.958267	3.58709
234.489	0.958268	3.58709
234.637	0.958269	3.58709
234.785	0.95827	3.5871
234.933	0.95827	3.5871
235.082	0.958271	3.5871
235.23	0.958272	3.58711
235.378	0.958273	3.58711
235.526	0.958274	3.58712
235.674	0.958275	3.58712
235.822	0.958276	3.58712
235.97	0.958277	3.58713
236.118	0.958278	3.58713
236.267	0.958278	3.58713
236.415	0.958279	3.58714
236.563	0.95828	3.58714
236.711	0.958281	3.58715
236.859	0.958282	3.58715
237.007	0.958283	3.58715
237.155	0.958284	3.58716
237.304	0.958285	3.58716
237.452	0.958285	3.58716
237.6	0.958286	3.58717
237.748	0.958287	3.58717
237.896	0.958288	3.58718
238.044	0.958289	3.58718
238.192	0.95829	3.58718
238.34	0.958291	3.58719
238.489	0.958292	3.58719
238.637	0.958293	3.58719
238.785	0.958293	3.5872
238.933	0.958294	3.5872
239.081	0.958295	3.5872
239.229	0.958296	3.58721
239.377	0.958297	3.58721
239.525	0.958298	3.58722
239.674	0.958299	3.58722
239.822	0.9583	3.58722
239.97	0.9583	3.58723
240.118	0.958301	3.58723
240.266	0.958302	3.58723
240.414	0.958303	3.58724
240.562	0.958304	3.58724
240.71	0.958305	3.58725
240.859	0.958306	3.58725
241.007	0.958307	3.58725
241.155	0.958308	3.58726
241.303	0.958308	3.58726
241.451	0.958309	3.58726
241.599	0.95831	3.58727
241.747	0.958311	3.58727
241.895	0.958312	3.58727
242.044	0.958313	3.58728
242.192	0.958314	3.58728
242.34	0.958315	3.58729
242.488	0.958315	3.58729
242.636	0.958316	3.58729
242.784	0.958317	3.5873
242.932	0.958318	3.5873
243.081	0.958319	3.5873
243.229	0.95832	3.58731
243.377	0.958321	3.58731
243.525	0.958322	3.58732
243.673	0.958323	3.58732
243.821	0.958323	3.58732
243.969	0.958324	3.58733
244.117	0.958325	3.58733
244.266	0.958326	3.58733
244.414	0.958327	3.58734
244.562	0.958328	3.58734
244.71	0.958329	3.58735
244.858	0.95833	3.58735
245.006	0.95833	3.58735
245.154	0.958331	3.58736
245.302	0.958332	3.58736
245.451	0.958333	3.58736
245.599	0.958334	3.58737
245.747	0.958335	3.58737
245.895	0.958336	3.58737
246.043	0.958337	3.58738
246.191	0.958337	3.58738
246.339	0.958338	3.58739
246.487	0.958339	3.58739
246.636	0.95834	3.58739
246.784	0.958341	3.5874
246.932	0.958342	3.5874
247.08	0.958343	3.5874
247.228	0.958344	3.58741
247.376	0.958345	3.58741
247.524	0.958345	3.58742
247.673	0.958346	3.58742
247.821	0.958347	3.58742
247.969	0.958348	3.58743
248.117	0.958349	3.58743
248.265	0.95835	3.58743
248.413	0.958351	3.58744
248.561	0.958352	3.58744
248.709	0.958352	3.58744
248.858	0.958353	3.58745
249.006	0.958354	3.58745
249.154	0.958355	3.58746
249.302	0.958356	3.58746
249.45	0.958357	3.58746
249.598	0.958358	3.58747
249.746	0.958359	3.58747
249.894	0.958359	3.58747
250.043	0.95836	3.58748
250.191	0.958361	3.58748
250.339	0.958362	3.58749
250.487	0.958363	3.58749
250.635	0.958364	3.58749
250.783	0.958365	3.5875
250.931	0.958366	3.5875
251.079	0.958366	3.5875
251.228	0.958367	3.58751
251.376	0.958368	3.58751
251.524	0.958369	3.58751
251.672	0.95837	3.58752
251.82	0.958371	3.58752
251.968	0.958372	3.58753
252.116	0.958373	3.58753
252.264	0.958374	3.58753
252.413	0.958374	3.58754
252.561	0.958375	3.58754
252.709	0.958376	3.58754
252.857	0.958377	3.58755
253.005	0.958378	3.58755
253.153	0.958379	3.58756
253.301	0.95838	3.58756
253.45	0.958381	3.58756
253.598	0.958381	3.58757
253.746	0.958382	3.58757
253.894	0.958383	3.58757
254.042	0.958384	3.58758
254.19	0.958385	3.58758
254.338	0.958386	3.58759
254.486	0.958387	3.58759
254.635	0.958388	3.58759
254.783	0.958388	3.5876
254.931	0.958389	3.5876
255.079	0.95839	3.5876
255.227	0.958391	3.58761
255.375	0.958392	3.58761
255.523	0.958393	3.58761
255.671	0.958394	3.58762
255.82	0.958395	3.58762
255.968	0.958395	3.58763
256.116	0.958396	3.58763
256.264	0.958397	3.58763
256.412	0.958398	3.58764
256.56	0.958399	3.58764
256.708	0.9584	3.58764
256.856	0.958401	3.58765
257.005	0.958402	3.58765
257.153	0.958402	3.58766
257.301	0.958403	3.58766
257.449	0.958404	3.58766
257.597	0.958405	3.58767
257.745	0.958406	3.58767
257.893	0.958407	3.58767
258.042	0.958408	3.58768
258.19	0.958409	3.58768
258.338	0.958409	3.58768
258.486	0.95841	3.58769
258.634	0.958411	3.58769
258.782	0.958412	3.5877
258.93	0.958413	3.5877
259.078	0.958414	3.5877
259.227	0.958415	3.58771
259.375	0.958416	3.58771
259.523	0.958416	3.58771
259.671	0.958417	3.58772
259.819	0.958418	3.58772
259.967	0.958419	3.58773
260.115	0.95842	3.58773
260.263	0.958421	3.58773
260.412	0.958422	3.58774
260.56	0.958423	3.58774
260.708	0.958424	3.58774
260.856	0.958424	3.58775
261.004	0.958425	3.58775
261.152	0.958426	3.58775
261.3	0.958427	3.58776
261.448	0.958428	3.58776
261.597	0.958429	3.58777
261.745	0.95843	3.58777
261.893	0.958431	3.58777
262.041	0.958431	3.58778
262.189	0.958432	3.58778
262.337	0.958433	3.58778
262.485	0.958434	3.58779
262.633	0.958435	3.58779
262.782	0.958436	3.5878
262.93	0.958437	3.5878
263.078	0.958438	3.5878
263.226	0.958438	3.58781
263.374	0.958439	3.58781
263.522	0.95844	3.58781
263.67	0.958441	3.58782
263.819	0.958442	3.58782
263.967	0.958443	3.58783
264.115	0.958444	3.58783
264.263	0.958445	3.58783
264.411	0.958445	3.58784
264.559	0.958446	3.58784
264.707	0.958447	3.58784
264.855	0.958448	3.58785
265.004	0.958449	3.58785
265.152	0.95845	3.58785
265.3	0.958451	3.58786
265.448	0.958452	3.58786
265.596	0.958452	3.58787
265.744	0.958453	3.58787
265.892	0.958454	3.58787
266.04	0.958455	3.58788
266.189	0.958456	3.58788
266.337	0.958457	3.58788
266.485	0.958458	3.58789
266.633	0.958459	3.58789
266.781	0.958459	3.5879
266.929	0.95846	3.5879
267.077	0.958461	3.5879
267.225	0.958462	3.58791
267.374	0.958463	3.58791
267.522	0.958464	3.58791
267.67	0.958465	3.58792
267.818	0.958466	3.58792
267.966	0.958466	3.58792
268.114	0.958467	3.58793
268.262	0.958468	3.58793
268.411	0.958469	3.58794
268.559	0.95847	3.58794
268.707	0.958471	3.58794
268.855	0.958472	3.58795
269.003	0.958473	3.58795
269.151	0.958473	3.58795
269.299	0.958474	3.58796
269.447	0.958475	3.58796
269.596	0.958476	3.58797
269.744	0.958477	3.58797
269.892	0.958478	3.58797
270.04	0.958479	3.58798
270.188	0.958479	3.58798
270.336	0.95848	3.58798
270.484	0.958481	3.58799
270.632	0.958482	3.58799
270.781	0.958483	3.58799
270.929	0.958484	3.588
271.077	0.958485	3.588
271.225	0.958486	3.58801
271.373	0.958486	3.58801
271.521	0.958487	3.58801
271.669	0.958488	3.58802
271.817	0.958489	3.58802
271.966	0.95849	3.58802
272.114	0.958491	3.58803
272.262	0.958492	3.58803
272.41	0.958493	3.58804
272.558	0.958493	3.58804
272.706	0.958494	3.58804
272.854	0.958495	3.58805
273.002	0.958496	3.58805
273.151	0.958497	3.58805
273.299	0.958498	3.58806
273.447	0.958499	3.58806
273.595	0.9585	3.58806
273.743	0.9585	3.58807
273.891	0.958501	3.58807
274.039	0.958502	3.58808
274.188	0.958503	3.58808
274.336	0.958504	3.58808
274.484	0.958505	3.58809
274.632	0.958506	3.58809
274.78	0.958507	3.58809
274.928	0.958507	3.5881
275.076	0.958508	3.5881
275.224	0.958509	3.58811
275.373	0.95851	3.58811
275.521	0.958511	3.58811
275.669	0.958512	3.58812
275.817	0.958513	3.58812
275.965	0.958514	3.58812
276.113	0.958514	3.58813
276.261	0.958515	3.58813
276.409	0.958516	3.58814
276.558	0.958517	3.58814
276.706	0.958518	3.58814
276.854	0.958519	3.58815
277.002	0.95852	3.58815
277.15	0.958521	3.58815
277.298	0.958521	3.58816
277.446	0.958522	3.58816
277.594	0.958523	3.58816
277.743	0.958524	3.58817
277.891	0.958525	3.58817
278.039	0.958526	3.58818
278.187	0.958527	3.58818
278.335	0.958528	3.58818
278.483	0.958528	3.58819
278.631	0.958529	3.58819
278.78	0.95853	3.58819
278.928	0.958531	3.5882
279.076	0.958532	3.5882
279.224	0.958533	3.58821
279.372	0.958534	3.58821
279.52	0.958534	3.58821
279.668	0.958535	3.58822
279.816	0.958536	3.58822
279.965	0.958537	3.58822
280.113	0.958538	3.58823
280.261	0.958539	3.58823
280.409	0.95854	3.58823
280.557	0.958541	3.58824
280.705	0.958541	3.58824
280.853	0.958542	3.58825
281.001	0.958543	3.58825
281.15	0.958544	3.58825
281.298	0.958545	3.58826
281.446	0.958546	3.58826
281.594	0.958547	3.58826
281.742	0.958548	3.58827
281.89	0.958548	3.58827
282.038	0.958549	3.58828
282.186	0.95855	3.58828
282.335	0.958551	3.58828
282.483	0.958552	3.58829
282.631	0.958553	3.58829
282.779	0.958554	3.58829
282.927	0.958555	3.5883
283.075	0.958555	3.5883
283.223	0.958556	3.5883
283.371	0.958557	3.58831
283.52	0.958558	3.58831
283.668	0.958559	3.58832
283.816	0.95856	3.58832
283.964	0.958561	3.58832
284.112	0.958561	3.58833
284.26	0.958562	3.58833
284.408	0.958563	3.58833
284.557	0.958564	3.58834
284.705	0.958565	3.58834
284.853	0.958566	3.58835
285.001	0.958567	3.58835
285.149	0.958568	3.58835
285.297	0.958568	3.58836
285.445	0.958569	3.58836
285.593	0.95857	3.58836
285.742	0.958571	3.58837
285.89	0.958572	3.58837
286.038	0.958573	3.58837
286.186	0.958574	3.58838
286.334	0.958575	3.58838
286.482	0.958575	3.58839
286.63	0.958576	3.58839
286.778	0.958577	3.58839
286.927	0.958578	3.5884
287.075	0.958579	3.5884
287.223	0.95858	3.5884
287.371	0.958581	3.58841
287.519	0.958582	3.58841
287.667	0.958582	3.58842
287.815	0.958583	3.58842
287.963	0.958584	3.58842
288.112	0.958585	3.58843
288.26	0.958586	3.58843
288.408	0.958587	3.58843
288.556	0.958588	3.58844
288.704	0.958588	3.58844
288.852	0.958589	3.58844
289	0.95859	3.58845
289.149	0.958591	3.58845
289.297	0.958592	3.58846
289.445	0.958593	3.58846
289.593	0.958594	3.58846
289.741	0.958595	3.58847
289.889	0.958595	3.58847
290.037	0.958596	3.58847
290.185	0.958597	3.58848
290.334	0.958598	3.58848
290.482	0.958599	3.58849
290.63	0.9586	3.58849
290.778	0.958601	3.58849
290.926	0.958602	3.5885
291.074	0.958602	3.5885
291.222	0.958603	3.5885
291.37	0.958604	3.58851
291.519	0.958605	3.58851
291.667	0.958606	3.58851
291.815	0.958607	3.58852
291.963	0.958608	3.58852
292.111	0.958608	3.58853
292.259	0.958609	3.58853
292.407	0.95861	3.58853
292.555	0.958611	3.58854
292.704	0.958612	3.58854
292.852	0.958613	3.58854
293	0.958614	3.58855
293.148	0.958615	3.58855
293.296	0.958615	3.58856
293.444	0.958616	3.58856
293.592	0.958617	3.58856
293.741	0.958618	3.58857
293.889	0.958619	3.58857
294.037	0.95862	3.58857
294.185	0.958621	3.58858
294.333	0.958622	3.58858
294.481	0.958622	3.58858
294.629	0.958623	3.58859
294.777	0.958624	3.58859
294.926	0.958625	3.5886
295.074	0.958626	3.5886
295.222	0.958627	3.5886
295.37	0.958628	3.58861
295.518	0.958628	3.58861
295.666	0.958629	3.58861
295.814	0.95863	3.58862
295.962	0.958631	3.58862
296.111	0.958632	3.58863
296.259	0.958633	3.58863
296.407	0.958634	3.58863
296.555	0.958635	3.58864
296.703	0.958635	3.58864
296.851	0.958636	3.58864
296.999	0.958637	3.58865
297.147	0.958638	3.58865
297.296	0.958639	3.58865
297.444	0.95864	3.58866
297.592	0.958641	3.58866
297.74	0.958641	3.58867
297.888	0.958642	3.58867
298.036	0.958643	3.58867
298.184	0.958644	3.58868
298.332	0.958645	3.58868
298.481	0.958646	3.58868
298.629	0.958647	3.58869
298.777	0.958648	3.58869
298.925	0.958648	3.5887
299.073	0.958649	3.5887
299.221	0.95865	3.5887
299.369	0.958651	3.58871
299.518	0.958652	3.58871
299.666	0.958653	3.58871
299.814	0.958654	3.58872
299.962	0.958655	3.58872
300.11	0.958655	3.58873
300.258	0.958656	3.58873
300.406	0.958657	3.58873
300.554	0.958658	3.58874
300.703	0.958659	3.58874
300.851	0.95866	3.58874
300.999	0.958661	3.58875
301.147	0.958661	3.58875
301.295	0.958662	3.58875
301.443	0.958663	3.58876
301.591	0.958664	3.58876
301.739	0.958665	3.58877
301.888	0.958666	3.58877
302.036	0.958667	3.58877
302.184	0.958668	3.58878
302.332	0.958668	3.58878
302.48	0.958669	3.58878
302.628	0.95867	3.58879
302.776	0.958671	3.58879
302.924	0.958672	3.5888
303.073	0.958673	3.5888
303.221	0.958674	3.5888
303.369	0.958674	3.58881
303.517	0.958675	3.58881
303.665	0.958676	3.58881
303.813	0.958677	3.58882
303.961	0.958678	3.58882
304.11	0.958679	3.58882
304.258	0.95868	3.58883
304.406	0.958681	3.58883
304.554	0.958681	3.58884
304.702	0.958682	3.58884
304.85	0.958683	3.58884
304.998	0.958684	3.58885
305.146	0.958685	3.58885
305.295	0.958686	3.58885
305.443	0.958687	3.58886
305.591	0.958687	3.58886
305.739	0.958688	3.58887
305.887	0.958689	3.58887
306.035	0.95869	3.58887
306.183	0.958691	3.58888
306.331	0.958692	3.58888
306.48	0.958693	3.58888
306.628	0.958694	3.58889
306.776	0.958694	3.58889
306.924	0.958695	3.58889
307.072	0.958696	3.5889
307.22	0.958697	3.5889
307.368	0.958698	3.58891
307.516	0.958699	3.58891
307.665	0.9587	3.58891
307.813	0.9587	3.58892
307.961	0.958701	3.58892
308.109	0.958702	3.58892
308.257	0.958703	3.58893
308.405	0.958704	3.58893
308.553	0.958705	3.58894
308.701	0.958706	3.58894
308.85	0.958707	3.58894
308.998	0.958707	3.58895
309.146	0.958708	3.58895
309.294	0.958709	3.58895
309.442	0.95871	3.58896
309.59	0.958711	3.58896
309.738	0.958712	3.58896
309.887	0.958713	3.58897
310.035	0.958713	3.58897
310.183	0.958714	3.58898
310.331	0.958715	3.58898
310.479	0.958716	3.58898
310.627	0.958717	3.58899
310.775	0.958718	3.58899
310.923	0.958719	3.58899
311.072	0.95872	3.589
311.22	0.95872	3.589
311.368	0.958721	3.58901
311.516	0.958722	3.58901
311.664	0.958723	3.58901
311.812	0.958724	3.58902
311.96	0.958725	3.58902
312.108	0.958726	3.58902
312.257	0.958726	3.58903
312.405	0.958727	3.58903
312.553	0.958728	3.58903
312.701	0.958729	3.58904
312.849	0.95873	3.58904
312.997	0.958731	3.58905
313.145	0.958732	3.58905
313.293	0.958732	3.58905
313.442	0.958733	3.58906
313.59	0.958734	3.58906
313.738	0.958735	3.58906
313.886	0.958736	3.58907
314.034	0.958737	3.58907
314.182	0.958738	3.58908
314.33	0.958739	3.58908
314.479	0.958739	3.58908
314.627	0.95874	3.58909
314.775	0.958741	3.58909
314.923	0.958742	3.58909
315.071	0.958743	3.5891
315.219	0.958744	3.5891
315.367	0.958745	3.5891
315.515	0.958745	3.58911
315.664	0.958746	3.58911
315.812	0.958747	3.58912
315.96	0.958748	3.58912
316.108	0.958749	3.58912
316.256	0.95875	3.58913
316.404	0.958751	3.58913
316.552	0.958752	3.58913
316.7	0.958752	3.58914
316.849	0.958753	3.58914
316.997	0.958754	3.58915
317.145	0.958755	3.58915
317.293	0.958756	3.58915
317.441	0.958757	3.58916
317.589	0.958758	3.58916
317.737	0.958758	3.58916
317.885	0.958759	3.58917
318.034	0.95876	3.58917
318.182	0.958761	3.58917
318.33	0.958762	3.58918
318.478	0.958763	3.58918
318.626	0.958764	3.58919
318.774	0.958765	3.58919
318.922	0.958765	3.58919
319.07	0.958766	3.5892
319.219	0.958767	3.5892
319.367	0.958768	3.5892
319.515	0.958769	3.58921
319.663	0.95877	3.58921
319.811	0.958771	3.58922
319.959	0.958771	3.58922
320.107	0.958772	3.58922
320.256	0.958773	3.58923
320.404	0.958774	3.58923
320.552	0.958775	3.58923
320.7	0.958776	3.58924
320.848	0.958777	3.58924
320.996	0.958777	3.58924
321.144	0.958778	3.58925
321.292	0.958779	3.58925
321.441	0.95878	3.58926
321.589	0.958781	3.58926
321.737	0.958782	3.58926
321.885	0.958783	3.58927
322.033	0.958784	3.58927
322.181	0.958784	3.58927
322.329	0.958785	3.58928
322.477	0.958786	3.58928
322.626	0.958787	3.58928
322.774	0.958788	3.58929
322.922	0.958789	3.58929
323.07	0.95879	3.5893
323.218	0.95879	3.5893
323.366	0.958791	3.5893
323.514	0.958792	3.58931
323.662	0.958793	3.58931
323.811	0.958794	3.58931
323.959	0.958795	3.58932
324.107	0.958796	3.58932
324.255	0.958796	3.58933
324.403	0.958797	3.58933
324.551	0.958798	3.58933
324.699	0.958799	3.58934
324.848	0.9588	3.58934
324.996	0.958801	3.58934
325.144	0.958802	3.58935
325.292	0.958803	3.58935
325.44	0.958803	3.58935
325.588	0.958804	3.58936
325.736	0.958805	3.58936
325.884	0.958806	3.58937
326.033	0.958807	3.58937
326.181	0.958808	3.58937
326.329	0.958809	3.58938
326.477	0.958809	3.58938
326.625	0.95881	3.58938
326.773	0.958811	3.58939
326.921	0.958812	3.58939
327.069	0.958813	3.5894
327.218	0.958814	3.5894
327.366	0.958815	3.5894
327.514	0.958815	3.58941
327.662	0.958816	3.58941
327.81	0.958817	3.58941
327.958	0.958818	3.58942
328.106	0.958819	3.58942
328.254	0.95882	3.58942
328.403	0.958821	3.58943
328.551	0.958822	3.58943
328.699	0.958822	3.58944
328.847	0.958823	3.58944
328.995	0.958824	3.58944
329.143	0.958825	3.58945
329.291	0.958826	3.58945
329.439	0.958827	3.58945
329.588	0.958828	3.58946
329.736	0.958828	3.58946
329.884	0.958829	3.58947
330.032	0.95883	3.58947
330.18	0.958831	3.58947
330.328	0.958832	3.58948
330.476	0.958833	3.58948
330.625	0.958834	3.58948
330.773	0.958834	3.58949
330.921	0.958835	3.58949
331.069	0.958836	3.58949
331.217	0.958837	3.5895
331.365	0.958838	3.5895
331.513	0.958839	3.58951
331.661	0.95884	3.58951
331.81	0.95884	3.58951
331.958	0.958841	3.58952
332.106	0.958842	3.58952
332.254	0.958843	3.58952
332.402	0.958844	3.58953
332.55	0.958845	3.58953
332.698	0.958846	3.58954
332.846	0.958847	3.58954
332.995	0.958847	3.58954
333.143	0.958848	3.58955
333.291	0.958849	3.58955
333.439	0.95885	3.58955
333.587	0.958851	3.58956
333.735	0.958852	3.58956
333.883	0.958853	3.58956
334.031	0.958853	3.58957
334.18	0.958854	3.58957
334.328	0.958855	3.58958
334.476	0.958856	3.58958
334.624	0.958857	3.58958
334.772	0.958858	3.58959
334.92	0.958859	3.58959
335.068	0.958859	3.58959
335.217	0.95886	3.5896
335.365	0.958861	3.5896
335.513	0.958862	3.58961
335.661	0.958863	3.58961
335.809	0.958864	3.58961
335.957	0.958865	3.58962
336.105	0.958865	3.58962
336.253	0.958866	3.58962
336.402	0.958867	3.58963
336.55	0.958868	3.58963
336.698	0.958869	3.58963
336.846	0.95887	3.58964
336.994	0.958871	3.58964
337.142	0.958872	3.58965
337.29	0.958872	3.58965
337.438	0.958873	3.58965
337.587	0.958874	3.58966
337.735	0.958875	3.58966
337.883	0.958876	3.58966
338.031	0.958877	3.58967
338.179	0.958878	3.58967
338.327	0.958878	3.58968
338.475	0.958879	3.58968
338.623	0.95888	3.58968
338.772	0.958881	3.58969
338.92	0.958882	3.58969
339.068	0.958883	3.58969
339.216	0.958884	3.5897
339.364	0.958884	3.5897
339.512	0.958885	3.5897
339.66	0.958886	3.58971
339.808	0.958887	3.58971
339.957	0.958888	3.58972
340.105	0.958889	3.58972
340.253	0.95889	3.58972
340.401	0.95889	3.58973
340.549	0.958891	3.58973
340.697	0.958892	3.58973
340.845	0.958893	3.58974
340.994	0.958894	3.58974
341.142	0.958895	3.58975
341.29	0.958896	3.58975
341.438	0.958896	3.58975
341.586	0.958897	3.58976
341.734	0.958898	3.58976
341.882	0.958899	3.58976
342.03	0.9589	3.58977
342.179	0.958901	3.58977
342.327	0.958902	3.58977
342.475	0.958903	3.58978
342.623	0.958903	3.58978
342.771	0.958904	3.58979
342.919	0.958905	3.58979
343.067	0.958906	3.58979
343.215	0.958907	3.5898
343.364	0.958908	3.5898
343.512	0.958909	3.5898
343.66	0.958909	3.58981
343.808	0.95891	3.58981
343.956	0.958911	3.58982
344.104	0.958912	3.58982
344.252	0.958913	3.58982
344.4	0.958914	3.58983
344.549	0.958915	3.58983
344.697	0.958915	3.58983
344.845	0.958916	3.58984
344.993	0.958917	3.58984
345.141	0.958918	3.58984
345.289	0.958919	3.58985
345.437	0.95892	3.58985
345.586	0.958921	3.58986
345.734	0.958921	3.58986
345.882	0.958922	3.58986
346.03	0.958923	3.58987
346.178	0.958924	3.58987
346.326	0.958925	3.58987
346.474	0.958926	3.58988
346.622	0.958927	3.58988
346.771	0.958927	3.58988
346.919	0.958928	3.58989
347.067	0.958929	3.58989
347.215	0.95893	3.5899
347.363	0.958931	3.5899
347.511	0.958932	3.5899
347.659	0.958933	3.58991
347.807	0.958933	3.58991
347.956	0.958934	3.58991
348.104	0.958935	3.58992
348.252	0.958936	3.58992
348.4	0.958937	3.58993
348.548	0.958938	3.58993
348.696	0.958939	3.58993
348.844	0.95894	3.58994
348.992	0.95894	3.58994
349.141	0.958941	3.58994
349.289	0.958942	3.58995
349.437	0.958943	3.58995
349.585	0.958944	3.58995
349.733	0.958945	3.58996
349.881	0.958946	3.58996
350.029	0.958946	3.58997
350.177	0.958947	3.58997
350.326	0.958948	3.58997
350.474	0.958949	3.58998
350.622	0.95895	3.58998
350.77	0.958951	3.58998
350.918	0.958952	3.58999
351.066	0.958952	3.58999
351.214	0.958953	3.59
351.363	0.958954	3.59
351.511	0.958955	3.59
351.659	0.958956	3.59001
351.807	0.958957	3.59001
351.955	0.958958	3.59001
352.103	0.958958	3.59002
352.251	0.958959	3.59002
352.399	0.95896	3.59002
352.548	0.958961	3.59003
352.696	0.958962	3.59003
352.844	0.958963	3.59004
352.992	0.958964	3.59004
353.14	0.958964	3.59004
353.288	0.958965	3.59005
353.436	0.958966	3.59005
353.584	0.958967	3.59005
353.733	0.958968	3.59006
353.881	0.958969	3.59006
354.029	0.95897	3.59007
354.177	0.95897	3.59007
354.325	0.958971	3.59007
354.473	0.958972	3.59008
354.621	0.958973	3.59008
354.769	0.958974	3.59008
354.918	0.958975	3.59009
355.066	0.958976	3.59009
355.214	0.958976	3.59009
355.362	0.958977	3.5901
355.51	0.958978	3.5901
355.658	0.958979	3.59011
355.806	0.95898	3.59011
355.955	0.958981	3.59011
356.103	0.958982	3.59012
356.251	0.958982	3.59012
356.399	0.958983	3.59012
356.547	0.958984	3.59013
356.695	0.958985	3.59013
356.843	0.958986	3.59014
356.991	0.958987	3.59014
357.14	0.958988	3.59014
357.288	0.958988	3.59015
357.436	0.958989	3.59015
357.584	0.95899	3.59015
357.732	0.958991	3.59016
357.88	0.958992	3.59016
358.028	0.958993	3.59016
358.176	0.958994	3.59017
358.325	0.958994	3.59017
358.473	0.958995	3.59018
358.621	0.958996	3.59018
358.769	0.958997	3.59018
358.917	0.958998	3.59019
359.065	0.958999	3.59019
359.213	0.959	3.59019
359.361	0.959	3.5902
359.51	0.959001	3.5902
359.658	0.959002	3.5902
359.806	0.959003	3.59021
359.954	0.959004	3.59021
360.102	0.959005	3.59022
360.25	0.959006	3.59022
360.398	0.959007	3.59022
360.547	0.959007	3.59023
360.695	0.959008	3.59023
360.843	0.959009	3.59023
360.991	0.95901	3.59024
361.139	0.959011	3.59024
361.287	0.959012	3.59025
361.435	0.959013	3.59025
361.583	0.959013	3.59025
361.732	0.959014	3.59026
361.88	0.959015	3.59026
362.028	0.959016	3.59026
362.176	0.959017	3.59027
362.324	0.959018	3.59027
362.472	0.959019	3.59027
362.62	0.959019	3.59028
362.768	0.95902	3.59028
362.917	0.959021	3.59029
363.065	0.959022	3.59029
363.213	0.959023	3.59029
363.361	0.959024	3.5903
363.509	0.959025	3.5903
363.657	0.959025	3.5903
363.805	0.959026	3.59031
363.953	0.959027	3.59031
364.102	0.959028	3.59032
364.25	0.959029	3.59032
364.398	0.95903	3.59032
364.546	0.959031	3.59033
364.694	0.959031	3.59033
364.842	0.959032	3.59033
364.99	0.959033	3.59034
365.138	0.959034	3.59034
365.287	0.959035	3.59034
365.435	0.959036	3.59035
365.583	0.959037	3.59035
365.731	0.959037	3.59036
365.879	0.959038	3.59036
366.027	0.959039	3.59036
366.175	0.95904	3.59037
366.324	0.959041	3.59037
366.472	0.959042	3.59037
366.62	0.959043	3.59038
366.768	0.959043	3.59038
366.916	0.959044	3.59039
367.064	0.959045	3.59039
367.212	0.959046	3.59039
367.36	0.959047	3.5904
367.509	0.959048	3.5904
367.657	0.959049	3.5904
367.805	0.959049	3.59041
367.953	0.95905	3.59041
368.101	0.959051	3.59041
368.249	0.959052	3.59042
368.397	0.959053	3.59042
368.545	0.959054	3.59043
368.694	0.959055	3.59043
368.842	0.959055	3.59043
368.99	0.959056	3.59044
369.138	0.959057	3.59044
369.286	0.959058	3.59044
369.434	0.959059	3.59045
369.582	0.95906	3.59045
369.73	0.959061	3.59045
369.879	0.959061	3.59046
370.027	0.959062	3.59046
370.175	0.959063	3.59047
370.323	0.959064	3.59047
370.471	0.959065	3.59047
370.619	0.959066	3.59048
370.767	0.959067	3.59048
370.916	0.959067	3.59048
371.064	0.959068	3.59049
371.212	0.959069	3.59049
371.36	0.95907	3.5905
371.508	0.959071	3.5905
371.656	0.959072	3.5905
371.804	0.959073	3.59051
371.952	0.959073	3.59051
372.101	0.959074	3.59051
372.249	0.959075	3.59052
372.397	0.959076	3.59052
372.545	0.959077	3.59052
372.693	0.959078	3.59053
372.841	0.959079	3.59053
372.989	0.959079	3.59054
373.137	0.95908	3.59054
373.286	0.959081	3.59054
373.434	0.959082	3.59055
373.582	0.959083	3.59055
373.73	0.959084	3.59055
373.878	0.959084	3.59056
374.026	0.959085	3.59056
374.174	0.959086	3.59057
374.322	0.959087	3.59057
374.471	0.959088	3.59057
374.619	0.959089	3.59058
374.767	0.95909	3.59058
374.915	0.95909	3.59058
375.063	0.959091	3.59059
375.211	0.959092	3.59059
375.359	0.959093	3.59059
375.507	0.959094	3.5906
375.656	0.959095	3.5906
375.804	0.959096	3.59061
375.952	0.959096	3.59061
376.1	0.959097	3.59061
376.248	0.959098	3.59062
376.396	0.959099	3.59062
376.544	0.9591	3.59062
376.693	0.959101	3.59063
376.841	0.959102	3.59063
376.989	0.959102	3.59064
377.137	0.959103	3.59064
377.285	0.959104	3.59064
377.433	0.959105	3.59065
377.581	0.959106	3.59065
377.729	0.959107	3.59065
377.878	0.959108	3.59066
378.026	0.959108	3.59066
378.174	0.959109	3.59066
378.322	0.95911	3.59067
378.47	0.959111	3.59067
378.618	0.959112	3.59068
378.766	0.959113	3.59068
378.914	0.959114	3.59068
379.063	0.959114	3.59069
379.211	0.959115	3.59069
379.359	0.959116	3.59069
379.507	0.959117	3.5907
379.655	0.959118	3.5907
379.803	0.959119	3.5907
379.951	0.95912	3.59071
380.099	0.95912	3.59071
380.248	0.959121	3.59072
380.396	0.959122	3.59072
380.544	0.959123	3.59072
380.692	0.959124	3.59073
380.84	0.959125	3.59073
380.988	0.959126	3.59073
381.136	0.959126	3.59074
381.285	0.959127	3.59074
381.433	0.959128	3.59075
381.581	0.959129	3.59075
381.729	0.95913	3.59075
381.877	0.959131	3.59076
382.025	0.959132	3.59076
382.173	0.959132	3.59076
382.321	0.959133	3.59077
382.47	0.959134	3.59077
382.618	0.959135	3.59077
382.766	0.959136	3.59078
382.914	0.959137	3.59078
383.062	0.959138	3.59079
383.21	0.959138	3.59079
383.358	0.959139	3.59079
383.506	0.95914	3.5908
383.655	0.959141	3.5908
383.803	0.959142	3.5908
383.951	0.959143	3.59081
384.099	0.959144	3.59081
384.247	0.959144	3.59082
384.395	0.959145	3.59082
384.543	0.959146	3.59082
384.691	0.959147	3.59083
384.84	0.959148	3.59083
384.988	0.959149	3.59083
385.136	0.959149	3.59084
385.284	0.95915	3.59084
385.432	0.959151	3.59084
385.58	0.959152	3.59085
385.728	0.959153	3.59085
385.876	0.959154	3.59086
386.025	0.959155	3.59086
386.173	0.959155	3.59086
386.321	0.959156	3.59087
386.469	0.959157	3.59087
386.617	0.959158	3.59087
386.765	0.959159	3.59088
386.913	0.95916	3.59088
387.062	0.959161	3.59088
387.21	0.959161	3.59089
387.358	0.959162	3.59089
387.506	0.959163	3.5909
387.654	0.959164	3.5909
387.802	0.959165	3.5909
387.95	0.959166	3.59091
388.098	0.959167	3.59091
388.247	0.959167	3.59091
388.395	0.959168	3.59092
388.543	0.959169	3.59092
388.691	0.95917	3.59093
388.839	0.959171	3.59093
388.987	0.959172	3.59093
389.135	0.959173	3.59094
389.283	0.959173	3.59094
389.432	0.959174	3.59094
389.58	0.959175	3.59095
389.728	0.959176	3.59095
389.876	0.959177	3.59095
390.024	0.959178	3.59096
390.172	0.959179	3.59096
390.32	0.959179	3.59097
390.468	0.95918	3.59097
390.617	0.959181	3.59097
390.765	0.959182	3.59098
390.913	0.959183	3.59098
391.061	0.959184	3.59098
391.209	0.959185	3.59099
391.357	0.959185	3.59099
391.505	0.959186	3.591
391.654	0.959187	3.591
391.802	0.959188	3.591
391.95	0.959189	3.59101
392.098	0.95919	3.59101
392.246	0.95919	3.59101
392.394	0.959191	3.59102
392.542	0.959192	3.59102
392.69	0.959193	3.59102
392.839	0.959194	3.59103
392.987	0.959195	3.59103
393.135	0.959196	3.59104
393.283	0.959196	3.59104
393.431	0.959197	3.59104
393.579	0.959198	3.59105
393.727	0.959199	3.59105
393.875	0.9592	3.59105
394.024	0.959201	3.59106
394.172	0.959202	3.59106
394.32	0.959202	3.59106
394.468	0.959203	3.59107
394.616	0.959204	3.59107
394.764	0.959205	3.59108
394.912	0.959206	3.59108
395.06	0.959207	3.59108
395.209	0.959208	3.59109
395.357	0.959208	3.59109
395.505	0.959209	3.59109
395.653	0.95921	3.5911
395.801	0.959211	3.5911
395.949	0.959212	3.59111
396.097	0.959213	3.59111
396.245	0.959214	3.59111
396.394	0.959214	3.59112
396.542	0.959215	3.59112
396.69	0.959216	3.59112
396.838	0.959217	3.59113
396.986	0.959218	3.59113
397.134	0.959219	3.59113
397.282	0.959219	3.59114
397.431	0.95922	3.59114
397.579	0.959221	3.59115
397.727	0.959222	3.59115
397.875	0.959223	3.59115
398.023	0.959224	3.59116
398.171	0.959225	3.59116
398.319	0.959225	3.59116
398.467	0.959226	3.59117
398.616	0.959227	3.59117
398.764	0.959228	3.59118
398.912	0.959229	3.59118
399.06	0.95923	3.59118
399.208	0.959231	3.59119
399.356	0.959231	3.59119
399.504	0.959232	3.59119
399.652	0.959233	3.5912
399.801	0.959234	3.5912
399.949	0.959235	3.5912
400.097	0.959236	3.59121
400.245	0.959237	3.59121
400.393	0.959237	3.59122
400.541	0.959238	3.59122
400.689	0.959239	3.59122
400.837	0.95924	3.59123
400.986	0.959241	3.59123
401.134	0.959242	3.59123
401.282	0.959243	3.59124
401.43	0.959243	3.59124
401.578	0.959244	3.59124
401.726	0.959245	3.59125
401.874	0.959246	3.59125
402.023	0.959247	3.59126
402.171	0.959248	3.59126
402.319	0.959248	3.59126
402.467	0.959249	3.59127
402.615	0.95925	3.59127
402.763	0.959251	3.59127
402.911	0.959252	3.59128
403.059	0.959253	3.59128
403.208	0.959254	3.59129
403.356	0.959254	3.59129
403.504	0.959255	3.59129
403.652	0.959256	3.5913
403.8	0.959257	3.5913
403.948	0.959258	3.5913
404.096	0.959259	3.59131
404.244	0.95926	3.59131
404.393	0.95926	3.59131
404.541	0.959261	3.59132
404.689	0.959262	3.59132
404.837	0.959263	3.59133
404.985	0.959264	3.59133
405.133	0.959265	3.59133
405.281	0.959266	3.59134
405.429	0.959266	3.59134
405.578	0.959267	3.59134
405.726	0.959268	3.59135
405.874	0.959269	3.59135
406.022	0.95927	3.59135
406.17	0.959271	3.59136
406.318	0.959271	3.59136
406.466	0.959272	3.59137
406.614	0.959273	3.59137
406.763	0.959274	3.59137
406.911	0.959275	3.59138
407.059	0.959276	3.59138
407.207	0.959277	3.59138
407.355	0.959277	3.59139
407.503	0.959278	3.59139
407.651	0.959279	3.5914
407.8	0.95928	3.5914
407.948	0.959281	3.5914
408.096	0.959282	3.59141
408.244	0.959283	3.59141
408.392	0.959283	3.59141
408.54	0.959284	3.59142
408.688	0.959285	3.59142
408.836	0.959286	3.59142
408.985	0.959287	3.59143
409.133	0.959288	3.59143
409.281	0.959289	3.59144
409.429	0.959289	3.59144
409.577	0.95929	3.59144
409.725	0.959291	3.59145
409.873	0.959292	3.59145
410.021	0.959293	3.59145
410.17	0.959294	3.59146
410.318	0.959294	3.59146
410.466	0.959295	3.59146
410.614	0.959296	3.59147
410.762	0.959297	3.59147
410.91	0.959298	3.59148
411.058	0.959299	3.59148
411.206	0.9593	3.59148
411.355	0.9593	3.59149
411.503	0.959301	3.59149
411.651	0.959302	3.59149
411.799	0.959303	3.5915
411.947	0.959304	3.5915
412.095	0.959305	3.59151
412.243	0.959306	3.59151
412.392	0.959306	3.59151
412.54	0.959307	3.59152
412.688	0.959308	3.59152
412.836	0.959309	3.59152
412.984	0.95931	3.59153
413.132	0.959311	3.59153
413.28	0.959311	3.59153
413.428	0.959312	3.59154
413.577	0.959313	3.59154
413.725	0.959314	3.59155
413.873	0.959315	3.59155
414.021	0.959316	3.59155
414.169	0.959317	3.59156
414.317	0.959317	3.59156
414.465	0.959318	3.59156
414.613	0.959319	3.59157
414.762	0.95932	3.59157
414.91	0.959321	3.59158
415.058	0.959322	3.59158
415.206	0.959323	3.59158
415.354	0.959323	3.59159
415.502	0.959324	3.59159
415.65	0.959325	3.59159
415.798	0.959326	3.5916
415.947	0.959327	3.5916
416.095	0.959328	3.5916
416.243	0.959328	3.59161
416.391	0.959329	3.59161
416.539	0.95933	3.59162
416.687	0.959331	3.59162
416.835	0.959332	3.59162
416.983	0.959333	3.59163
417.132	0.959334	3.59163
417.28	0.959334	3.59163
417.428	0.959335	3.59164
417.576	0.959336	3.59164
417.724	0.959337	3.59164
417.872	0.959338	3.59165
418.02	0.959339	3.59165
418.169	0.95934	3.59166
418.317	0.95934	3.59166
418.465	0.959341	3.59166
418.613	0.959342	3.59167
418.761	0.959343	3.59167
418.909	0.959344	3.59167
419.057	0.959345	3.59168
419.205	0.959345	3.59168
419.354	0.959346	3.59169
419.502	0.959347	3.59169
419.65	0.959348	3.59169
419.798	0.959349	3.5917
419.946	0.95935	3.5917
420.094	0.959351	3.5917
420.242	0.959351	3.59171
420.39	0.959352	3.59171
420.539	0.959353	3.59171
420.687	0.959354	3.59172
420.835	0.959355	3.59172
420.983	0.959356	3.59173
421.131	0.959357	3.59173
421.279	0.959357	3.59173
421.427	0.959358	3.59174
421.575	0.959359	3.59174
421.724	0.95936	3.59174
421.872	0.959361	3.59175
422.02	0.959362	3.59175
422.168	0.959362	3.59175
422.316	0.959363	3.59176
422.464	0.959364	3.59176
422.612	0.959365	3.59177
422.761	0.959366	3.59177
422.909	0.959367	3.59177
423.057	0.959368	3.59178
423.205	0.959368	3.59178
423.353	0.959369	3.59178
423.501	0.95937	3.59179
423.649	0.959371	3.59179
423.797	0.959372	3.5918
423.946	0.959373	3.5918
424.094	0.959374	3.5918
424.242	0.959374	3.59181
424.39	0.959375	3.59181
424.538	0.959376	3.59181
424.686	0.959377	3.59182
424.834	0.959378	3.59182
424.982	0.959379	3.59182
425.131	0.959379	3.59183
425.279	0.95938	3.59183
425.427	0.959381	3.59184
425.575	0.959382	3.59184
425.723	0.959383	3.59184
425.871	0.959384	3.59185
426.019	0.959385	3.59185
426.167	0.959385	3.59185
426.316	0.959386	3.59186
426.464	0.959387	3.59186
426.612	0.959388	3.59186
426.76	0.959389	3.59187
426.908	0.95939	3.59187
427.056	0.95939	3.59188
427.204	0.959391	3.59188
427.353	0.959392	3.59188
427.501	0.959393	3.59189
427.649	0.959394	3.59189
427.797	0.959395	3.59189
427.945	0.959396	3.5919
428.093	0.959396	3.5919
428.241	0.959397	3.59191
428.389	0.959398	3.59191
428.538	0.959399	3.59191
428.686	0.9594	3.59192
428.834	0.959401	3.59192
428.982	0.959402	3.59192
429.13	0.959402	3.59193
429.278	0.959403	3.59193
429.426	0.959404	3.59193
429.574	0.959405	3.59194
429.723	0.959406	3.59194
429.871	0.959407	3.59195
430.019	0.959407	3.59195
430.167	0.959408	3.59195
430.315	0.959409	3.59196
430.463	0.95941	3.59196
430.611	0.959411	3.59196
430.759	0.959412	3.59197
430.908	0.959413	3.59197
431.056	0.959413	3.59197
431.204	0.959414	3.59198
431.352	0.959415	3.59198
431.5	0.959416	3.59199
431.648	0.959417	3.59199
431.796	0.959418	3.59199
431.944	0.959418	3.592
432.093	0.959419	3.592
432.241	0.95942	3.592
432.389	0.959421	3.59201
432.537	0.959422	3.59201
432.685	0.959423	3.59202
432.833	0.959424	3.59202
432.981	0.959424	3.59202
433.13	0.959425	3.59203
433.278	0.959426	3.59203
433.426	0.959427	3.59203
433.574	0.959428	3.59204
433.722	0.959429	3.59204
433.87	0.95943	3.59204
434.018	0.95943	3.59205
434.166	0.959431	3.59205
434.315	0.959432	3.59206
434.463	0.959433	3.59206
434.611	0.959434	3.59206
434.759	0.959435	3.59207
434.907	0.959435	3.59207
435.055	0.959436	3.59207
435.203	0.959437	3.59208
435.351	0.959438	3.59208
435.5	0.959439	3.59208
435.648	0.95944	3.59209
435.796	0.959441	3.59209
435.944	0.959441	3.5921
436.092	0.959442	3.5921
436.24	0.959443	3.5921
436.388	0.959444	3.59211
436.536	0.959445	3.59211
436.685	0.959446	3.59211
436.833	0.959446	3.59212
436.981	0.959447	3.59212
437.129	0.959448	3.59213
437.277	0.959449	3.59213
437.425	0.95945	3.59213
437.573	0.959451	3.59214
437.722	0.959452	3.59214
437.87	0.959452	3.59214
438.018	0.959453	3.59215
438.166	0.959454	3.59215
438.314	0.959455	3.59215
438.462	0.959456	3.59216
438.61	0.959457	3.59216
438.758	0.959457	3.59217
438.907	0.959458	3.59217
439.055	0.959459	3.59217
439.203	0.95946	3.59218
439.351	0.959461	3.59218
439.499	0.959462	3.59218
439.647	0.959463	3.59219
439.795	0.959463	3.59219
439.943	0.959464	3.59219
440.092	0.959465	3.5922
440.24	0.959466	3.5922
440.388	0.959467	3.59221
440.536	0.959468	3.59221
440.684	0.959468	3.59221
440.832	0.959469	3.59222
440.98	0.95947	3.59222
441.128	0.959471	3.59222
441.277	0.959472	3.59223
441.425	0.959473	3.59223
441.573	0.959474	3.59224
441.721	0.959474	3.59224
441.869	0.959475	3.59224
442.017	0.959476	3.59225
442.165	0.959477	3.59225
442.313	0.959478	3.59225
442.462	0.959479	3.59226
442.61	0.959479	3.59226
442.758	0.95948	3.59226
442.906	0.959481	3.59227
443.054	0.959482	3.59227
443.202	0.959483	3.59228
443.35	0.959484	3.59228
443.499	0.959485	3.59228
443.647	0.959485	3.59229
443.795	0.959486	3.59229
443.943	0.959487	3.59229
444.091	0.959488	3.5923
444.239	0.959489	3.5923
444.387	0.95949	3.5923
444.535	0.95949	3.59231
444.684	0.959491	3.59231
444.832	0.959492	3.59232
444.98	0.959493	3.59232
445.128	0.959494	3.59232
445.276	0.959495	3.59233
445.424	0.959496	3.59233
445.572	0.959496	3.59233
445.72	0.959497	3.59234
445.869	0.959498	3.59234
446.017	0.959499	3.59235
446.165	0.9595	3.59235
446.313	0.959501	3.59235
446.461	0.959501	3.59236
446.609	0.959502	3.59236
446.757	0.959503	3.59236
446.905	0.959504	3.59237
447.054	0.959505	3.59237
447.202	0.959506	3.59237
447.35	0.959507	3.59238
447.498	0.959507	3.59238
447.646	0.959508	3.59239
447.794	0.959509	3.59239
447.942	0.95951	3.59239
448.091	0.959511	3.5924
448.239	0.959512	3.5924
448.387	0.959512	3.5924
448.535	0.959513	3.59241
448.683	0.959514	3.59241
448.831	0.959515	3.59241
448.979	0.959516	3.59242
449.127	0.959517	3.59242
449.276	0.959518	3.59243
449.424	0.959518	3.59243
449.572	0.959519	3.59243
449.72	0.95952	3.59244
449.868	0.959521	3.59244
450.016	0.959522	3.59244
450.164	0.959523	3.59245
450.312	0.959523	3.59245
450.461	0.959524	3.59246
450.609	0.959525	3.59246
450.757	0.959526	3.59246
450.905	0.959527	3.59247
451.053	0.959528	3.59247
451.201	0.959529	3.59247
451.349	0.959529	3.59248
451.497	0.95953	3.59248
451.646	0.959531	3.59248
451.794	0.959532	3.59249
451.942	0.959533	3.59249
452.09	0.959534	3.5925
452.238	0.959534	3.5925
452.386	0.959535	3.5925
452.534	0.959536	3.59251
452.682	0.959537	3.59251
452.831	0.959538	3.59251
452.979	0.959539	3.59252
453.127	0.95954	3.59252
453.275	0.95954	3.59252
453.423	0.959541	3.59253
453.571	0.959542	3.59253
453.719	0.959543	3.59254
453.868	0.959544	3.59254
454.016	0.959545	3.59254
454.164	0.959545	3.59255
454.312	0.959546	3.59255
454.46	0.959547	3.59255
454.608	0.959548	3.59256
454.756	0.959549	3.59256
454.904	0.95955	3.59257
455.053	0.959551	3.59257
455.201	0.959551	3.59257
455.349	0.959552	3.59258
455.497	0.959553	3.59258
455.645	0.959554	3.59258
455.793	0.959555	3.59259
455.941	0.959556	3.59259
456.089	0.959556	3.59259
456.238	0.959557	3.5926
456.386	0.959558	3.5926
456.534	0.959559	3.59261
456.682	0.95956	3.59261
456.83	0.959561	3.59261
456.978	0.959562	3.59262
457.126	0.959562	3.59262
457.274	0.959563	3.59262
457.423	0.959564	3.59263
457.571	0.959565	3.59263
457.719	0.959566	3.59263
457.867	0.959567	3.59264
458.015	0.959567	3.59264
458.163	0.959568	3.59265
458.311	0.959569	3.59265
458.46	0.95957	3.59265
458.608	0.959571	3.59266
458.756	0.959572	3.59266
458.904	0.959572	3.59266
459.052	0.959573	3.59267
459.2	0.959574	3.59267
459.348	0.959575	3.59267
459.496	0.959576	3.59268
459.645	0.959577	3.59268
459.793	0.959578	3.59269
459.941	0.959578	3.59269
460.089	0.959579	3.59269
460.237	0.95958	3.5927
460.385	0.959581	3.5927
460.533	0.959582	3.5927
460.681	0.959583	3.59271
460.83	0.959583	3.59271
460.978	0.959584	3.59272
461.126	0.959585	3.59272
461.274	0.959586	3.59272
461.422	0.959587	3.59273
461.57	0.959588	3.59273
461.718	0.959589	3.59273
461.866	0.959589	3.59274
462.015	0.95959	3.59274
462.163	0.959591	3.59274
462.311	0.959592	3.59275
462.459	0.959593	3.59275
462.607	0.959594	3.59276
462.755	0.959594	3.59276
462.903	0.959595	3.59276
463.051	0.959596	3.59277
463.2	0.959597	3.59277
463.348	0.959598	3.59277
463.496	0.959599	3.59278
463.644	0.9596	3.59278
463.792	0.9596	3.59278
463.94	0.959601	3.59279
464.088	0.959602	3.59279
464.237	0.959603	3.5928
464.385	0.959604	3.5928
464.533	0.959605	3.5928
464.681	0.959605	3.59281
464.829	0.959606	3.59281
464.977	0.959607	3.59281
465.125	0.959608	3.59282
465.273	0.959609	3.59282
465.422	0.95961	3.59283
465.57	0.95961	3.59283
465.718	0.959611	3.59283
465.866	0.959612	3.59284
466.014	0.959613	3.59284
466.162	0.959614	3.59284
466.31	0.959615	3.59285
466.458	0.959616	3.59285
466.607	0.959616	3.59285
466.755	0.959617	3.59286
466.903	0.959618	3.59286
467.051	0.959619	3.59287
467.199	0.95962	3.59287
467.347	0.959621	3.59287
467.495	0.959621	3.59288
467.643	0.959622	3.59288
467.792	0.959623	3.59288
467.94	0.959624	3.59289
468.088	0.959625	3.59289
468.236	0.959626	3.59289
468.384	0.959626	3.5929
468.532	0.959627	3.5929
468.68	0.959628	3.59291
468.829	0.959629	3.59291
468.977	0.95963	3.59291
469.125	0.959631	3.59292
469.273	0.959632	3.59292
469.421	0.959632	3.59292
469.569	0.959633	3.59293
469.717	0.959634	3.59293
469.865	0.959635	3.59293
470.014	0.959636	3.59294
470.162	0.959637	3.59294
470.31	0.959637	3.59295
470.458	0.959638	3.59295
470.606	0.959639	3.59295
470.754	0.95964	3.59296
470.902	0.959641	3.59296
471.05	0.959642	3.59296
471.199	0.959643	3.59297
471.347	0.959643	3.59297
471.495	0.959644	3.59298
471.643	0.959645	3.59298
471.791	0.959646	3.59298
471.939	0.959647	3.59299
472.087	0.959648	3.59299
472.235	0.959648	3.59299
472.384	0.959649	3.593
472.532	0.95965	3.593
472.68	0.959651	3.593
472.828	0.959652	3.59301
472.976	0.959653	3.59301
473.124	0.959653	3.59302
473.272	0.959654	3.59302
473.42	0.959655	3.59302
473.569	0.959656	3.59303
473.717	0.959657	3.59303
473.865	0.959658	3.59303
474.013	0.959659	3.59304
474.161	0.959659	3.59304
474.309	0.95966	3.59304
474.457	0.959661	3.59305
474.606	0.959662	3.59305
474.754	0.959663	3.59306
474.902	0.959664	3.59306
475.05	0.959664	3.59306
475.198	0.959665	3.59307
475.346	0.959666	3.59307
475.494	0.959667	3.59307
475.642	0.959668	3.59308
475.791	0.959669	3.59308
475.939	0.959669	3.59309
476.087	0.95967	3.59309
476.235	0.959671	3.59309
476.383	0.959672	3.5931
476.531	0.959673	3.5931
476.679	0.959674	3.5931
476.827	0.959675	3.59311
476.976	0.959675	3.59311
477.124	0.959676	3.59311
477.272	0.959677	3.59312
477.42	0.959678	3.59312
477.568	0.959679	3.59313
477.716	0.95968	3.59313
477.864	0.95968	3.59313
478.012	0.959681	3.59314
478.161	0.959682	3.59314
478.309	0.959683	3.59314
478.457	0.959684	3.59315
478.605	0.959685	3.59315
478.753	0.959685	3.59315
478.901	0.959686	3.59316
479.049	0.959687	3.59316
479.198	0.959688	3.59317
479.346	0.959689	3.59317
479.494	0.95969	3.59317
479.642	0.959691	3.59318
479.79	0.959691	3.59318
479.938	0.959692	3.59318
480.086	0.959693	3.59319
480.234	0.959694	3.59319
480.383	0.959695	3.59319
480.531	0.959696	3.5932
480.679	0.959696	3.5932
480.827	0.959697	3.59321
480.975	0.959698	3.59321
481.123	0.959699	3.59321
481.271	0.9597	3.59322
481.419	0.959701	3.59322
481.568	0.959701	3.59322
481.716	0.959702	3.59323
481.864	0.959703	3.59323
482.012	0.959704	3.59324
482.16	0.959705	3.59324
482.308	0.959706	3.59324
482.456	0.959707	3.59325
482.604	0.959707	3.59325
482.753	0.959708	3.59325
482.901	0.959709	3.59326
483.049	0.95971	3.59326
483.197	0.959711	3.59326
483.345	0.959712	3.59327
483.493	0.959712	3.59327
483.641	0.959713	3.59328
483.789	0.959714	3.59328
483.938	0.959715	3.59328
484.086	0.959716	3.59329
484.234	0.959717	3.59329
484.382	0.959717	3.59329
484.53	0.959718	3.5933
484.678	0.959719	3.5933
484.826	0.95972	3.5933
484.975	0.959721	3.59331
485.123	0.959722	3.59331
485.271	0.959722	3.59332
485.419	0.959723	3.59332
485.567	0.959724	3.59332
485.715	0.959725	3.59333
485.863	0.959726	3.59333
486.011	0.959727	3.59333
486.16	0.959728	3.59334
486.308	0.959728	3.59334
486.456	0.959729	3.59334
486.604	0.95973	3.59335
486.752	0.959731	3.59335
486.9	0.959732	3.59336
487.048	0.959733	3.59336
487.196	0.959733	3.59336
487.345	0.959734	3.59337
487.493	0.959735	3.59337
487.641	0.959736	3.59337
487.789	0.959737	3.59338
487.937	0.959738	3.59338
488.085	0.959738	3.59339
488.233	0.959739	3.59339
488.381	0.95974	3.59339
488.53	0.959741	3.5934
488.678	0.959742	3.5934
488.826	0.959743	3.5934
488.974	0.959744	3.59341
489.122	0.959744	3.59341
489.27	0.959745	3.59341
489.418	0.959746	3.59342
489.567	0.959747	3.59342
489.715	0.959748	3.59343
489.863	0.959749	3.59343
490.011	0.959749	3.59343
490.159	0.95975	3.59344
490.307	0.959751	3.59344
490.455	0.959752	3.59344
490.603	0.959753	3.59345
490.752	0.959754	3.59345
490.9	0.959754	3.59345
491.048	0.959755	3.59346
491.196	0.959756	3.59346
491.344	0.959757	3.59347
491.492	0.959758	3.59347
491.64	0.959759	3.59347
491.788	0.959759	3.59348
491.937	0.95976	3.59348
492.085	0.959761	3.59348
492.233	0.959762	3.59349
492.381	0.959763	3.59349
492.529	0.959764	3.59349
492.677	0.959765	3.5935
492.825	0.959765	3.5935
492.973	0.959766	3.59351
493.122	0.959767	3.59351
493.27	0.959768	3.59351
493.418	0.959769	3.59352
493.566	0.95977	3.59352
493.714	0.95977	3.59352
493.862	0.959771	3.59353
494.01	0.959772	3.59353
494.158	0.959773	3.59354
494.307	0.959774	3.59354
494.455	0.959775	3.59354
494.603	0.959775	3.59355
494.751	0.959776	3.59355
494.899	0.959777	3.59355
495.047	0.959778	3.59356
495.195	0.959779	3.59356
495.344	0.95978	3.59356
495.492	0.95978	3.59357
495.64	0.959781	3.59357
495.788	0.959782	3.59358
495.936	0.959783	3.59358
496.084	0.959784	3.59358
496.232	0.959785	3.59359
496.38	0.959785	3.59359
496.529	0.959786	3.59359
496.677	0.959787	3.5936
496.825	0.959788	3.5936
496.973	0.959789	3.5936
497.121	0.95979	3.59361
497.269	0.959791	3.59361
497.417	0.959791	3.59362
497.565	0.959792	3.59362
497.714	0.959793	3.59362
497.862	0.959794	3.59363
498.01	0.959795	3.59363
498.158	0.959796	3.59363
498.306	0.959796	3.59364
498.454	0.959797	3.59364
498.602	0.959798	3.59364
498.75	0.959799	3.59365
498.899	0.9598	3.59365
499.047	0.959801	3.59366
499.195	0.959801	3.59366
499.343	0.959802	3.59366
499.491	0.959803	3.59367
499.639	0.959804	3.59367
499.787	0.959805	3.59367
499.936	0.959806	3.59368
