0	1.00149	3.55791
0	1.00149	3.55791
0.236554	1.00192	3.55864
0.470766	1.00301	3.56054
0.702636	1.00445	3.56307
0.936848	1.00595	3.56579
1.17106	1.00725	3.56817
1.40761	1.00819	3.56992
1.64183	1.00866	3.57088
1.87604	1.00867	3.57107
2.11025	1.00831	3.57062
2.34212	1.0077	3.56978
2.57633	1.00697	3.56876
2.81054	1.00624	3.5678
3.04475	1.00559	3.56701
3.27897	1.00508	3.5665
3.51318	1.00472	3.5663
3.74739	1.00451	3.56636
3.9816	1.0044	3.56665
4.21581	1.00436	3.5671
4.45003	1.00434	3.56762
4.68424	1.00429	3.56812
4.91845	1.00416	3.5685
5.155	1.00394	3.56875
5.38922	1.00364	3.56886
5.62343	1.00326	3.56887
5.85764	1.00283	3.56881
6.09185	1.00237	3.56872
6.32606	1.00189	3.56863
6.56027	1.00141	3.56856
6.79449	1.00094	3.56852
7.0287	1.00048	3.56853
7.26291	1.00004	3.56859
7.49712	0.99962	3.5687
7.73133	0.999202	3.56885
7.96555	0.998781	3.56901
8.19976	0.998347	3.56916
8.43397	0.997894	3.5693
8.66818	0.99742	3.56941
8.90239	0.996926	3.5695
9.13661	0.996413	3.56958
9.37082	0.995886	3.56965
9.60503	0.995345	3.56971
9.83924	0.994795	3.56977
10.0735	0.994239	3.56982
10.3077	0.993678	3.56989
10.5419	0.993116	3.56995
10.7761	0.992554	3.57004
11.0103	0.991991	3.57013
11.2445	0.991425	3.57022
11.4787	0.990856	3.57032
11.7129	0.990282	3.57041
11.9471	0.989703	3.57051
12.1814	0.989119	3.5706
12.4156	0.98853	3.57069
12.6498	0.987936	3.57077
12.884	0.987337	3.57086
13.1182	0.986735	3.57094
13.3524	0.98613	3.57102
13.5866	0.985524	3.5711
13.8208	0.984916	3.57117
14.0551	0.984308	3.57126
14.2893	0.983699	3.57134
14.5235	0.983091	3.57142
14.7577	0.982483	3.57151
14.9919	0.981874	3.57159
15.2261	0.981266	3.57167
15.4603	0.980658	3.57176
15.6945	0.98005	3.57184
15.9288	0.979443	3.57192
16.163	0.978837	3.572
16.3972	0.978232	3.57208
16.6314	0.977628	3.57216
16.8656	0.977025	3.57223
17.0998	0.976424	3.57231
17.334	0.975826	3.57239
17.5682	0.97523	3.57246
17.8024	0.974636	3.57254
18.0367	0.974045	3.57262
18.2685	0.973463	3.57269
18.5027	0.972878	3.57276
18.737	0.972296	3.57284
18.9712	0.971718	3.57291
19.2054	0.971143	3.57298
19.4396	0.970571	3.57306
19.6738	0.970003	3.57313
19.908	0.969439	3.5732
20.1422	0.968879	3.57327
20.3764	0.968323	3.57333
20.6106	0.967771	3.5734
20.8449	0.967224	3.57347
21.0791	0.96668	3.57354
21.3133	0.966142	3.5736
21.5475	0.965608	3.57367
21.7817	0.965079	3.57373
22.0159	0.964554	3.5738
22.2501	0.964035	3.57386
22.4843	0.96352	3.57392
22.7186	0.96301	3.57398
22.9528	0.962506	3.57404
23.187	0.962006	3.5741
23.4212	0.961512	3.57416
23.6554	0.961022	3.57422
23.8896	0.960538	3.57428
24.1238	0.96006	3.57434
24.358	0.959586	3.57439
24.5922	0.959118	3.57445
24.8265	0.958656	3.57451
25.0607	0.958199	3.57456
25.2949	0.957747	3.57461
25.5291	0.9573	3.57467
25.7633	0.956859	3.57472
25.9975	0.956424	3.57477
26.2317	0.955994	3.57482
26.4659	0.95557	3.57487
26.7002	0.955151	3.57492
26.9344	0.954737	3.57497
27.1686	0.954329	3.57502
27.4028	0.953926	3.57506
27.637	0.953529	3.57511
27.8712	0.953137	3.57516
28.1054	0.95275	3.5752
28.3396	0.952369	3.57525
28.5739	0.951994	3.57529
28.8081	0.951623	3.57534
29.0423	0.951258	3.57538
29.2765	0.950899	3.57542
29.5107	0.950544	3.57546
29.7449	0.950195	3.5755
29.9791	0.949851	3.57554
30.2133	0.949512	3.57558
30.4475	0.949178	3.57562
30.6818	0.948849	3.57566
30.916	0.948525	3.5757
31.1502	0.948207	3.57574
31.3844	0.947893	3.57577
31.6186	0.947584	3.57581
31.8528	0.94728	3.57585
32.087	0.946981	3.57588
32.3212	0.946687	3.57592
32.5555	0.946397	3.57595
32.7897	0.946112	3.57598
33.0239	0.945832	3.57602
33.2581	0.945556	3.57605
33.4923	0.945285	3.57608
33.7265	0.945018	3.57611
33.9607	0.944756	3.57614
34.1949	0.944498	3.57617
34.4291	0.944245	3.5762
34.6634	0.943996	3.57623
34.8976	0.943751	3.57626
35.1318	0.94351	3.57629
35.366	0.943274	3.57632
35.6002	0.943041	3.57635
35.8344	0.942813	3.57638
36.0686	0.942588	3.5764
36.3028	0.942368	3.57643
36.5371	0.942151	3.57645
36.7713	0.941938	3.57648
37.0055	0.941729	3.57651
37.2397	0.941524	3.57653
37.4739	0.941322	3.57656
37.7081	0.941124	3.57658
37.9423	0.94093	3.5766
38.1765	0.940739	3.57663
38.4107	0.940551	3.57665
38.645	0.940367	3.57667
38.8792	0.940187	3.57669
39.1134	0.940009	3.57672
39.3476	0.939835	3.57674
39.5818	0.939664	3.57676
39.816	0.939497	3.57678
40.0502	0.939332	3.5768
40.2844	0.939171	3.57682
40.5187	0.939012	3.57684
40.7529	0.938857	3.57686
40.9871	0.938704	3.57688
41.2213	0.938554	3.5769
41.4555	0.938408	3.57692
41.6897	0.938264	3.57694
41.9239	0.938122	3.57696
42.1605	0.937982	3.57697
42.3947	0.937846	3.57699
42.6289	0.937713	3.57701
42.8631	0.937582	3.57703
43.0973	0.937454	3.57704
43.3315	0.937328	3.57706
43.5658	0.937205	3.57708
43.8	0.937084	3.57709
44.0342	0.936965	3.57711
44.2684	0.936849	3.57712
44.5026	0.936735	3.57714
44.7368	0.936623	3.57715
44.971	0.936514	3.57717
45.2052	0.936406	3.57718
45.4394	0.936301	3.5772
45.6737	0.936198	3.57721
45.9079	0.936097	3.57723
46.1421	0.935997	3.57724
46.3763	0.9359	3.57726
46.6105	0.935805	3.57727
46.8447	0.935712	3.57728
47.0789	0.93562	3.5773
47.3131	0.935531	3.57731
47.5474	0.935443	3.57732
47.7816	0.935357	3.57733
48.0158	0.935272	3.57735
48.25	0.93519	3.57736
48.4842	0.935109	3.57737
48.7184	0.935029	3.57738
48.9526	0.934952	3.57739
49.1868	0.934876	3.57741
49.421	0.934801	3.57742
49.6553	0.934728	3.57743
49.8895	0.934656	3.57744
50.1237	0.934586	3.57745
50.3579	0.934518	3.57746
50.5921	0.93445	3.57747
50.8263	0.934384	3.57748
51.0605	0.93432	3.57749
51.2947	0.934257	3.5775
51.529	0.934195	3.57751
51.7632	0.934134	3.57752
51.9974	0.934075	3.57753
52.2316	0.934017	3.57754
52.4658	0.93396	3.57755
52.7	0.933904	3.57756
52.9342	0.93385	3.57757
53.1684	0.933796	3.57758
53.4027	0.933744	3.57759
53.6369	0.933693	3.5776
53.8711	0.933643	3.57761
54.1053	0.933594	3.57762
54.3395	0.933546	3.57763
54.5737	0.933499	3.57764
54.8079	0.933453	3.57765
55.0421	0.933408	3.57765
55.2763	0.933364	3.57766
55.5106	0.93332	3.57767
55.7448	0.933278	3.57768
55.979	0.933237	3.57769
56.2132	0.933196	3.5777
56.4474	0.933157	3.5777
56.6816	0.933118	3.57771
56.9158	0.93308	3.57772
57.15	0.933043	3.57773
57.3843	0.933007	3.57774
57.6185	0.932971	3.57774
57.8527	0.932936	3.57775
58.0869	0.932902	3.57776
58.3211	0.932869	3.57777
58.5553	0.932837	3.57777
58.7895	0.932805	3.57778
59.0237	0.932774	3.57779
59.2579	0.932743	3.57779
59.4922	0.932713	3.5778
59.7264	0.932684	3.57781
59.9606	0.932656	3.57782
60.1948	0.932628	3.57782
60.429	0.932601	3.57783
60.6632	0.932574	3.57784
60.8974	0.932548	3.57784
61.1316	0.932522	3.57785
61.3659	0.932497	3.57786
61.6001	0.932473	3.57786
61.8343	0.932449	3.57787
62.0685	0.932426	3.57788
62.3027	0.932403	3.57788
62.5369	0.932381	3.57789
62.7711	0.932359	3.57789
63.0053	0.932338	3.5779
63.2396	0.932317	3.57791
63.4738	0.932296	3.57791
63.708	0.932276	3.57792
63.9422	0.932257	3.57793
64.1764	0.932238	3.57793
64.4106	0.932219	3.57794
64.6448	0.932201	3.57794
64.879	0.932183	3.57795
65.1132	0.932166	3.57795
65.3475	0.932149	3.57796
65.5817	0.932133	3.57797
65.8159	0.932116	3.57797
66.0501	0.932101	3.57798
66.2843	0.932085	3.57798
66.5185	0.93207	3.57799
66.7527	0.932055	3.57799
66.9869	0.932041	3.578
67.2212	0.932027	3.57801
67.4554	0.932013	3.57801
67.6896	0.932	3.57802
67.9238	0.931987	3.57802
68.158	0.931974	3.57803
68.3922	0.931962	3.57803
68.6264	0.931949	3.57804
68.8606	0.931938	3.57804
69.0948	0.931926	3.57805
69.3291	0.931915	3.57805
69.5633	0.931904	3.57806
69.7975	0.931893	3.57806
70.0317	0.931882	3.57807
70.2659	0.931872	3.57808
70.5001	0.931862	3.57808
70.7343	0.931852	3.57809
70.9685	0.931843	3.57809
71.2028	0.931833	3.5781
71.437	0.931824	3.5781
71.6712	0.931815	3.57811
71.9054	0.931807	3.57811
72.1396	0.931798	3.57812
72.3738	0.93179	3.57812
72.608	0.931782	3.57813
72.8422	0.931775	3.57813
73.0765	0.931767	3.57814
73.3107	0.93176	3.57814
73.5449	0.931752	3.57815
73.7791	0.931745	3.57815
74.0133	0.931739	3.57815
74.2475	0.931732	3.57816
74.4817	0.931725	3.57816
74.7159	0.931719	3.57817
74.9501	0.931713	3.57817
75.1844	0.931707	3.57818
75.4186	0.931701	3.57818
75.6528	0.931696	3.57819
75.887	0.93169	3.57819
76.1212	0.931685	3.5782
76.3554	0.931679	3.5782
76.5896	0.931674	3.57821
76.8238	0.931669	3.57821
77.0581	0.931665	3.57822
77.2923	0.93166	3.57822
77.5265	0.931656	3.57823
77.7607	0.931651	3.57823
77.9949	0.931647	3.57823
78.2291	0.931643	3.57824
78.4633	0.931639	3.57824
78.6975	0.931635	3.57825
78.9317	0.931631	3.57825
79.166	0.931627	3.57826
79.4002	0.931624	3.57826
79.6344	0.93162	3.57827
79.8686	0.931617	3.57827
80.1028	0.931614	3.57827
80.337	0.931611	3.57828
80.5712	0.931608	3.57828
80.8054	0.931605	3.57829
81.0397	0.931602	3.57829
81.2739	0.931599	3.5783
81.5081	0.931597	3.5783
81.7423	0.931594	3.57831
81.9765	0.931592	3.57831
82.2107	0.931589	3.57831
82.4449	0.931587	3.57832
82.6791	0.931585	3.57832
82.9133	0.931583	3.57833
83.1476	0.93158	3.57833
83.3818	0.931578	3.57834
83.616	0.931577	3.57834
83.8502	0.931575	3.57835
84.0844	0.931573	3.57835
84.3186	0.931571	3.57835
84.5528	0.93157	3.57836
84.787	0.931568	3.57836
85.0213	0.931567	3.57837
85.2555	0.931565	3.57837
85.4897	0.931564	3.57838
85.7239	0.931563	3.57838
85.9581	0.931561	3.57838
86.1923	0.93156	3.57839
86.4265	0.931559	3.57839
86.6607	0.931558	3.5784
86.895	0.931557	3.5784
87.1292	0.931556	3.57841
87.3634	0.931555	3.57841
87.5976	0.931554	3.57841
87.8318	0.931553	3.57842
88.066	0.931553	3.57842
88.3002	0.931552	3.57843
88.5344	0.931551	3.57843
88.7686	0.931551	3.57843
89.0029	0.93155	3.57844
89.2371	0.93155	3.57844
89.4713	0.931549	3.57845
89.7055	0.931549	3.57845
89.9397	0.931548	3.57846
90.1739	0.931548	3.57846
90.4081	0.931548	3.57846
90.6423	0.931547	3.57847
90.8766	0.931547	3.57847
91.1108	0.931547	3.57848
91.345	0.931547	3.57848
91.5792	0.931547	3.57848
91.8134	0.931547	3.57849
92.0476	0.931547	3.57849
92.2818	0.931547	3.5785
92.516	0.931547	3.5785
92.7502	0.931547	3.57851
92.9845	0.931547	3.57851
93.2187	0.931547	3.57851
93.4529	0.931547	3.57852
93.6871	0.931547	3.57852
93.9213	0.931547	3.57853
94.1555	0.931548	3.57853
94.3897	0.931548	3.57853
94.6239	0.931548	3.57854
94.8582	0.931548	3.57854
95.0924	0.931549	3.57855
95.3266	0.931549	3.57855
95.5608	0.93155	3.57855
95.795	0.93155	3.57856
96.0292	0.93155	3.57856
96.2634	0.931551	3.57857
96.4976	0.931551	3.57857
96.7319	0.931552	3.57858
96.9661	0.931552	3.57858
97.2003	0.931553	3.57858
97.4345	0.931553	3.57859
97.6687	0.931554	3.57859
97.9029	0.931555	3.5786
98.1371	0.931555	3.5786
98.3713	0.931556	3.5786
98.6055	0.931556	3.57861
98.8398	0.931557	3.57861
99.074	0.931558	3.57862
99.3082	0.931558	3.57862
99.5424	0.931559	3.57862
99.7766	0.93156	3.57863
100.011	0.931561	3.57863
100.245	0.931561	3.57864
100.479	0.931562	3.57864
100.713	0.931563	3.57864
100.948	0.931564	3.57865
101.182	0.931565	3.57865
101.416	0.931565	3.57866
101.65	0.931566	3.57866
101.885	0.931567	3.57866
102.119	0.931568	3.57867
102.353	0.931569	3.57867
102.587	0.93157	3.57868
102.821	0.931571	3.57868
103.056	0.931572	3.57868
103.29	0.931573	3.57869
103.524	0.931574	3.57869
103.758	0.931575	3.5787
103.992	0.931575	3.5787
104.227	0.931576	3.57871
104.461	0.931577	3.57871
104.695	0.931578	3.57871
104.929	0.931579	3.57872
105.163	0.93158	3.57872
105.398	0.931581	3.57873
105.632	0.931583	3.57873
105.866	0.931584	3.57873
106.1	0.931585	3.57874
106.335	0.931586	3.57874
106.569	0.931587	3.57875
106.803	0.931588	3.57875
107.037	0.931589	3.57875
107.271	0.93159	3.57876
107.506	0.931591	3.57876
107.74	0.931592	3.57877
107.974	0.931593	3.57877
108.208	0.931594	3.57877
108.442	0.931595	3.57878
108.677	0.931597	3.57878
108.911	0.931598	3.57879
109.145	0.931599	3.57879
109.379	0.9316	3.57879
109.614	0.931601	3.5788
109.848	0.931602	3.5788
110.082	0.931604	3.57881
110.316	0.931605	3.57881
110.55	0.931606	3.57881
110.785	0.931607	3.57882
111.019	0.931608	3.57882
111.253	0.931609	3.57883
111.487	0.931611	3.57883
111.721	0.931612	3.57883
111.956	0.931613	3.57884
112.19	0.931614	3.57884
112.424	0.931615	3.57885
112.658	0.931617	3.57885
112.892	0.931618	3.57885
113.127	0.931619	3.57886
113.361	0.93162	3.57886
113.595	0.931621	3.57887
113.829	0.931623	3.57887
114.064	0.931624	3.57887
114.298	0.931625	3.57888
114.532	0.931626	3.57888
114.766	0.931628	3.57889
115	0.931629	3.57889
115.235	0.93163	3.57889
115.469	0.931631	3.5789
115.703	0.931633	3.5789
115.937	0.931634	3.57891
116.171	0.931635	3.57891
116.406	0.931636	3.57891
116.64	0.931638	3.57892
116.874	0.931639	3.57892
117.108	0.93164	3.57893
117.342	0.931641	3.57893
117.577	0.931643	3.57893
117.811	0.931644	3.57894
118.045	0.931645	3.57894
118.279	0.931647	3.57895
118.514	0.931648	3.57895
118.748	0.931649	3.57895
118.982	0.93165	3.57896
119.216	0.931652	3.57896
119.45	0.931653	3.57897
119.685	0.931654	3.57897
119.919	0.931656	3.57897
120.153	0.931657	3.57898
120.387	0.931658	3.57898
120.621	0.931659	3.57899
120.856	0.931661	3.57899
121.09	0.931662	3.57899
121.324	0.931663	3.579
121.558	0.931665	3.579
121.793	0.931666	3.57901
122.027	0.931667	3.57901
122.261	0.931669	3.57901
122.495	0.93167	3.57902
122.729	0.931671	3.57902
122.964	0.931672	3.57903
123.198	0.931674	3.57903
123.432	0.931675	3.57903
123.666	0.931676	3.57904
123.9	0.931678	3.57904
124.135	0.931679	3.57905
124.369	0.93168	3.57905
124.603	0.931682	3.57905
124.837	0.931683	3.57906
125.071	0.931684	3.57906
125.306	0.931686	3.57907
125.54	0.931687	3.57907
125.774	0.931688	3.57907
126.008	0.931689	3.57908
126.243	0.931691	3.57908
126.477	0.931692	3.57908
126.711	0.931693	3.57909
126.945	0.931695	3.57909
127.179	0.931696	3.5791
127.414	0.931697	3.5791
127.648	0.931699	3.5791
127.882	0.9317	3.57911
128.116	0.931701	3.57911
128.35	0.931703	3.57912
128.585	0.931704	3.57912
128.819	0.931705	3.57912
129.053	0.931706	3.57913
129.287	0.931708	3.57913
129.522	0.931709	3.57914
129.756	0.93171	3.57914
129.99	0.931712	3.57914
130.224	0.931713	3.57915
130.458	0.931714	3.57915
130.693	0.931716	3.57916
130.927	0.931717	3.57916
131.161	0.931718	3.57916
131.395	0.93172	3.57917
131.629	0.931721	3.57917
131.864	0.931722	3.57918
132.098	0.931724	3.57918
132.332	0.931725	3.57918
132.566	0.931726	3.57919
132.8	0.931727	3.57919
133.035	0.931729	3.5792
133.269	0.93173	3.5792
133.503	0.931731	3.5792
133.737	0.931733	3.57921
133.972	0.931734	3.57921
134.206	0.931735	3.57922
134.44	0.931737	3.57922
134.674	0.931738	3.57922
134.908	0.931739	3.57923
135.143	0.931741	3.57923
135.377	0.931742	3.57924
135.611	0.931743	3.57924
135.845	0.931744	3.57924
136.079	0.931746	3.57925
136.314	0.931747	3.57925
136.548	0.931748	3.57926
136.782	0.93175	3.57926
137.016	0.931751	3.57926
137.251	0.931752	3.57927
137.485	0.931754	3.57927
137.719	0.931755	3.57928
137.953	0.931756	3.57928
138.187	0.931758	3.57928
138.422	0.931759	3.57929
138.656	0.93176	3.57929
138.89	0.931761	3.5793
139.124	0.931763	3.5793
139.358	0.931764	3.5793
139.593	0.931765	3.57931
139.827	0.931767	3.57931
140.061	0.931768	3.57932
140.295	0.931769	3.57932
140.529	0.931771	3.57932
140.764	0.931772	3.57933
140.998	0.931773	3.57933
141.232	0.931774	3.57934
141.466	0.931776	3.57934
141.701	0.931777	3.57934
141.935	0.931778	3.57935
142.169	0.93178	3.57935
142.403	0.931781	3.57936
142.635	0.931782	3.57936
142.869	0.931783	3.57936
143.103	0.931785	3.57937
143.338	0.931786	3.57937
143.572	0.931787	3.57938
143.806	0.931789	3.57938
144.04	0.93179	3.57938
144.275	0.931791	3.57939
144.509	0.931792	3.57939
144.743	0.931794	3.5794
144.977	0.931795	3.5794
145.211	0.931796	3.5794
145.446	0.931798	3.57941
145.68	0.931799	3.57941
145.914	0.9318	3.57941
146.148	0.931801	3.57942
146.382	0.931803	3.57942
146.617	0.931804	3.57943
146.851	0.931805	3.57943
147.085	0.931807	3.57943
147.319	0.931808	3.57944
147.553	0.931809	3.57944
147.788	0.93181	3.57945
148.022	0.931812	3.57945
148.256	0.931813	3.57945
148.49	0.931814	3.57946
148.725	0.931816	3.57946
148.959	0.931817	3.57947
149.193	0.931818	3.57947
149.427	0.931819	3.57947
149.661	0.931821	3.57948
149.896	0.931822	3.57948
150.13	0.931823	3.57949
150.364	0.931824	3.57949
150.598	0.931826	3.57949
150.832	0.931827	3.5795
151.067	0.931828	3.5795
151.301	0.93183	3.57951
151.535	0.931831	3.57951
151.769	0.931832	3.57951
152.004	0.931833	3.57952
152.238	0.931835	3.57952
152.472	0.931836	3.57953
152.706	0.931837	3.57953
152.94	0.931838	3.57953
153.175	0.93184	3.57954
153.409	0.931841	3.57954
153.643	0.931842	3.57955
153.877	0.931843	3.57955
154.111	0.931845	3.57955
154.346	0.931846	3.57956
154.58	0.931847	3.57956
154.814	0.931848	3.57957
155.048	0.93185	3.57957
155.282	0.931851	3.57957
155.517	0.931852	3.57958
155.751	0.931854	3.57958
155.985	0.931855	3.57959
156.219	0.931856	3.57959
156.454	0.931857	3.57959
156.688	0.931859	3.5796
156.922	0.93186	3.5796
157.156	0.931861	3.57961
157.39	0.931862	3.57961
157.625	0.931864	3.57961
157.859	0.931865	3.57962
158.093	0.931866	3.57962
158.327	0.931867	3.57963
158.561	0.931869	3.57963
158.796	0.93187	3.57963
159.03	0.931871	3.57964
159.264	0.931872	3.57964
159.498	0.931874	3.57965
159.733	0.931875	3.57965
159.967	0.931876	3.57965
160.201	0.931877	3.57966
160.435	0.931879	3.57966
160.669	0.93188	3.57966
160.904	0.931881	3.57967
161.138	0.931882	3.57967
161.372	0.931884	3.57968
161.606	0.931885	3.57968
161.84	0.931886	3.57968
162.075	0.931887	3.57969
162.309	0.931888	3.57969
162.543	0.93189	3.5797
162.777	0.931891	3.5797
163.011	0.931892	3.5797
163.246	0.931893	3.57971
163.48	0.931895	3.57971
163.714	0.931896	3.57972
163.948	0.931897	3.57972
164.183	0.931898	3.57972
164.417	0.9319	3.57973
164.651	0.931901	3.57973
164.885	0.931902	3.57974
165.119	0.931903	3.57974
165.354	0.931905	3.57974
165.588	0.931906	3.57975
165.822	0.931907	3.57975
166.056	0.931908	3.57976
166.29	0.931909	3.57976
166.525	0.931911	3.57976
166.759	0.931912	3.57977
166.993	0.931913	3.57977
167.227	0.931914	3.57978
167.461	0.931916	3.57978
167.696	0.931917	3.57978
167.93	0.931918	3.57979
168.164	0.931919	3.57979
168.398	0.931921	3.5798
168.633	0.931922	3.5798
168.867	0.931923	3.5798
169.101	0.931924	3.57981
169.335	0.931925	3.57981
169.569	0.931927	3.57982
169.804	0.931928	3.57982
170.038	0.931929	3.57982
170.272	0.93193	3.57983
170.506	0.931932	3.57983
170.74	0.931933	3.57984
170.975	0.931934	3.57984
171.209	0.931935	3.57984
171.443	0.931936	3.57985
171.677	0.931938	3.57985
171.912	0.931939	3.57986
172.146	0.93194	3.57986
172.38	0.931941	3.57986
172.614	0.931943	3.57987
172.848	0.931944	3.57987
173.083	0.931945	3.57988
173.317	0.931946	3.57988
173.551	0.931947	3.57988
173.785	0.931949	3.57989
174.019	0.93195	3.57989
174.254	0.931951	3.5799
174.488	0.931952	3.5799
174.722	0.931953	3.5799
174.956	0.931955	3.57991
175.19	0.931956	3.57991
175.425	0.931957	3.57992
175.659	0.931958	3.57992
175.893	0.93196	3.57992
176.127	0.931961	3.57993
176.362	0.931962	3.57993
176.596	0.931963	3.57993
176.83	0.931964	3.57994
177.064	0.931966	3.57994
177.298	0.931967	3.57995
177.533	0.931968	3.57995
177.767	0.931969	3.57995
178.001	0.93197	3.57996
178.235	0.931972	3.57996
178.469	0.931973	3.57997
178.704	0.931974	3.57997
178.938	0.931975	3.57997
179.172	0.931976	3.57998
179.406	0.931978	3.57998
179.641	0.931979	3.57999
179.875	0.93198	3.57999
180.109	0.931981	3.57999
180.343	0.931982	3.58
180.577	0.931984	3.58
180.812	0.931985	3.58001
181.046	0.931986	3.58001
181.28	0.931987	3.58001
181.514	0.931988	3.58002
181.748	0.93199	3.58002
181.983	0.931991	3.58003
182.217	0.931992	3.58003
182.451	0.931993	3.58003
182.685	0.931994	3.58004
182.919	0.931996	3.58004
183.154	0.931997	3.58005
183.388	0.931998	3.58005
183.622	0.931999	3.58005
183.856	0.932	3.58006
184.091	0.932002	3.58006
184.325	0.932003	3.58007
184.559	0.932004	3.58007
184.793	0.932005	3.58007
185.027	0.932006	3.58008
185.262	0.932008	3.58008
185.496	0.932009	3.58009
185.73	0.93201	3.58009
185.964	0.932011	3.58009
186.198	0.932012	3.5801
186.433	0.932014	3.5801
186.667	0.932015	3.58011
186.901	0.932016	3.58011
187.135	0.932017	3.58011
187.37	0.932018	3.58012
187.604	0.932019	3.58012
187.838	0.932021	3.58013
188.072	0.932022	3.58013
188.306	0.932023	3.58013
188.541	0.932024	3.58014
188.775	0.932025	3.58014
189.009	0.932027	3.58015
189.243	0.932028	3.58015
189.477	0.932029	3.58015
189.712	0.93203	3.58016
189.946	0.932031	3.58016
190.18	0.932033	3.58016
190.414	0.932034	3.58017
190.648	0.932035	3.58017
190.883	0.932036	3.58018
191.117	0.932037	3.58018
191.351	0.932038	3.58018
191.585	0.93204	3.58019
191.82	0.932041	3.58019
192.054	0.932042	3.5802
192.288	0.932043	3.5802
192.522	0.932044	3.5802
192.756	0.932046	3.58021
192.991	0.932047	3.58021
193.225	0.932048	3.58022
193.459	0.932049	3.58022
193.693	0.93205	3.58022
193.927	0.932051	3.58023
194.162	0.932053	3.58023
194.396	0.932054	3.58024
194.63	0.932055	3.58024
194.864	0.932056	3.58024
195.099	0.932057	3.58025
195.333	0.932059	3.58025
195.567	0.93206	3.58026
195.801	0.932061	3.58026
196.035	0.932062	3.58026
196.27	0.932063	3.58027
196.504	0.932064	3.58027
196.738	0.932066	3.58028
196.972	0.932067	3.58028
197.206	0.932068	3.58028
197.441	0.932069	3.58029
197.675	0.93207	3.58029
197.909	0.932071	3.5803
198.143	0.932073	3.5803
198.377	0.932074	3.5803
198.612	0.932075	3.58031
198.846	0.932076	3.58031
199.08	0.932077	3.58032
199.314	0.932079	3.58032
199.549	0.93208	3.58032
199.783	0.932081	3.58033
200.017	0.932082	3.58033
200.251	0.932083	3.58034
200.485	0.932084	3.58034
200.72	0.932086	3.58034
200.954	0.932087	3.58035
201.188	0.932088	3.58035
201.422	0.932089	3.58036
201.656	0.93209	3.58036
201.891	0.932091	3.58036
202.125	0.932093	3.58037
202.359	0.932094	3.58037
202.593	0.932095	3.58038
202.827	0.932096	3.58038
203.062	0.932097	3.58038
203.296	0.932098	3.58039
203.53	0.9321	3.58039
203.764	0.932101	3.58039
203.999	0.932102	3.5804
204.233	0.932103	3.5804
204.467	0.932104	3.58041
204.701	0.932105	3.58041
204.935	0.932107	3.58041
205.17	0.932108	3.58042
205.404	0.932109	3.58042
205.638	0.93211	3.58043
205.872	0.932111	3.58043
206.106	0.932112	3.58043
206.341	0.932114	3.58044
206.575	0.932115	3.58044
206.809	0.932116	3.58045
207.043	0.932117	3.58045
207.278	0.932118	3.58045
207.512	0.932119	3.58046
207.746	0.932121	3.58046
207.98	0.932122	3.58047
208.214	0.932123	3.58047
208.449	0.932124	3.58047
208.683	0.932125	3.58048
208.917	0.932126	3.58048
209.151	0.932128	3.58049
209.385	0.932129	3.58049
209.62	0.93213	3.58049
209.854	0.932131	3.5805
210.088	0.932132	3.5805
210.322	0.932133	3.58051
210.556	0.932134	3.58051
210.791	0.932136	3.58051
211.025	0.932137	3.58052
211.259	0.932138	3.58052
211.493	0.932139	3.58053
211.728	0.93214	3.58053
211.962	0.932141	3.58053
212.196	0.932143	3.58054
212.43	0.932144	3.58054
212.664	0.932145	3.58055
212.899	0.932146	3.58055
213.133	0.932147	3.58055
213.367	0.932148	3.58056
213.601	0.93215	3.58056
213.835	0.932151	3.58057
214.07	0.932152	3.58057
214.304	0.932153	3.58057
214.538	0.932154	3.58058
214.772	0.932155	3.58058
215.007	0.932156	3.58059
215.241	0.932158	3.58059
215.475	0.932159	3.58059
215.709	0.93216	3.5806
215.943	0.932161	3.5806
216.178	0.932162	3.58061
216.412	0.932163	3.58061
216.646	0.932165	3.58061
216.88	0.932166	3.58062
217.114	0.932167	3.58062
217.349	0.932168	3.58062
217.583	0.932169	3.58063
217.817	0.93217	3.58063
218.051	0.932171	3.58064
218.285	0.932173	3.58064
218.52	0.932174	3.58064
218.754	0.932175	3.58065
218.988	0.932176	3.58065
219.222	0.932177	3.58066
219.457	0.932178	3.58066
219.691	0.93218	3.58066
219.925	0.932181	3.58067
220.159	0.932182	3.58067
220.393	0.932183	3.58068
220.628	0.932184	3.58068
220.862	0.932185	3.58068
221.096	0.932186	3.58069
221.33	0.932188	3.58069
221.564	0.932189	3.5807
221.799	0.93219	3.5807
222.033	0.932191	3.5807
222.267	0.932192	3.58071
222.501	0.932193	3.58071
222.736	0.932195	3.58072
222.97	0.932196	3.58072
223.204	0.932197	3.58072
223.438	0.932198	3.58073
223.672	0.932199	3.58073
223.907	0.9322	3.58074
224.141	0.932201	3.58074
224.375	0.932203	3.58074
224.609	0.932204	3.58075
224.843	0.932205	3.58075
225.078	0.932206	3.58076
225.312	0.932207	3.58076
225.546	0.932208	3.58076
225.78	0.932209	3.58077
226.014	0.932211	3.58077
226.249	0.932212	3.58078
226.483	0.932213	3.58078
226.717	0.932214	3.58078
226.951	0.932215	3.58079
227.186	0.932216	3.58079
227.42	0.932217	3.5808
227.654	0.932219	3.5808
227.888	0.93222	3.5808
228.122	0.932221	3.58081
228.357	0.932222	3.58081
228.591	0.932223	3.58082
228.825	0.932224	3.58082
229.059	0.932225	3.58082
229.293	0.932227	3.58083
229.528	0.932228	3.58083
229.762	0.932229	3.58084
229.996	0.93223	3.58084
230.23	0.932231	3.58084
230.464	0.932232	3.58085
230.699	0.932233	3.58085
230.933	0.932235	3.58085
231.167	0.932236	3.58086
231.401	0.932237	3.58086
231.636	0.932238	3.58087
231.87	0.932239	3.58087
232.104	0.93224	3.58087
232.338	0.932241	3.58088
232.572	0.932243	3.58088
232.807	0.932244	3.58089
233.041	0.932245	3.58089
233.275	0.932246	3.58089
233.509	0.932247	3.5809
233.743	0.932248	3.5809
233.978	0.932249	3.58091
234.212	0.932251	3.58091
234.446	0.932252	3.58091
234.68	0.932253	3.58092
234.915	0.932254	3.58092
235.149	0.932255	3.58093
235.383	0.932256	3.58093
235.617	0.932257	3.58093
235.851	0.932259	3.58094
236.086	0.93226	3.58094
236.32	0.932261	3.58095
236.554	0.932262	3.58095
236.788	0.932263	3.58095
237.022	0.932264	3.58096
237.257	0.932265	3.58096
237.491	0.932267	3.58097
237.725	0.932268	3.58097
237.959	0.932269	3.58097
238.193	0.93227	3.58098
238.428	0.932271	3.58098
238.662	0.932272	3.58099
238.896	0.932273	3.58099
239.13	0.932275	3.58099
239.365	0.932276	3.581
239.599	0.932277	3.581
239.833	0.932278	3.58101
240.067	0.932279	3.58101
240.301	0.93228	3.58101
240.536	0.932281	3.58102
240.77	0.932282	3.58102
241.004	0.932284	3.58103
241.238	0.932285	3.58103
241.472	0.932286	3.58103
241.707	0.932287	3.58104
241.941	0.932288	3.58104
242.175	0.932289	3.58105
242.409	0.93229	3.58105
242.644	0.932292	3.58105
242.878	0.932293	3.58106
243.112	0.932294	3.58106
243.346	0.932295	3.58106
243.58	0.932296	3.58107
243.815	0.932297	3.58107
244.049	0.932298	3.58108
244.283	0.9323	3.58108
244.517	0.932301	3.58108
244.751	0.932302	3.58109
244.986	0.932303	3.58109
245.22	0.932304	3.5811
245.454	0.932305	3.5811
245.688	0.932306	3.5811
245.922	0.932307	3.58111
246.157	0.932309	3.58111
246.391	0.93231	3.58112
246.625	0.932311	3.58112
246.859	0.932312	3.58112
247.094	0.932313	3.58113
247.328	0.932314	3.58113
247.562	0.932315	3.58114
247.796	0.932317	3.58114
248.03	0.932318	3.58114
248.265	0.932319	3.58115
248.499	0.93232	3.58115
248.733	0.932321	3.58116
248.967	0.932322	3.58116
249.201	0.932323	3.58116
249.436	0.932324	3.58117
249.67	0.932326	3.58117
249.904	0.932327	3.58118
250.138	0.932328	3.58118
250.373	0.932329	3.58118
250.607	0.93233	3.58119
250.841	0.932331	3.58119
251.075	0.932332	3.5812
251.309	0.932333	3.5812
251.544	0.932335	3.5812
251.778	0.932336	3.58121
252.012	0.932337	3.58121
252.246	0.932338	3.58122
252.48	0.932339	3.58122
252.715	0.93234	3.58122
252.949	0.932341	3.58123
253.183	0.932343	3.58123
253.417	0.932344	3.58124
253.651	0.932345	3.58124
253.886	0.932346	3.58124
254.12	0.932347	3.58125
254.354	0.932348	3.58125
254.588	0.932349	3.58126
254.823	0.93235	3.58126
255.057	0.932352	3.58126
255.291	0.932353	3.58127
255.525	0.932354	3.58127
255.759	0.932355	3.58128
255.994	0.932356	3.58128
256.228	0.932357	3.58128
256.462	0.932358	3.58129
256.696	0.932359	3.58129
256.93	0.932361	3.58129
257.165	0.932362	3.5813
257.399	0.932363	3.5813
257.633	0.932364	3.58131
257.867	0.932365	3.58131
258.101	0.932366	3.58131
258.336	0.932367	3.58132
258.57	0.932369	3.58132
258.804	0.93237	3.58133
259.038	0.932371	3.58133
259.273	0.932372	3.58133
259.507	0.932373	3.58134
259.741	0.932374	3.58134
259.975	0.932375	3.58135
260.209	0.932376	3.58135
260.444	0.932378	3.58135
260.678	0.932379	3.58136
260.912	0.93238	3.58136
261.146	0.932381	3.58137
261.38	0.932382	3.58137
261.615	0.932383	3.58137
261.849	0.932384	3.58138
262.083	0.932385	3.58138
262.317	0.932387	3.58139
262.552	0.932388	3.58139
262.786	0.932389	3.58139
263.02	0.93239	3.5814
263.254	0.932391	3.5814
263.488	0.932392	3.58141
263.723	0.932393	3.58141
263.957	0.932394	3.58141
264.191	0.932396	3.58142
264.425	0.932397	3.58142
264.659	0.932398	3.58143
264.894	0.932399	3.58143
265.128	0.9324	3.58143
265.362	0.932401	3.58144
265.596	0.932402	3.58144
265.83	0.932403	3.58145
266.065	0.932405	3.58145
266.299	0.932406	3.58145
266.533	0.932407	3.58146
266.767	0.932408	3.58146
267.002	0.932409	3.58147
267.236	0.93241	3.58147
267.47	0.932411	3.58147
267.704	0.932412	3.58148
267.938	0.932414	3.58148
268.173	0.932415	3.58149
268.407	0.932416	3.58149
268.641	0.932417	3.58149
268.875	0.932418	3.5815
269.109	0.932419	3.5815
269.344	0.93242	3.5815
269.578	0.932421	3.58151
269.812	0.932423	3.58151
270.046	0.932424	3.58152
270.281	0.932425	3.58152
270.515	0.932426	3.58152
270.749	0.932427	3.58153
270.983	0.932428	3.58153
271.217	0.932429	3.58154
271.452	0.93243	3.58154
271.686	0.932432	3.58154
271.92	0.932433	3.58155
272.154	0.932434	3.58155
272.388	0.932435	3.58156
272.623	0.932436	3.58156
272.857	0.932437	3.58156
273.091	0.932438	3.58157
273.325	0.932439	3.58157
273.559	0.932441	3.58158
273.794	0.932442	3.58158
274.028	0.932443	3.58158
274.262	0.932444	3.58159
274.496	0.932445	3.58159
274.731	0.932446	3.5816
274.965	0.932447	3.5816
275.199	0.932448	3.5816
275.433	0.93245	3.58161
275.667	0.932451	3.58161
275.902	0.932452	3.58162
276.136	0.932453	3.58162
276.37	0.932454	3.58162
276.604	0.932455	3.58163
276.838	0.932456	3.58163
277.073	0.932457	3.58164
277.307	0.932458	3.58164
277.541	0.93246	3.58164
277.775	0.932461	3.58165
278.01	0.932462	3.58165
278.244	0.932463	3.58166
278.478	0.932464	3.58166
278.712	0.932465	3.58166
278.946	0.932466	3.58167
279.181	0.932467	3.58167
279.415	0.932469	3.58168
279.649	0.93247	3.58168
279.883	0.932471	3.58168
280.117	0.932472	3.58169
280.352	0.932473	3.58169
280.586	0.932474	3.5817
280.82	0.932475	3.5817
281.054	0.932476	3.5817
281.288	0.932478	3.58171
281.523	0.932479	3.58171
281.757	0.93248	3.58171
281.991	0.932481	3.58172
282.225	0.932482	3.58172
282.46	0.932483	3.58173
282.694	0.932484	3.58173
282.928	0.932485	3.58173
283.162	0.932487	3.58174
283.396	0.932488	3.58174
283.631	0.932489	3.58175
283.865	0.93249	3.58175
284.099	0.932491	3.58175
284.333	0.932492	3.58176
284.567	0.932493	3.58176
284.802	0.932494	3.58177
285.036	0.932495	3.58177
285.27	0.932497	3.58177
285.504	0.932498	3.58178
285.739	0.932499	3.58178
285.973	0.9325	3.58179
286.207	0.932501	3.58179
286.441	0.932502	3.58179
286.675	0.932503	3.5818
286.91	0.932504	3.5818
287.144	0.932506	3.58181
287.378	0.932507	3.58181
287.612	0.932508	3.58181
287.846	0.932509	3.58182
288.081	0.93251	3.58182
288.315	0.932511	3.58183
288.549	0.932512	3.58183
288.783	0.932513	3.58183
289.017	0.932514	3.58184
289.252	0.932516	3.58184
289.486	0.932517	3.58185
289.72	0.932518	3.58185
289.954	0.932519	3.58185
290.189	0.93252	3.58186
290.423	0.932521	3.58186
290.657	0.932522	3.58187
290.891	0.932523	3.58187
291.125	0.932525	3.58187
291.36	0.932526	3.58188
291.594	0.932527	3.58188
291.828	0.932528	3.58189
292.062	0.932529	3.58189
292.296	0.93253	3.58189
292.531	0.932531	3.5819
292.765	0.932532	3.5819
292.999	0.932534	3.5819
293.233	0.932535	3.58191
293.467	0.932536	3.58191
293.702	0.932537	3.58192
293.936	0.932538	3.58192
294.17	0.932539	3.58192
294.404	0.93254	3.58193
294.639	0.932541	3.58193
294.873	0.932542	3.58194
295.107	0.932544	3.58194
295.341	0.932545	3.58194
295.575	0.932546	3.58195
295.81	0.932547	3.58195
296.044	0.932548	3.58196
296.278	0.932549	3.58196
296.512	0.93255	3.58196
296.746	0.932551	3.58197
296.981	0.932552	3.58197
297.215	0.932554	3.58198
297.449	0.932555	3.58198
297.683	0.932556	3.58198
297.918	0.932557	3.58199
298.152	0.932558	3.58199
298.386	0.932559	3.582
298.62	0.93256	3.582
298.854	0.932561	3.582
299.089	0.932563	3.58201
299.323	0.932564	3.58201
299.557	0.932565	3.58202
299.791	0.932566	3.58202
300.025	0.932567	3.58202
300.26	0.932568	3.58203
300.494	0.932569	3.58203
300.728	0.93257	3.58204
300.962	0.932571	3.58204
301.196	0.932573	3.58204
301.431	0.932574	3.58205
301.665	0.932575	3.58205
301.899	0.932576	3.58206
302.133	0.932577	3.58206
302.368	0.932578	3.58206
302.602	0.932579	3.58207
302.836	0.93258	3.58207
303.07	0.932582	3.58208
303.304	0.932583	3.58208
303.539	0.932584	3.58208
303.773	0.932585	3.58209
304.007	0.932586	3.58209
304.241	0.932587	3.5821
304.475	0.932588	3.5821
304.71	0.932589	3.5821
304.944	0.93259	3.58211
305.178	0.932592	3.58211
305.412	0.932593	3.58211
305.647	0.932594	3.58212
305.881	0.932595	3.58212
306.115	0.932596	3.58213
306.349	0.932597	3.58213
306.583	0.932598	3.58213
306.818	0.932599	3.58214
307.052	0.9326	3.58214
307.286	0.932602	3.58215
307.52	0.932603	3.58215
307.754	0.932604	3.58215
307.989	0.932605	3.58216
308.223	0.932606	3.58216
308.457	0.932607	3.58217
308.691	0.932608	3.58217
308.925	0.932609	3.58217
309.16	0.93261	3.58218
309.394	0.932612	3.58218
309.628	0.932613	3.58219
309.862	0.932614	3.58219
310.097	0.932615	3.58219
310.331	0.932616	3.5822
310.565	0.932617	3.5822
310.799	0.932618	3.58221
311.033	0.932619	3.58221
311.268	0.932621	3.58221
311.502	0.932622	3.58222
311.736	0.932623	3.58222
311.97	0.932624	3.58223
312.204	0.932625	3.58223
312.439	0.932626	3.58223
312.673	0.932627	3.58224
312.907	0.932628	3.58224
313.141	0.932629	3.58225
313.376	0.932631	3.58225
313.61	0.932632	3.58225
313.844	0.932633	3.58226
314.078	0.932634	3.58226
314.312	0.932635	3.58227
314.547	0.932636	3.58227
314.781	0.932637	3.58227
315.015	0.932638	3.58228
315.249	0.932639	3.58228
315.483	0.932641	3.58229
315.718	0.932642	3.58229
315.952	0.932643	3.58229
316.186	0.932644	3.5823
316.42	0.932645	3.5823
316.654	0.932646	3.58231
316.889	0.932647	3.58231
317.123	0.932648	3.58231
317.357	0.932649	3.58232
317.591	0.932651	3.58232
317.826	0.932652	3.58232
318.06	0.932653	3.58233
318.294	0.932654	3.58233
318.528	0.932655	3.58234
318.762	0.932656	3.58234
318.997	0.932657	3.58234
319.231	0.932658	3.58235
319.465	0.932659	3.58235
319.699	0.932661	3.58236
319.933	0.932662	3.58236
320.168	0.932663	3.58236
320.402	0.932664	3.58237
320.636	0.932665	3.58237
320.87	0.932666	3.58238
321.104	0.932667	3.58238
321.339	0.932668	3.58238
321.573	0.932669	3.58239
321.807	0.932671	3.58239
322.041	0.932672	3.5824
322.276	0.932673	3.5824
322.51	0.932674	3.5824
322.744	0.932675	3.58241
322.978	0.932676	3.58241
323.212	0.932677	3.58242
323.447	0.932678	3.58242
323.681	0.93268	3.58242
323.915	0.932681	3.58243
324.149	0.932682	3.58243
324.383	0.932683	3.58244
324.618	0.932684	3.58244
324.852	0.932685	3.58244
325.086	0.932686	3.58245
325.32	0.932687	3.58245
325.555	0.932688	3.58246
325.789	0.93269	3.58246
326.023	0.932691	3.58246
326.257	0.932692	3.58247
326.491	0.932693	3.58247
326.726	0.932694	3.58248
326.96	0.932695	3.58248
327.194	0.932696	3.58248
327.428	0.932697	3.58249
327.662	0.932698	3.58249
327.897	0.9327	3.5825
328.131	0.932701	3.5825
328.365	0.932702	3.5825
328.599	0.932703	3.58251
328.833	0.932704	3.58251
329.068	0.932705	3.58251
329.302	0.932706	3.58252
329.536	0.932707	3.58252
329.77	0.932708	3.58253
330.005	0.93271	3.58253
330.239	0.932711	3.58253
330.473	0.932712	3.58254
330.707	0.932713	3.58254
330.941	0.932714	3.58255
331.176	0.932715	3.58255
331.41	0.932716	3.58255
331.644	0.932717	3.58256
331.878	0.932718	3.58256
332.112	0.93272	3.58257
332.347	0.932721	3.58257
332.581	0.932722	3.58257
332.815	0.932723	3.58258
333.049	0.932724	3.58258
333.284	0.932725	3.58259
333.518	0.932726	3.58259
333.752	0.932727	3.58259
333.986	0.932728	3.5826
334.22	0.93273	3.5826
334.455	0.932731	3.58261
334.689	0.932732	3.58261
334.923	0.932733	3.58261
335.157	0.932734	3.58262
335.391	0.932735	3.58262
335.626	0.932736	3.58263
335.86	0.932737	3.58263
336.094	0.932738	3.58263
336.328	0.93274	3.58264
336.562	0.932741	3.58264
336.797	0.932742	3.58265
337.031	0.932743	3.58265
337.265	0.932744	3.58265
337.499	0.932745	3.58266
337.734	0.932746	3.58266
337.968	0.932747	3.58267
338.202	0.932748	3.58267
338.436	0.932749	3.58267
338.67	0.932751	3.58268
338.905	0.932752	3.58268
339.139	0.932753	3.58269
339.373	0.932754	3.58269
339.607	0.932755	3.58269
339.841	0.932756	3.5827
340.076	0.932757	3.5827
340.31	0.932758	3.5827
340.544	0.932759	3.58271
340.781	0.932761	3.58271
341.015	0.932762	3.58272
341.249	0.932763	3.58272
341.483	0.932764	3.58272
341.717	0.932765	3.58273
341.952	0.932766	3.58273
342.186	0.932767	3.58274
342.42	0.932768	3.58274
342.654	0.932769	3.58274
342.889	0.932771	3.58275
343.123	0.932772	3.58275
343.357	0.932773	3.58276
343.591	0.932774	3.58276
343.825	0.932775	3.58276
344.06	0.932776	3.58277
344.294	0.932777	3.58277
344.528	0.932778	3.58278
344.762	0.932779	3.58278
344.996	0.932781	3.58278
345.231	0.932782	3.58279
345.465	0.932783	3.58279
345.699	0.932784	3.5828
345.933	0.932785	3.5828
346.168	0.932786	3.5828
346.402	0.932787	3.58281
346.636	0.932788	3.58281
346.87	0.932789	3.58282
347.104	0.932791	3.58282
347.339	0.932792	3.58282
347.573	0.932793	3.58283
347.807	0.932794	3.58283
348.041	0.932795	3.58284
348.275	0.932796	3.58284
348.51	0.932797	3.58284
348.744	0.932798	3.58285
348.978	0.932799	3.58285
349.212	0.932801	3.58286
349.446	0.932802	3.58286
349.681	0.932803	3.58286
349.915	0.932804	3.58287
350.149	0.932805	3.58287
350.383	0.932806	3.58288
350.618	0.932807	3.58288
350.852	0.932808	3.58288
351.086	0.932809	3.58289
351.32	0.932811	3.58289
351.554	0.932812	3.58289
351.789	0.932813	3.5829
352.023	0.932814	3.5829
352.257	0.932815	3.58291
352.491	0.932816	3.58291
352.725	0.932817	3.58291
352.96	0.932818	3.58292
353.194	0.932819	3.58292
353.428	0.93282	3.58293
353.662	0.932822	3.58293
353.897	0.932823	3.58293
354.131	0.932824	3.58294
354.365	0.932825	3.58294
354.599	0.932826	3.58295
354.833	0.932827	3.58295
355.068	0.932828	3.58295
355.302	0.932829	3.58296
355.536	0.93283	3.58296
355.77	0.932832	3.58297
356.004	0.932833	3.58297
356.239	0.932834	3.58297
356.473	0.932835	3.58298
356.707	0.932836	3.58298
356.941	0.932837	3.58299
357.175	0.932838	3.58299
357.41	0.932839	3.58299
357.644	0.93284	3.583
357.878	0.932842	3.583
358.112	0.932843	3.58301
358.347	0.932844	3.58301
358.581	0.932845	3.58301
358.815	0.932846	3.58302
359.049	0.932847	3.58302
359.283	0.932848	3.58303
359.518	0.932849	3.58303
359.752	0.93285	3.58303
359.986	0.932852	3.58304
360.22	0.932853	3.58304
360.454	0.932854	3.58305
360.689	0.932855	3.58305
360.923	0.932856	3.58305
361.157	0.932857	3.58306
361.391	0.932858	3.58306
361.625	0.932859	3.58307
361.86	0.93286	3.58307
362.094	0.932861	3.58307
362.328	0.932863	3.58308
362.562	0.932864	3.58308
362.797	0.932865	3.58308
363.031	0.932866	3.58309
363.265	0.932867	3.58309
363.499	0.932868	3.5831
363.733	0.932869	3.5831
363.968	0.93287	3.5831
364.202	0.932871	3.58311
364.436	0.932873	3.58311
364.67	0.932874	3.58312
364.904	0.932875	3.58312
365.139	0.932876	3.58312
365.373	0.932877	3.58313
365.607	0.932878	3.58313
365.841	0.932879	3.58314
366.076	0.93288	3.58314
366.31	0.932881	3.58314
366.544	0.932883	3.58315
366.778	0.932884	3.58315
367.012	0.932885	3.58316
367.247	0.932886	3.58316
367.481	0.932887	3.58316
367.715	0.932888	3.58317
367.949	0.932889	3.58317
368.183	0.93289	3.58318
368.418	0.932891	3.58318
368.652	0.932892	3.58318
368.886	0.932894	3.58319
369.12	0.932895	3.58319
369.354	0.932896	3.5832
369.589	0.932897	3.5832
369.823	0.932898	3.5832
370.057	0.932899	3.58321
370.291	0.9329	3.58321
370.526	0.932901	3.58322
370.76	0.932902	3.58322
370.994	0.932904	3.58322
371.228	0.932905	3.58323
371.462	0.932906	3.58323
371.697	0.932907	3.58324
371.931	0.932908	3.58324
372.165	0.932909	3.58324
372.399	0.93291	3.58325
372.633	0.932911	3.58325
372.868	0.932912	3.58326
373.102	0.932914	3.58326
373.336	0.932915	3.58326
373.57	0.932916	3.58327
373.805	0.932917	3.58327
374.039	0.932918	3.58327
374.273	0.932919	3.58328
374.507	0.93292	3.58328
374.741	0.932921	3.58329
374.976	0.932922	3.58329
375.21	0.932923	3.58329
375.444	0.932925	3.5833
375.678	0.932926	3.5833
375.912	0.932927	3.58331
376.147	0.932928	3.58331
376.381	0.932929	3.58331
376.615	0.93293	3.58332
376.849	0.932931	3.58332
377.083	0.932932	3.58333
377.318	0.932933	3.58333
377.552	0.932935	3.58333
377.786	0.932936	3.58334
378.02	0.932937	3.58334
378.255	0.932938	3.58335
378.489	0.932939	3.58335
378.723	0.93294	3.58335
378.957	0.932941	3.58336
379.191	0.932942	3.58336
379.426	0.932943	3.58337
379.66	0.932944	3.58337
379.894	0.932946	3.58337
380.128	0.932947	3.58338
380.362	0.932948	3.58338
380.597	0.932949	3.58339
380.831	0.93295	3.58339
381.065	0.932951	3.58339
381.299	0.932952	3.5834
381.534	0.932953	3.5834
381.768	0.932954	3.58341
382.002	0.932956	3.58341
382.236	0.932957	3.58341
382.47	0.932958	3.58342
382.705	0.932959	3.58342
382.939	0.93296	3.58343
383.173	0.932961	3.58343
383.407	0.932962	3.58343
383.641	0.932963	3.58344
383.876	0.932964	3.58344
384.11	0.932965	3.58345
384.344	0.932967	3.58345
384.578	0.932968	3.58345
384.812	0.932969	3.58346
385.047	0.93297	3.58346
385.281	0.932971	3.58346
385.515	0.932972	3.58347
385.749	0.932973	3.58347
385.984	0.932974	3.58348
386.218	0.932975	3.58348
386.452	0.932977	3.58348
386.686	0.932978	3.58349
386.92	0.932979	3.58349
387.155	0.93298	3.5835
387.389	0.932981	3.5835
387.623	0.932982	3.5835
387.857	0.932983	3.58351
388.091	0.932984	3.58351
388.326	0.932985	3.58352
388.56	0.932986	3.58352
388.794	0.932988	3.58352
389.028	0.932989	3.58353
389.262	0.93299	3.58353
389.497	0.932991	3.58354
389.731	0.932992	3.58354
389.965	0.932993	3.58354
390.199	0.932994	3.58355
390.434	0.932995	3.58355
390.668	0.932996	3.58356
390.902	0.932998	3.58356
391.136	0.932999	3.58356
391.37	0.933	3.58357
391.605	0.933001	3.58357
391.839	0.933002	3.58358
392.073	0.933003	3.58358
392.307	0.933004	3.58358
392.541	0.933005	3.58359
392.776	0.933006	3.58359
393.01	0.933007	3.5836
393.244	0.933009	3.5836
393.478	0.93301	3.5836
393.713	0.933011	3.58361
393.947	0.933012	3.58361
394.181	0.933013	3.58362
394.415	0.933014	3.58362
394.649	0.933015	3.58362
394.884	0.933016	3.58363
395.118	0.933017	3.58363
395.352	0.933019	3.58364
395.586	0.93302	3.58364
395.82	0.933021	3.58364
396.055	0.933022	3.58365
396.289	0.933023	3.58365
396.523	0.933024	3.58365
396.757	0.933025	3.58366
396.991	0.933026	3.58366
397.226	0.933027	3.58367
397.46	0.933028	3.58367
397.694	0.93303	3.58367
397.928	0.933031	3.58368
398.163	0.933032	3.58368
398.397	0.933033	3.58369
398.631	0.933034	3.58369
398.865	0.933035	3.58369
399.099	0.933036	3.5837
399.334	0.933037	3.5837
399.568	0.933038	3.58371
399.802	0.93304	3.58371
400.036	0.933041	3.58371
400.27	0.933042	3.58372
400.505	0.933043	3.58372
400.739	0.933044	3.58373
400.973	0.933045	3.58373
401.207	0.933046	3.58373
401.442	0.933047	3.58374
401.676	0.933048	3.58374
401.91	0.933049	3.58375
402.144	0.933051	3.58375
402.378	0.933052	3.58375
402.613	0.933053	3.58376
402.847	0.933054	3.58376
403.081	0.933055	3.58377
403.315	0.933056	3.58377
403.549	0.933057	3.58377
403.784	0.933058	3.58378
404.018	0.933059	3.58378
404.252	0.93306	3.58379
404.486	0.933062	3.58379
404.72	0.933063	3.58379
404.955	0.933064	3.5838
405.189	0.933065	3.5838
405.423	0.933066	3.58381
405.657	0.933067	3.58381
405.892	0.933068	3.58381
406.126	0.933069	3.58382
406.36	0.93307	3.58382
406.594	0.933072	3.58383
406.828	0.933073	3.58383
407.063	0.933074	3.58383
407.297	0.933075	3.58384
407.531	0.933076	3.58384
407.765	0.933077	3.58384
407.999	0.933078	3.58385
408.234	0.933079	3.58385
408.468	0.93308	3.58386
408.702	0.933081	3.58386
408.936	0.933083	3.58386
409.171	0.933084	3.58387
409.405	0.933085	3.58387
409.639	0.933086	3.58388
409.873	0.933087	3.58388
410.107	0.933088	3.58388
410.342	0.933089	3.58389
410.576	0.93309	3.58389
410.81	0.933091	3.5839
411.044	0.933092	3.5839
411.278	0.933094	3.5839
411.513	0.933095	3.58391
411.747	0.933096	3.58391
411.981	0.933097	3.58392
412.215	0.933098	3.58392
412.449	0.933099	3.58392
412.684	0.9331	3.58393
412.918	0.933101	3.58393
413.152	0.933102	3.58394
413.386	0.933104	3.58394
413.621	0.933105	3.58394
413.855	0.933106	3.58395
414.089	0.933107	3.58395
414.323	0.933108	3.58396
414.557	0.933109	3.58396
414.792	0.93311	3.58396
415.026	0.933111	3.58397
415.26	0.933112	3.58397
415.494	0.933113	3.58398
415.728	0.933115	3.58398
415.963	0.933116	3.58398
416.197	0.933117	3.58399
416.431	0.933118	3.58399
416.665	0.933119	3.584
416.899	0.93312	3.584
417.134	0.933121	3.584
417.368	0.933122	3.58401
417.602	0.933123	3.58401
417.836	0.933124	3.58401
418.071	0.933126	3.58402
418.305	0.933127	3.58402
418.539	0.933128	3.58403
418.773	0.933129	3.58403
419.007	0.93313	3.58403
419.242	0.933131	3.58404
419.476	0.933132	3.58404
419.71	0.933133	3.58405
419.944	0.933134	3.58405
420.178	0.933136	3.58405
420.413	0.933137	3.58406
420.647	0.933138	3.58406
420.881	0.933139	3.58407
421.115	0.93314	3.58407
421.35	0.933141	3.58407
421.584	0.933142	3.58408
421.818	0.933143	3.58408
422.052	0.933144	3.58409
422.286	0.933145	3.58409
422.521	0.933147	3.58409
422.755	0.933148	3.5841
422.989	0.933149	3.5841
423.223	0.93315	3.58411
423.457	0.933151	3.58411
423.692	0.933152	3.58411
423.926	0.933153	3.58412
424.16	0.933154	3.58412
424.394	0.933155	3.58413
424.628	0.933156	3.58413
424.863	0.933158	3.58413
425.097	0.933159	3.58414
425.331	0.93316	3.58414
425.565	0.933161	3.58415
425.8	0.933162	3.58415
426.034	0.933163	3.58415
426.268	0.933164	3.58416
426.502	0.933165	3.58416
426.736	0.933166	3.58417
426.971	0.933167	3.58417
427.205	0.933169	3.58417
427.439	0.93317	3.58418
427.673	0.933171	3.58418
427.907	0.933172	3.58419
428.142	0.933173	3.58419
428.376	0.933174	3.58419
428.61	0.933175	3.5842
428.844	0.933176	3.5842
429.079	0.933177	3.5842
429.313	0.933179	3.58421
429.547	0.93318	3.58421
429.781	0.933181	3.58422
430.015	0.933182	3.58422
430.25	0.933183	3.58422
430.484	0.933184	3.58423
430.718	0.933185	3.58423
430.952	0.933186	3.58424
431.186	0.933187	3.58424
431.421	0.933188	3.58424
431.655	0.93319	3.58425
431.889	0.933191	3.58425
432.123	0.933192	3.58426
432.357	0.933193	3.58426
432.592	0.933194	3.58426
432.826	0.933195	3.58427
433.06	0.933196	3.58427
433.294	0.933197	3.58428
433.529	0.933198	3.58428
433.763	0.933199	3.58428
433.997	0.933201	3.58429
434.231	0.933202	3.58429
434.465	0.933203	3.5843
434.7	0.933204	3.5843
434.934	0.933205	3.5843
435.168	0.933206	3.58431
435.402	0.933207	3.58431
435.636	0.933208	3.58432
435.871	0.933209	3.58432
436.105	0.93321	3.58432
436.339	0.933212	3.58433
436.573	0.933213	3.58433
436.808	0.933214	3.58434
437.042	0.933215	3.58434
437.276	0.933216	3.58434
437.51	0.933217	3.58435
437.744	0.933218	3.58435
437.979	0.933219	3.58436
438.213	0.93322	3.58436
438.447	0.933221	3.58436
438.681	0.933223	3.58437
438.915	0.933224	3.58437
439.15	0.933225	3.58437
439.384	0.933226	3.58438
439.618	0.933227	3.58438
439.852	0.933228	3.58439
440.086	0.933229	3.58439
440.321	0.93323	3.58439
440.555	0.933231	3.5844
440.789	0.933232	3.5844
441.023	0.933234	3.58441
441.258	0.933235	3.58441
441.492	0.933236	3.58441
441.726	0.933237	3.58442
441.96	0.933238	3.58442
442.194	0.933239	3.58443
442.429	0.93324	3.58443
442.663	0.933241	3.58443
442.897	0.933242	3.58444
443.131	0.933244	3.58444
443.365	0.933245	3.58445
443.6	0.933246	3.58445
443.834	0.933247	3.58445
444.068	0.933248	3.58446
444.302	0.933249	3.58446
444.537	0.93325	3.58447
444.771	0.933251	3.58447
445.005	0.933252	3.58447
445.239	0.933253	3.58448
445.473	0.933255	3.58448
445.708	0.933256	3.58449
445.942	0.933257	3.58449
446.176	0.933258	3.58449
446.41	0.933259	3.5845
446.644	0.93326	3.5845
446.879	0.933261	3.58451
447.113	0.933262	3.58451
447.347	0.933263	3.58451
447.581	0.933264	3.58452
447.815	0.933266	3.58452
448.05	0.933267	3.58453
448.284	0.933268	3.58453
448.518	0.933269	3.58453
448.752	0.93327	3.58454
448.987	0.933271	3.58454
449.221	0.933272	3.58454
449.455	0.933273	3.58455
449.689	0.933274	3.58455
449.923	0.933275	3.58456
450.158	0.933277	3.58456
450.392	0.933278	3.58456
450.626	0.933279	3.58457
450.86	0.93328	3.58457
451.094	0.933281	3.58458
451.329	0.933282	3.58458
451.563	0.933283	3.58458
451.797	0.933284	3.58459
452.031	0.933285	3.58459
452.265	0.933286	3.5846
452.5	0.933288	3.5846
452.734	0.933289	3.5846
452.968	0.93329	3.58461
453.202	0.933291	3.58461
453.437	0.933292	3.58462
453.671	0.933293	3.58462
453.905	0.933294	3.58462
454.139	0.933295	3.58463
454.373	0.933296	3.58463
454.608	0.933297	3.58464
454.842	0.933299	3.58464
455.076	0.9333	3.58464
455.31	0.933301	3.58465
455.544	0.933302	3.58465
455.779	0.933303	3.58466
456.013	0.933304	3.58466
456.247	0.933305	3.58466
456.481	0.933306	3.58467
456.716	0.933307	3.58467
456.95	0.933308	3.58468
457.184	0.93331	3.58468
457.418	0.933311	3.58468
457.652	0.933312	3.58469
457.887	0.933313	3.58469
458.121	0.933314	3.5847
458.355	0.933315	3.5847
458.589	0.933316	3.5847
458.823	0.933317	3.58471
459.058	0.933318	3.58471
459.292	0.933319	3.58471
459.526	0.933321	3.58472
459.76	0.933322	3.58472
459.994	0.933323	3.58473
460.229	0.933324	3.58473
460.463	0.933325	3.58473
460.697	0.933326	3.58474
460.931	0.933327	3.58474
461.166	0.933328	3.58475
461.4	0.933329	3.58475
461.634	0.93333	3.58475
461.868	0.933332	3.58476
462.102	0.933333	3.58476
462.337	0.933334	3.58477
462.571	0.933335	3.58477
462.805	0.933336	3.58477
463.039	0.933337	3.58478
463.273	0.933338	3.58478
463.508	0.933339	3.58479
463.742	0.93334	3.58479
463.976	0.933341	3.58479
464.21	0.933343	3.5848
464.445	0.933344	3.5848
464.679	0.933345	3.58481
464.913	0.933346	3.58481
465.147	0.933347	3.58481
465.381	0.933348	3.58482
465.616	0.933349	3.58482
465.85	0.93335	3.58483
466.084	0.933351	3.58483
466.318	0.933352	3.58483
466.552	0.933354	3.58484
466.787	0.933355	3.58484
467.021	0.933356	3.58485
467.255	0.933357	3.58485
467.489	0.933358	3.58485
467.723	0.933359	3.58486
467.958	0.93336	3.58486
468.192	0.933361	3.58487
468.426	0.933362	3.58487
468.66	0.933363	3.58487
468.895	0.933365	3.58488
469.129	0.933366	3.58488
469.363	0.933367	3.58488
469.597	0.933368	3.58489
469.831	0.933369	3.58489
470.066	0.93337	3.5849
470.3	0.933371	3.5849
470.534	0.933372	3.5849
470.768	0.933373	3.58491
471.002	0.933374	3.58491
471.237	0.933376	3.58492
471.471	0.933377	3.58492
471.705	0.933378	3.58492
471.939	0.933379	3.58493
472.174	0.93338	3.58493
472.408	0.933381	3.58494
472.642	0.933382	3.58494
472.876	0.933383	3.58494
473.11	0.933384	3.58495
473.345	0.933385	3.58495
473.579	0.933387	3.58496
473.813	0.933388	3.58496
474.047	0.933389	3.58496
474.281	0.93339	3.58497
474.516	0.933391	3.58497
474.75	0.933392	3.58498
474.984	0.933393	3.58498
475.218	0.933394	3.58498
475.452	0.933395	3.58499
475.687	0.933396	3.58499
475.921	0.933398	3.585
476.155	0.933399	3.585
476.389	0.9334	3.585
476.624	0.933401	3.58501
476.858	0.933402	3.58501
477.092	0.933403	3.58502
477.326	0.933404	3.58502
477.56	0.933405	3.58502
477.795	0.933406	3.58503
478.029	0.933407	3.58503
478.263	0.933409	3.58504
478.497	0.93341	3.58504
478.731	0.933411	3.58504
478.966	0.933412	3.58505
479.2	0.933413	3.58505
479.434	0.933414	3.58505
479.668	0.933415	3.58506
479.902	0.933416	3.58506
480.137	0.933417	3.58507
480.371	0.933418	3.58507
480.605	0.93342	3.58507
480.839	0.933421	3.58508
481.074	0.933422	3.58508
481.308	0.933423	3.58509
481.542	0.933424	3.58509
481.776	0.933425	3.58509
482.01	0.933426	3.5851
482.245	0.933427	3.5851
482.479	0.933428	3.58511
482.713	0.933429	3.58511
482.947	0.933431	3.58511
483.181	0.933432	3.58512
483.416	0.933433	3.58512
483.65	0.933434	3.58513
483.884	0.933435	3.58513
484.118	0.933436	3.58513
484.353	0.933437	3.58514
484.587	0.933438	3.58514
484.821	0.933439	3.58515
485.055	0.93344	3.58515
485.289	0.933441	3.58515
485.524	0.933443	3.58516
485.758	0.933444	3.58516
485.992	0.933445	3.58517
486.226	0.933446	3.58517
486.46	0.933447	3.58517
486.695	0.933448	3.58518
486.929	0.933449	3.58518
487.163	0.93345	3.58519
487.397	0.933451	3.58519
487.631	0.933452	3.58519
487.866	0.933454	3.5852
488.1	0.933455	3.5852
488.334	0.933456	3.58521
488.568	0.933457	3.58521
488.803	0.933458	3.58521
489.037	0.933459	3.58522
489.271	0.93346	3.58522
489.505	0.933461	3.58522
489.739	0.933462	3.58523
489.974	0.933463	3.58523
490.208	0.933465	3.58524
490.442	0.933466	3.58524
490.676	0.933467	3.58524
490.91	0.933468	3.58525
491.145	0.933469	3.58525
491.379	0.93347	3.58526
491.613	0.933471	3.58526
491.847	0.933472	3.58526
492.082	0.933473	3.58527
492.316	0.933474	3.58527
492.55	0.933476	3.58528
492.784	0.933477	3.58528
493.018	0.933478	3.58528
493.253	0.933479	3.58529
493.487	0.93348	3.58529
493.721	0.933481	3.5853
493.955	0.933482	3.5853
494.189	0.933483	3.5853
494.424	0.933484	3.58531
494.658	0.933485	3.58531
494.892	0.933487	3.58532
495.126	0.933488	3.58532
495.36	0.933489	3.58532
495.595	0.93349	3.58533
495.829	0.933491	3.58533
496.063	0.933492	3.58534
496.297	0.933493	3.58534
496.532	0.933494	3.58534
496.766	0.933495	3.58535
497	0.933496	3.58535
497.234	0.933498	3.58536
497.468	0.933499	3.58536
497.703	0.9335	3.58536
497.937	0.933501	3.58537
498.171	0.933502	3.58537
498.405	0.933503	3.58538
498.639	0.933504	3.58538
498.874	0.933505	3.58538
499.108	0.933506	3.58539
499.342	0.933507	3.58539
499.576	0.933508	3.58539
499.811	0.93351	3.5854
