0	1.00149	3.55791
0	1.00149	3.55791
0.165613	1.0017	3.55827
0.331226	1.00228	3.55927
0.498495	1.00313	3.56075
0.664107	1.00413	3.56251
0.82972	1.00516	3.56437
0.995333	1.00614	3.56614
1.15929	1.00697	3.56766
1.3249	1.00761	3.56886
1.49052	1.00803	3.56969
1.65613	1.00822	3.57012
1.82174	1.00819	3.57017
1.98735	1.00796	3.5699
2.15297	1.00759	3.56939
2.31858	1.00713	3.56874
2.48419	1.00662	3.56803
2.6498	1.00611	3.56734
2.81542	1.00563	3.56673
2.98103	1.00521	3.56624
3.14664	1.00487	3.5659
3.31226	1.0046	3.56572
3.47787	1.00442	3.5657
3.64348	1.0043	3.5658
3.80909	1.00424	3.56602
3.97471	1.00421	3.56632
4.14032	1.00421	3.56668
4.30593	1.00422	3.56707
4.47155	1.0042	3.56746
4.63716	1.00416	3.5678
4.80277	1.00408	3.56808
4.96838	1.00395	3.56828
5.134	1.00377	3.56841
5.29961	1.00354	3.56847
5.46522	1.00328	3.56848
5.63084	1.00299	3.56845
5.79645	1.00269	3.5684
5.96206	1.00237	3.56835
6.12767	1.00205	3.56831
6.29329	1.00173	3.56829
6.4589	1.00142	3.56828
6.62451	1.00111	3.5683
6.79013	1.00081	3.56834
6.95574	1.00052	3.5684
7.12135	1.00024	3.5685
7.28696	0.999968	3.56861
7.45258	0.999698	3.56875
7.61819	0.999429	3.56889
7.7838	0.999157	3.56904
7.94941	0.998879	3.56919
8.11503	0.998591	3.56933
8.28064	0.998291	3.56946
8.44625	0.997979	3.56958
8.61187	0.997656	3.56968
8.77748	0.997323	3.56977
8.94475	0.996978	3.56985
9.11036	0.996629	3.56993
9.27597	0.996275	3.57001
9.44159	0.995917	3.57009
9.6072	0.995556	3.57016
9.77281	0.995192	3.57024
9.93842	0.994827	3.57033
10.104	0.994461	3.57041
10.2697	0.994095	3.5705
10.4353	0.993729	3.5706
10.6009	0.993364	3.5707
10.7665	0.992998	3.57081
10.9321	0.992632	3.57092
11.0977	0.992265	3.57103
11.2633	0.991896	3.57114
11.4289	0.991525	3.57125
11.5946	0.991152	3.57136
11.7602	0.990775	3.57147
11.9258	0.990397	3.57157
12.0914	0.990016	3.57167
12.257	0.989633	3.57177
12.4226	0.989248	3.57187
12.5882	0.988862	3.57197
12.7538	0.988476	3.57207
12.9195	0.988088	3.57217
13.0851	0.9877	3.57226
13.2507	0.987312	3.57236
13.4163	0.986924	3.57246
13.5819	0.986537	3.57256
13.7475	0.98615	3.57265
13.9131	0.985764	3.57275
14.0787	0.985379	3.57285
14.2444	0.984995	3.57295
14.41	0.984611	3.57305
14.5756	0.984229	3.57315
14.7412	0.983847	3.57325
14.9068	0.983465	3.57335
15.0724	0.983085	3.57345
15.238	0.982706	3.57355
15.4036	0.982327	3.57364
15.5693	0.98195	3.57374
15.7349	0.981574	3.57383
15.9005	0.981199	3.57393
16.0661	0.980826	3.57402
16.2317	0.980454	3.57412
16.3973	0.980084	3.57421
16.5629	0.979715	3.5743
16.7286	0.979349	3.57439
16.8942	0.978984	3.57448
17.0598	0.978622	3.57457
17.2254	0.978261	3.57466
17.391	0.977903	3.57475
17.5566	0.977547	3.57484
17.7222	0.977194	3.57493
17.8878	0.976843	3.57501
18.0535	0.976494	3.5751
18.2191	0.976148	3.57519
18.3847	0.975804	3.57527
18.5503	0.975463	3.57536
18.7159	0.975124	3.57544
18.8815	0.974788	3.57552
19.0471	0.974455	3.57561
19.2127	0.974124	3.57569
19.3784	0.973796	3.57577
19.544	0.973471	3.57585
19.7096	0.973149	3.57593
19.8752	0.972829	3.57601
20.0408	0.972513	3.57608
20.2064	0.972199	3.57616
20.372	0.971889	3.57624
20.5376	0.971581	3.57631
20.7033	0.971276	3.57639
20.8689	0.970975	3.57646
21.0345	0.970676	3.57653
21.2001	0.970381	3.57661
21.3657	0.970088	3.57668
21.5313	0.969799	3.57675
21.6969	0.969513	3.57682
21.8625	0.96923	3.57689
22.0282	0.96895	3.57696
22.1938	0.968673	3.57702
22.3594	0.9684	3.57709
22.525	0.968129	3.57716
22.6906	0.967862	3.57722
22.8562	0.967598	3.57729
23.0218	0.967337	3.57735
23.1874	0.967079	3.57741
23.3531	0.966824	3.57748
23.5187	0.966572	3.57754
23.6843	0.966324	3.5776
23.8499	0.966079	3.57766
24.0155	0.965836	3.57772
24.1811	0.965597	3.57778
24.3467	0.965361	3.57784
24.5124	0.965129	3.57789
24.678	0.964899	3.57795
24.8436	0.964672	3.57801
25.0092	0.964448	3.57806
25.1748	0.964228	3.57811
25.3404	0.96401	3.57817
25.506	0.963795	3.57822
25.6716	0.963584	3.57827
25.8373	0.963375	3.57833
26.0029	0.963169	3.57838
26.1685	0.962967	3.57843
26.3341	0.962767	3.57848
26.4997	0.96257	3.57853
26.6653	0.962376	3.57857
26.8309	0.962185	3.57862
26.9965	0.961996	3.57867
27.1622	0.96181	3.57872
27.3278	0.961628	3.57876
27.4934	0.961448	3.57881
27.659	0.96127	3.57885
27.8246	0.961095	3.5789
27.9902	0.960924	3.57894
28.1558	0.960754	3.57898
28.3214	0.960587	3.57902
28.4871	0.960423	3.57907
28.6527	0.960262	3.57911
28.8183	0.960103	3.57915
28.9839	0.959946	3.57919
29.1495	0.959792	3.57923
29.3151	0.959641	3.57927
29.4807	0.959492	3.5793
29.6463	0.959345	3.57934
29.812	0.959201	3.57938
29.9776	0.959059	3.57942
30.1432	0.958919	3.57945
30.3088	0.958782	3.57949
30.4744	0.958647	3.57952
30.64	0.958514	3.57956
30.8056	0.958384	3.57959
30.9713	0.958256	3.57963
31.1369	0.958129	3.57966
31.3025	0.958005	3.57969
31.4681	0.957883	3.57972
31.6337	0.957764	3.57976
31.7993	0.957646	3.57979
31.9649	0.95753	3.57982
32.1305	0.957416	3.57985
32.2962	0.957304	3.57988
32.4618	0.957194	3.57991
32.6274	0.957086	3.57994
32.793	0.95698	3.57997
32.9586	0.956876	3.58
33.1242	0.956774	3.58003
33.2898	0.956673	3.58005
33.4554	0.956574	3.58008
33.6211	0.956477	3.58011
33.7867	0.956382	3.58013
33.9523	0.956288	3.58016
34.1179	0.956197	3.58019
34.2835	0.956106	3.58021
34.4491	0.956018	3.58024
34.6147	0.955931	3.58026
34.7803	0.955845	3.58029
34.946	0.955761	3.58031
35.1116	0.955679	3.58034
35.2772	0.955598	3.58036
35.4428	0.955519	3.58038
35.6084	0.955441	3.58041
35.774	0.955364	3.58043
35.9396	0.955289	3.58045
36.1052	0.955216	3.58047
36.2709	0.955143	3.58049
36.4365	0.955072	3.58052
36.6021	0.955003	3.58054
36.7677	0.954934	3.58056
36.9333	0.954867	3.58058
37.0989	0.954802	3.5806
37.2645	0.954737	3.58062
37.4302	0.954674	3.58064
37.5958	0.954612	3.58066
37.7614	0.954551	3.58068
37.927	0.954491	3.5807
38.0926	0.954432	3.58072
38.2582	0.954375	3.58074
38.4238	0.954319	3.58075
38.5894	0.954263	3.58077
38.7534	0.95421	3.58079
38.919	0.954156	3.58081
39.0846	0.954104	3.58083
39.2502	0.954053	3.58084
39.4158	0.954003	3.58086
39.5815	0.953954	3.58088
39.7471	0.953905	3.58089
39.9127	0.953858	3.58091
40.0783	0.953812	3.58093
40.2439	0.953766	3.58094
40.4095	0.953722	3.58096
40.5751	0.953678	3.58097
40.7408	0.953635	3.58099
40.9064	0.953593	3.58101
41.072	0.953552	3.58102
41.2376	0.953512	3.58104
41.4032	0.953472	3.58105
41.5688	0.953434	3.58107
41.7344	0.953396	3.58108
41.9	0.953359	3.58109
42.0657	0.953322	3.58111
42.2313	0.953286	3.58112
42.3969	0.953251	3.58114
42.5625	0.953217	3.58115
42.7281	0.953184	3.58116
42.8937	0.953151	3.58118
43.0593	0.953118	3.58119
43.2249	0.953087	3.5812
43.3906	0.953056	3.58122
43.5562	0.953026	3.58123
43.7218	0.952996	3.58124
43.8874	0.952967	3.58126
44.053	0.952938	3.58127
44.2186	0.952911	3.58128
44.3842	0.952883	3.58129
44.5498	0.952857	3.58131
44.7155	0.95283	3.58132
44.8811	0.952805	3.58133
45.0467	0.95278	3.58134
45.2123	0.952755	3.58135
45.3779	0.952731	3.58137
45.5435	0.952707	3.58138
45.7091	0.952684	3.58139
45.8747	0.952662	3.5814
46.0404	0.95264	3.58141
46.206	0.952618	3.58142
46.3716	0.952597	3.58143
46.5372	0.952576	3.58144
46.7028	0.952556	3.58145
46.8684	0.952536	3.58147
47.034	0.952517	3.58148
47.1997	0.952498	3.58149
47.3653	0.952479	3.5815
47.5309	0.952461	3.58151
47.6965	0.952443	3.58152
47.8621	0.952426	3.58153
48.0277	0.952409	3.58154
48.1933	0.952392	3.58155
48.3589	0.952376	3.58156
48.5246	0.95236	3.58157
48.6902	0.952344	3.58158
48.8558	0.952329	3.58159
49.0214	0.952314	3.5816
49.187	0.9523	3.58161
49.3526	0.952285	3.58162
49.5182	0.952271	3.58163
49.6838	0.952258	3.58164
49.8495	0.952245	3.58165
50.0151	0.952232	3.58166
50.1807	0.952219	3.58167
50.3463	0.952206	3.58167
50.5119	0.952194	3.58168
50.6775	0.952182	3.58169
50.8431	0.952171	3.5817
51.0087	0.95216	3.58171
51.1744	0.952149	3.58172
51.34	0.952138	3.58173
51.5056	0.952127	3.58174
51.6712	0.952117	3.58175
51.8368	0.952107	3.58176
52.0024	0.952097	3.58176
52.168	0.952088	3.58177
52.3336	0.952078	3.58178
52.4993	0.952069	3.58179
52.6649	0.95206	3.5818
52.8305	0.952051	3.58181
52.9961	0.952043	3.58182
53.1617	0.952035	3.58182
53.3273	0.952027	3.58183
53.4929	0.952019	3.58184
53.6586	0.952011	3.58185
53.8242	0.952004	3.58186
53.9898	0.951996	3.58187
54.1554	0.951989	3.58187
54.321	0.951982	3.58188
54.4866	0.951975	3.58189
54.6522	0.951969	3.5819
54.8178	0.951962	3.58191
54.9835	0.951956	3.58191
55.1491	0.95195	3.58192
55.3147	0.951944	3.58193
55.4803	0.951938	3.58194
55.6459	0.951933	3.58195
55.8115	0.951927	3.58195
55.9771	0.951922	3.58196
56.1427	0.951917	3.58197
56.3084	0.951912	3.58198
56.474	0.951907	3.58198
56.6396	0.951902	3.58199
56.8052	0.951898	3.582
56.9708	0.951893	3.58201
57.1364	0.951889	3.58202
57.302	0.951885	3.58202
57.4676	0.95188	3.58203
57.6333	0.951876	3.58204
57.7989	0.951873	3.58205
57.9645	0.951869	3.58205
58.1301	0.951865	3.58206
58.2957	0.951862	3.58207
58.4613	0.951858	3.58207
58.6269	0.951855	3.58208
58.7925	0.951852	3.58209
58.9582	0.951849	3.5821
59.1238	0.951846	3.5821
59.2894	0.951843	3.58211
59.455	0.95184	3.58212
59.6206	0.951837	3.58213
59.7862	0.951834	3.58213
59.9518	0.951832	3.58214
60.1175	0.951829	3.58215
60.2831	0.951827	3.58215
60.4487	0.951825	3.58216
60.6143	0.951823	3.58217
60.7799	0.951821	3.58218
60.9455	0.951819	3.58218
61.1111	0.951817	3.58219
61.2767	0.951815	3.5822
61.4424	0.951813	3.5822
61.608	0.951811	3.58221
61.7736	0.95181	3.58222
61.9392	0.951808	3.58223
62.1048	0.951806	3.58223
62.2704	0.951805	3.58224
62.436	0.951804	3.58225
62.6016	0.951802	3.58225
62.7673	0.951801	3.58226
62.9329	0.9518	3.58227
63.0985	0.951799	3.58227
63.2641	0.951798	3.58228
63.4297	0.951797	3.58229
63.5953	0.951796	3.5823
63.7609	0.951795	3.5823
63.9265	0.951794	3.58231
64.0922	0.951793	3.58232
64.2578	0.951793	3.58232
64.4234	0.951792	3.58233
64.589	0.951791	3.58234
64.7546	0.951791	3.58234
64.9202	0.95179	3.58235
65.0858	0.95179	3.58236
65.2514	0.951789	3.58236
65.4171	0.951789	3.58237
65.5827	0.951789	3.58238
65.7483	0.951789	3.58238
65.9139	0.951788	3.58239
66.0795	0.951788	3.5824
66.2451	0.951788	3.5824
66.4107	0.951788	3.58241
66.5764	0.951788	3.58242
66.742	0.951788	3.58242
66.9076	0.951788	3.58243
67.0732	0.951788	3.58244
67.2388	0.951788	3.58244
67.4044	0.951788	3.58245
67.57	0.951788	3.58246
67.7356	0.951788	3.58246
67.9013	0.951789	3.58247
68.0669	0.951789	3.58248
68.2325	0.951789	3.58248
68.3981	0.951789	3.58249
68.5637	0.95179	3.5825
68.7293	0.95179	3.5825
68.8949	0.951791	3.58251
69.0605	0.951791	3.58252
69.2262	0.951791	3.58252
69.3918	0.951792	3.58253
69.5574	0.951793	3.58254
69.723	0.951793	3.58254
69.8886	0.951794	3.58255
70.0542	0.951794	3.58256
70.2198	0.951795	3.58256
70.3854	0.951796	3.58257
70.5511	0.951796	3.58258
70.7167	0.951797	3.58258
70.8823	0.951798	3.58259
71.0479	0.951798	3.58259
71.2135	0.951799	3.5826
71.3791	0.9518	3.58261
71.5447	0.951801	3.58261
71.7103	0.951802	3.58262
71.876	0.951803	3.58263
72.0416	0.951803	3.58263
72.2072	0.951804	3.58264
72.3728	0.951805	3.58265
72.5384	0.951806	3.58265
72.704	0.951807	3.58266
72.8696	0.951808	3.58267
73.0353	0.951809	3.58267
73.2009	0.95181	3.58268
73.3665	0.951811	3.58269
73.5321	0.951812	3.58269
73.6977	0.951813	3.5827
73.8633	0.951814	3.5827
74.0289	0.951815	3.58271
74.1945	0.951817	3.58272
74.3602	0.951818	3.58272
74.5258	0.951819	3.58273
74.6914	0.95182	3.58274
74.857	0.951821	3.58274
75.0226	0.951822	3.58275
75.1882	0.951823	3.58276
75.3538	0.951825	3.58276
75.5194	0.951826	3.58277
75.6851	0.951827	3.58278
75.8507	0.951828	3.58278
76.0163	0.95183	3.58279
76.1819	0.951831	3.58279
76.3475	0.951832	3.5828
76.5131	0.951833	3.58281
76.6787	0.951835	3.58281
76.8443	0.951836	3.58282
77.01	0.951837	3.58283
77.1756	0.951839	3.58283
77.3412	0.95184	3.58284
77.5068	0.951841	3.58285
77.6724	0.951843	3.58285
77.838	0.951844	3.58286
78.0036	0.951846	3.58287
78.1692	0.951847	3.58287
78.3349	0.951848	3.58288
78.5005	0.95185	3.58288
78.6661	0.951851	3.58289
78.8317	0.951853	3.5829
78.9973	0.951854	3.5829
79.1629	0.951855	3.58291
79.3285	0.951857	3.58292
79.4941	0.951858	3.58292
79.6598	0.95186	3.58293
79.8254	0.951861	3.58293
79.991	0.951863	3.58294
80.1583	0.951864	3.58295
80.3239	0.951866	3.58295
80.4895	0.951867	3.58296
80.6551	0.951869	3.58297
80.8207	0.95187	3.58297
80.9863	0.951872	3.58298
81.1519	0.951873	3.58299
81.3175	0.951875	3.58299
81.4832	0.951876	3.583
81.6488	0.951878	3.583
81.8144	0.951879	3.58301
81.98	0.951881	3.58302
82.1456	0.951883	3.58302
82.3112	0.951884	3.58303
82.4768	0.951886	3.58304
82.6424	0.951887	3.58304
82.8081	0.951889	3.58305
82.9737	0.95189	3.58306
83.1393	0.951892	3.58306
83.3049	0.951894	3.58307
83.4705	0.951895	3.58307
83.6361	0.951897	3.58308
83.8017	0.951898	3.58309
83.9674	0.9519	3.58309
84.133	0.951902	3.5831
84.2986	0.951903	3.58311
84.4642	0.951905	3.58311
84.6298	0.951906	3.58312
84.7954	0.951908	3.58312
84.961	0.95191	3.58313
85.1266	0.951911	3.58314
85.2923	0.951913	3.58314
85.4579	0.951915	3.58315
85.6235	0.951916	3.58316
85.7891	0.951918	3.58316
85.9547	0.951919	3.58317
86.1203	0.951921	3.58318
86.2859	0.951923	3.58318
86.4515	0.951924	3.58319
86.6172	0.951926	3.58319
86.7828	0.951928	3.5832
86.9484	0.951929	3.58321
87.114	0.951931	3.58321
87.2796	0.951933	3.58322
87.4452	0.951934	3.58323
87.6108	0.951936	3.58323
87.7764	0.951938	3.58324
87.9421	0.951939	3.58324
88.1077	0.951941	3.58325
88.2733	0.951943	3.58326
88.4389	0.951944	3.58326
88.6045	0.951946	3.58327
88.7701	0.951948	3.58328
88.9357	0.95195	3.58328
89.1013	0.951951	3.58329
89.267	0.951953	3.58329
89.4326	0.951955	3.5833
89.5982	0.951956	3.58331
89.7638	0.951958	3.58331
89.9294	0.95196	3.58332
90.095	0.951961	3.58333
90.2606	0.951963	3.58333
90.4263	0.951965	3.58334
90.5919	0.951967	3.58335
90.7575	0.951968	3.58335
90.9231	0.95197	3.58336
91.0887	0.951972	3.58336
91.2543	0.951973	3.58337
91.4199	0.951975	3.58338
91.5855	0.951977	3.58338
91.7512	0.951978	3.58339
91.9168	0.95198	3.5834
92.0824	0.951982	3.5834
92.248	0.951984	3.58341
92.4136	0.951985	3.58341
92.5792	0.951987	3.58342
92.7448	0.951989	3.58343
92.9104	0.95199	3.58343
93.0761	0.951992	3.58344
93.2417	0.951994	3.58345
93.4073	0.951996	3.58345
93.5729	0.951997	3.58346
93.7385	0.951999	3.58346
93.9041	0.952001	3.58347
94.0697	0.952003	3.58348
94.2353	0.952004	3.58348
94.401	0.952006	3.58349
94.5666	0.952008	3.5835
94.7322	0.952009	3.5835
94.8978	0.952011	3.58351
95.0634	0.952013	3.58351
95.229	0.952015	3.58352
95.3946	0.952016	3.58353
95.5602	0.952018	3.58353
95.7259	0.95202	3.58354
95.8915	0.952022	3.58355
96.0571	0.952023	3.58355
96.2227	0.952025	3.58356
96.3883	0.952027	3.58357
96.5539	0.952028	3.58357
96.7195	0.95203	3.58358
96.8852	0.952032	3.58358
97.0508	0.952034	3.58359
97.2164	0.952035	3.5836
97.382	0.952037	3.5836
97.5476	0.952039	3.58361
97.7132	0.952041	3.58362
97.8788	0.952042	3.58362
98.0444	0.952044	3.58363
98.2101	0.952046	3.58363
98.3757	0.952047	3.58364
98.5413	0.952049	3.58365
98.7069	0.952051	3.58365
98.8725	0.952053	3.58366
99.0381	0.952054	3.58367
99.2037	0.952056	3.58367
99.3693	0.952058	3.58368
99.535	0.95206	3.58368
99.7006	0.952061	3.58369
99.8662	0.952063	3.5837
100.032	0.952065	3.5837
100.197	0.952067	3.58371
100.363	0.952068	3.58372
100.529	0.95207	3.58372
100.694	0.952072	3.58373
100.86	0.952073	3.58373
101.025	0.952075	3.58374
101.191	0.952077	3.58375
101.357	0.952079	3.58375
101.522	0.95208	3.58376
101.688	0.952082	3.58377
101.854	0.952084	3.58377
102.019	0.952086	3.58378
102.185	0.952087	3.58378
102.35	0.952089	3.58379
102.516	0.952091	3.5838
102.682	0.952092	3.5838
102.847	0.952094	3.58381
103.013	0.952096	3.58382
103.178	0.952098	3.58382
103.344	0.952099	3.58383
103.51	0.952101	3.58383
103.675	0.952103	3.58384
103.841	0.952105	3.58385
104.007	0.952106	3.58385
104.172	0.952108	3.58386
104.338	0.95211	3.58387
104.503	0.952111	3.58387
104.669	0.952113	3.58388
104.835	0.952115	3.58388
105	0.952117	3.58389
105.166	0.952118	3.5839
105.331	0.95212	3.5839
105.497	0.952122	3.58391
105.663	0.952124	3.58392
105.828	0.952125	3.58392
105.994	0.952127	3.58393
106.159	0.952129	3.58393
106.325	0.95213	3.58394
106.491	0.952132	3.58395
106.656	0.952134	3.58395
106.822	0.952136	3.58396
106.988	0.952137	3.58397
107.153	0.952139	3.58397
107.319	0.952141	3.58398
107.484	0.952143	3.58398
107.65	0.952144	3.58399
107.816	0.952146	3.584
107.981	0.952148	3.584
108.147	0.952149	3.58401
108.312	0.952151	3.58402
108.478	0.952153	3.58402
108.644	0.952155	3.58403
108.809	0.952156	3.58403
108.975	0.952158	3.58404
109.14	0.95216	3.58405
109.306	0.952161	3.58405
109.472	0.952163	3.58406
109.637	0.952165	3.58407
109.803	0.952167	3.58407
109.969	0.952168	3.58408
110.134	0.95217	3.58408
110.3	0.952172	3.58409
110.465	0.952173	3.5841
110.631	0.952175	3.5841
110.797	0.952177	3.58411
110.962	0.952179	3.58412
111.128	0.95218	3.58412
111.293	0.952182	3.58413
111.459	0.952184	3.58414
111.625	0.952185	3.58414
111.79	0.952187	3.58415
111.956	0.952189	3.58415
112.122	0.952191	3.58416
112.287	0.952192	3.58417
112.453	0.952194	3.58417
112.618	0.952196	3.58418
112.784	0.952197	3.58419
112.95	0.952199	3.58419
113.115	0.952201	3.5842
113.281	0.952202	3.5842
113.446	0.952204	3.58421
113.612	0.952206	3.58422
113.778	0.952208	3.58422
113.943	0.952209	3.58423
114.109	0.952211	3.58424
114.274	0.952213	3.58424
114.44	0.952214	3.58425
114.606	0.952216	3.58425
114.771	0.952218	3.58426
114.937	0.95222	3.58427
115.103	0.952221	3.58427
115.268	0.952223	3.58428
115.434	0.952225	3.58429
115.599	0.952226	3.58429
115.765	0.952228	3.5843
115.931	0.95223	3.5843
116.096	0.952231	3.58431
116.262	0.952233	3.58432
116.427	0.952235	3.58432
116.593	0.952237	3.58433
116.759	0.952238	3.58434
116.924	0.95224	3.58434
117.09	0.952242	3.58435
117.256	0.952243	3.58435
117.421	0.952245	3.58436
117.587	0.952247	3.58437
117.752	0.952248	3.58437
117.918	0.95225	3.58438
118.084	0.952252	3.58439
118.249	0.952253	3.58439
118.415	0.952255	3.5844
118.58	0.952257	3.5844
118.746	0.952259	3.58441
118.912	0.95226	3.58442
119.077	0.952262	3.58442
119.243	0.952264	3.58443
119.408	0.952265	3.58444
119.574	0.952267	3.58444
119.74	0.952269	3.58445
119.905	0.95227	3.58445
120.071	0.952272	3.58446
120.237	0.952274	3.58447
120.402	0.952275	3.58447
120.568	0.952277	3.58448
120.733	0.952279	3.58449
120.899	0.952281	3.58449
121.065	0.952282	3.5845
121.23	0.952284	3.5845
121.396	0.952286	3.58451
121.561	0.952287	3.58452
121.727	0.952289	3.58452
121.893	0.952291	3.58453
122.058	0.952292	3.58454
122.224	0.952294	3.58454
122.39	0.952296	3.58455
122.555	0.952297	3.58455
122.721	0.952299	3.58456
122.886	0.952301	3.58457
123.052	0.952302	3.58457
123.218	0.952304	3.58458
123.383	0.952306	3.58459
123.549	0.952307	3.58459
123.714	0.952309	3.5846
123.88	0.952311	3.5846
124.046	0.952312	3.58461
124.211	0.952314	3.58462
124.377	0.952316	3.58462
124.542	0.952318	3.58463
124.708	0.952319	3.58464
124.874	0.952321	3.58464
125.039	0.952323	3.58465
125.205	0.952324	3.58465
125.371	0.952326	3.58466
125.536	0.952328	3.58467
125.702	0.952329	3.58467
125.867	0.952331	3.58468
126.033	0.952333	3.58469
126.199	0.952334	3.58469
126.364	0.952336	3.5847
126.53	0.952338	3.5847
126.695	0.952339	3.58471
126.861	0.952341	3.58472
127.027	0.952343	3.58472
127.192	0.952344	3.58473
127.358	0.952346	3.58474
127.524	0.952348	3.58474
127.689	0.952349	3.58475
127.855	0.952351	3.58475
128.02	0.952353	3.58476
128.186	0.952354	3.58477
128.352	0.952356	3.58477
128.517	0.952358	3.58478
128.683	0.952359	3.58479
128.848	0.952361	3.58479
129.014	0.952363	3.5848
129.18	0.952364	3.5848
129.345	0.952366	3.58481
129.511	0.952368	3.58482
129.676	0.952369	3.58482
129.842	0.952371	3.58483
130.008	0.952373	3.58484
130.173	0.952374	3.58484
130.339	0.952376	3.58485
130.505	0.952378	3.58485
130.67	0.952379	3.58486
130.836	0.952381	3.58487
131.001	0.952383	3.58487
131.167	0.952384	3.58488
131.333	0.952386	3.58489
131.498	0.952388	3.58489
131.664	0.952389	3.5849
131.829	0.952391	3.5849
131.995	0.952393	3.58491
132.161	0.952394	3.58492
132.326	0.952396	3.58492
132.492	0.952397	3.58493
132.658	0.952399	3.58494
132.823	0.952401	3.58494
132.989	0.952402	3.58495
133.154	0.952404	3.58495
133.32	0.952406	3.58496
133.486	0.952407	3.58497
133.651	0.952409	3.58497
133.817	0.952411	3.58498
133.982	0.952412	3.58499
134.148	0.952414	3.58499
134.314	0.952416	3.585
134.479	0.952417	3.585
134.645	0.952419	3.58501
134.81	0.952421	3.58502
134.976	0.952422	3.58502
135.142	0.952424	3.58503
135.307	0.952426	3.58504
135.473	0.952427	3.58504
135.639	0.952429	3.58505
135.804	0.952431	3.58505
135.97	0.952432	3.58506
136.135	0.952434	3.58507
136.301	0.952435	3.58507
136.467	0.952437	3.58508
136.632	0.952439	3.58509
136.798	0.95244	3.58509
136.963	0.952442	3.5851
137.129	0.952444	3.5851
137.295	0.952445	3.58511
137.46	0.952447	3.58512
137.626	0.952449	3.58512
137.792	0.95245	3.58513
137.957	0.952452	3.58514
138.123	0.952454	3.58514
138.288	0.952455	3.58515
138.454	0.952457	3.58515
138.62	0.952459	3.58516
138.785	0.95246	3.58517
138.951	0.952462	3.58517
139.116	0.952463	3.58518
139.282	0.952465	3.58519
139.448	0.952467	3.58519
139.613	0.952468	3.5852
139.779	0.95247	3.5852
139.944	0.952472	3.58521
140.11	0.952473	3.58522
140.276	0.952475	3.58522
140.441	0.952477	3.58523
140.607	0.952478	3.58524
140.773	0.95248	3.58524
140.938	0.952481	3.58525
141.104	0.952483	3.58525
141.269	0.952485	3.58526
141.435	0.952486	3.58527
141.601	0.952488	3.58527
141.766	0.95249	3.58528
141.932	0.952491	3.58529
142.097	0.952493	3.58529
142.263	0.952495	3.5853
142.429	0.952496	3.5853
142.594	0.952498	3.58531
142.76	0.952499	3.58532
142.926	0.952501	3.58532
143.091	0.952503	3.58533
143.257	0.952504	3.58534
143.422	0.952506	3.58534
143.588	0.952508	3.58535
143.754	0.952509	3.58535
143.919	0.952511	3.58536
144.085	0.952513	3.58537
144.25	0.952514	3.58537
144.416	0.952516	3.58538
144.582	0.952517	3.58539
144.747	0.952519	3.58539
144.913	0.952521	3.5854
145.078	0.952522	3.5854
145.244	0.952524	3.58541
145.41	0.952526	3.58542
145.575	0.952527	3.58542
145.741	0.952529	3.58543
145.907	0.95253	3.58544
146.072	0.952532	3.58544
146.238	0.952534	3.58545
146.403	0.952535	3.58545
146.569	0.952537	3.58546
146.735	0.952539	3.58547
146.9	0.95254	3.58547
147.066	0.952542	3.58548
147.231	0.952543	3.58549
147.397	0.952545	3.58549
147.563	0.952547	3.5855
147.728	0.952548	3.5855
147.894	0.95255	3.58551
148.06	0.952552	3.58552
148.225	0.952553	3.58552
148.391	0.952555	3.58553
148.556	0.952556	3.58554
148.722	0.952558	3.58554
148.888	0.95256	3.58555
149.053	0.952561	3.58555
149.217	0.952563	3.58556
149.383	0.952565	3.58557
149.548	0.952566	3.58557
149.714	0.952568	3.58558
149.88	0.952569	3.58559
150.045	0.952571	3.58559
150.211	0.952573	3.5856
150.376	0.952574	3.5856
150.542	0.952576	3.58561
150.708	0.952578	3.58562
150.873	0.952579	3.58562
151.039	0.952581	3.58563
151.204	0.952582	3.58564
151.37	0.952584	3.58564
151.536	0.952586	3.58565
151.701	0.952587	3.58565
151.867	0.952589	3.58566
152.033	0.95259	3.58567
152.198	0.952592	3.58567
152.364	0.952594	3.58568
152.529	0.952595	3.58569
152.695	0.952597	3.58569
152.861	0.952599	3.5857
153.026	0.9526	3.5857
153.192	0.952602	3.58571
153.357	0.952603	3.58572
153.523	0.952605	3.58572
153.689	0.952607	3.58573
153.854	0.952608	3.58574
154.02	0.95261	3.58574
154.186	0.952611	3.58575
154.351	0.952613	3.58575
154.517	0.952615	3.58576
154.682	0.952616	3.58577
154.848	0.952618	3.58577
155.014	0.95262	3.58578
155.179	0.952621	3.58579
155.345	0.952623	3.58579
155.51	0.952624	3.5858
155.676	0.952626	3.5858
155.842	0.952628	3.58581
156.007	0.952629	3.58582
156.173	0.952631	3.58582
156.338	0.952632	3.58583
156.504	0.952634	3.58584
156.67	0.952636	3.58584
156.835	0.952637	3.58585
157.001	0.952639	3.58585
157.167	0.95264	3.58586
157.332	0.952642	3.58587
157.498	0.952644	3.58587
157.663	0.952645	3.58588
157.829	0.952647	3.58589
157.995	0.952649	3.58589
158.16	0.95265	3.5859
158.326	0.952652	3.5859
158.491	0.952653	3.58591
158.657	0.952655	3.58592
158.823	0.952657	3.58592
158.988	0.952658	3.58593
159.154	0.95266	3.58594
159.32	0.952661	3.58594
159.485	0.952663	3.58595
159.651	0.952665	3.58595
159.816	0.952666	3.58596
159.982	0.952668	3.58597
160.148	0.952669	3.58597
160.313	0.952671	3.58598
160.479	0.952673	3.58598
160.644	0.952674	3.58599
160.81	0.952676	3.586
160.976	0.952677	3.586
161.141	0.952679	3.58601
161.307	0.952681	3.58602
161.472	0.952682	3.58602
161.638	0.952684	3.58603
161.804	0.952685	3.58603
161.969	0.952687	3.58604
162.135	0.952689	3.58605
162.301	0.95269	3.58605
162.466	0.952692	3.58606
162.632	0.952693	3.58607
162.797	0.952695	3.58607
162.963	0.952697	3.58608
163.129	0.952698	3.58608
163.294	0.9527	3.58609
163.46	0.952701	3.5861
163.625	0.952703	3.5861
163.791	0.952705	3.58611
163.957	0.952706	3.58612
164.122	0.952708	3.58612
164.288	0.952709	3.58613
164.454	0.952711	3.58613
164.619	0.952713	3.58614
164.785	0.952714	3.58615
164.95	0.952716	3.58615
165.116	0.952717	3.58616
165.282	0.952719	3.58617
165.447	0.952721	3.58617
165.613	0.952722	3.58618
165.778	0.952724	3.58618
165.944	0.952725	3.58619
166.11	0.952727	3.5862
166.275	0.952729	3.5862
166.441	0.95273	3.58621
166.606	0.952732	3.58622
166.772	0.952733	3.58622
166.938	0.952735	3.58623
167.103	0.952737	3.58623
167.269	0.952738	3.58624
167.435	0.95274	3.58625
167.6	0.952741	3.58625
167.766	0.952743	3.58626
167.931	0.952745	3.58627
168.097	0.952746	3.58627
168.263	0.952748	3.58628
168.428	0.952749	3.58628
168.594	0.952751	3.58629
168.759	0.952752	3.5863
168.925	0.952754	3.5863
169.091	0.952756	3.58631
169.256	0.952757	3.58632
169.422	0.952759	3.58632
169.588	0.95276	3.58633
169.753	0.952762	3.58633
169.919	0.952764	3.58634
170.084	0.952765	3.58635
170.25	0.952767	3.58635
170.416	0.952768	3.58636
170.581	0.95277	3.58637
170.747	0.952772	3.58637
170.912	0.952773	3.58638
171.078	0.952775	3.58638
171.244	0.952776	3.58639
171.409	0.952778	3.5864
171.575	0.95278	3.5864
171.74	0.952781	3.58641
171.906	0.952783	3.58642
172.072	0.952784	3.58642
172.237	0.952786	3.58643
172.403	0.952787	3.58643
172.569	0.952789	3.58644
172.734	0.952791	3.58645
172.9	0.952792	3.58645
173.065	0.952794	3.58646
173.231	0.952795	3.58647
173.397	0.952797	3.58647
173.562	0.952799	3.58648
173.728	0.9528	3.58648
173.893	0.952802	3.58649
174.059	0.952803	3.5865
174.225	0.952805	3.5865
174.39	0.952806	3.58651
174.556	0.952808	3.58652
174.722	0.95281	3.58652
174.887	0.952811	3.58653
175.053	0.952813	3.58653
175.218	0.952814	3.58654
175.384	0.952816	3.58655
175.55	0.952818	3.58655
175.715	0.952819	3.58656
175.881	0.952821	3.58657
176.046	0.952822	3.58657
176.212	0.952824	3.58658
176.378	0.952825	3.58658
176.543	0.952827	3.58659
176.709	0.952829	3.5866
176.874	0.95283	3.5866
177.04	0.952832	3.58661
177.206	0.952833	3.58662
177.371	0.952835	3.58662
177.537	0.952837	3.58663
177.703	0.952838	3.58663
177.868	0.95284	3.58664
178.034	0.952841	3.58665
178.199	0.952843	3.58665
178.365	0.952844	3.58666
178.531	0.952846	3.58667
178.696	0.952848	3.58667
178.862	0.952849	3.58668
179.027	0.952851	3.58668
179.193	0.952852	3.58669
179.359	0.952854	3.5867
179.524	0.952856	3.5867
179.69	0.952857	3.58671
179.856	0.952859	3.58671
180.021	0.95286	3.58672
180.187	0.952862	3.58673
180.352	0.952863	3.58673
180.518	0.952865	3.58674
180.684	0.952867	3.58675
180.849	0.952868	3.58675
181.015	0.95287	3.58676
181.18	0.952871	3.58676
181.346	0.952873	3.58677
181.512	0.952874	3.58678
181.677	0.952876	3.58678
181.843	0.952878	3.58679
182.008	0.952879	3.5868
182.174	0.952881	3.5868
182.34	0.952882	3.58681
182.505	0.952884	3.58681
182.671	0.952886	3.58682
182.837	0.952887	3.58683
183.002	0.952889	3.58683
183.168	0.95289	3.58684
183.333	0.952892	3.58685
183.499	0.952893	3.58685
183.665	0.952895	3.58686
183.83	0.952897	3.58686
183.996	0.952898	3.58687
184.161	0.9529	3.58688
184.327	0.952901	3.58688
184.493	0.952903	3.58689
184.658	0.952904	3.5869
184.824	0.952906	3.5869
184.99	0.952908	3.58691
185.155	0.952909	3.58691
185.321	0.952911	3.58692
185.486	0.952912	3.58693
185.652	0.952914	3.58693
185.818	0.952915	3.58694
185.983	0.952917	3.58695
186.149	0.952919	3.58695
186.314	0.95292	3.58696
186.48	0.952922	3.58696
186.646	0.952923	3.58697
186.811	0.952925	3.58698
186.977	0.952926	3.58698
187.142	0.952928	3.58699
187.308	0.95293	3.587
187.474	0.952931	3.587
187.639	0.952933	3.58701
187.805	0.952934	3.58701
187.971	0.952936	3.58702
188.136	0.952937	3.58703
188.302	0.952939	3.58703
188.467	0.952941	3.58704
188.633	0.952942	3.58705
188.799	0.952944	3.58705
188.964	0.952945	3.58706
189.13	0.952947	3.58706
189.295	0.952948	3.58707
189.461	0.95295	3.58708
189.627	0.952952	3.58708
189.792	0.952953	3.58709
189.958	0.952955	3.5871
190.124	0.952956	3.5871
190.289	0.952958	3.58711
190.455	0.952959	3.58711
190.62	0.952961	3.58712
190.786	0.952963	3.58713
190.952	0.952964	3.58713
191.117	0.952966	3.58714
191.283	0.952967	3.58715
191.448	0.952969	3.58715
191.614	0.95297	3.58716
191.78	0.952972	3.58716
191.945	0.952973	3.58717
192.111	0.952975	3.58718
192.276	0.952977	3.58718
192.442	0.952978	3.58719
192.608	0.95298	3.58719
192.773	0.952981	3.5872
192.939	0.952983	3.58721
193.105	0.952984	3.58721
193.27	0.952986	3.58722
193.436	0.952988	3.58723
193.601	0.952989	3.58723
193.767	0.952991	3.58724
193.933	0.952992	3.58724
194.098	0.952994	3.58725
194.264	0.952995	3.58726
194.429	0.952997	3.58726
194.595	0.952999	3.58727
194.761	0.953	3.58728
194.926	0.953002	3.58728
195.092	0.953003	3.58729
195.258	0.953005	3.58729
195.423	0.953006	3.5873
195.589	0.953008	3.58731
195.754	0.953009	3.58731
195.92	0.953011	3.58732
196.086	0.953013	3.58733
196.251	0.953014	3.58733
196.417	0.953016	3.58734
196.582	0.953017	3.58734
196.748	0.953019	3.58735
196.914	0.95302	3.58736
197.079	0.953022	3.58736
197.245	0.953024	3.58737
197.41	0.953025	3.58738
197.576	0.953027	3.58738
197.742	0.953028	3.58739
197.907	0.95303	3.58739
198.073	0.953031	3.5874
198.239	0.953033	3.58741
198.404	0.953034	3.58741
198.57	0.953036	3.58742
198.735	0.953038	3.58743
198.901	0.953039	3.58743
199.067	0.953041	3.58744
199.232	0.953042	3.58744
199.398	0.953044	3.58745
199.563	0.953045	3.58746
199.729	0.953047	3.58746
199.895	0.953049	3.58747
200.06	0.95305	3.58748
200.226	0.953052	3.58748
200.392	0.953053	3.58749
200.557	0.953055	3.58749
200.723	0.953056	3.5875
200.888	0.953058	3.58751
201.054	0.953059	3.58751
201.22	0.953061	3.58752
201.385	0.953063	3.58753
201.551	0.953064	3.58753
201.716	0.953066	3.58754
201.882	0.953067	3.58754
202.048	0.953069	3.58755
202.213	0.95307	3.58756
202.379	0.953072	3.58756
202.544	0.953073	3.58757
202.71	0.953075	3.58758
202.876	0.953077	3.58758
203.041	0.953078	3.58759
203.207	0.95308	3.58759
203.373	0.953081	3.5876
203.538	0.953083	3.58761
203.704	0.953084	3.58761
203.869	0.953086	3.58762
204.035	0.953087	3.58762
204.201	0.953089	3.58763
204.366	0.953091	3.58764
204.532	0.953092	3.58764
204.697	0.953094	3.58765
204.863	0.953095	3.58766
205.029	0.953097	3.58766
205.194	0.953098	3.58767
205.36	0.9531	3.58767
205.526	0.953101	3.58768
205.691	0.953103	3.58769
205.857	0.953105	3.58769
206.022	0.953106	3.5877
206.188	0.953108	3.58771
206.354	0.953109	3.58771
206.519	0.953111	3.58772
206.685	0.953112	3.58772
206.85	0.953114	3.58773
207.016	0.953115	3.58774
207.182	0.953117	3.58774
207.347	0.953119	3.58775
207.513	0.95312	3.58776
207.678	0.953122	3.58776
207.844	0.953123	3.58777
208.01	0.953125	3.58777
208.175	0.953126	3.58778
208.341	0.953128	3.58779
208.507	0.953129	3.58779
208.672	0.953131	3.5878
208.838	0.953133	3.58781
209.003	0.953134	3.58781
209.169	0.953136	3.58782
209.335	0.953137	3.58782
209.5	0.953139	3.58783
209.666	0.95314	3.58784
209.831	0.953142	3.58784
209.997	0.953143	3.58785
210.163	0.953145	3.58786
210.328	0.953147	3.58786
210.494	0.953148	3.58787
210.659	0.95315	3.58787
210.825	0.953151	3.58788
210.991	0.953153	3.58789
211.156	0.953154	3.58789
211.322	0.953156	3.5879
211.488	0.953157	3.58791
211.653	0.953159	3.58791
211.819	0.953161	3.58792
211.984	0.953162	3.58792
212.15	0.953164	3.58793
212.316	0.953165	3.58794
212.481	0.953167	3.58794
212.647	0.953168	3.58795
212.812	0.95317	3.58795
212.978	0.953171	3.58796
213.144	0.953173	3.58797
213.309	0.953174	3.58797
213.475	0.953176	3.58798
213.641	0.953178	3.58799
213.806	0.953179	3.58799
213.972	0.953181	3.588
214.137	0.953182	3.588
214.303	0.953184	3.58801
214.469	0.953185	3.58802
214.634	0.953187	3.58802
214.8	0.953188	3.58803
214.965	0.95319	3.58804
215.131	0.953192	3.58804
215.297	0.953193	3.58805
215.462	0.953195	3.58805
215.628	0.953196	3.58806
215.793	0.953198	3.58807
215.959	0.953199	3.58807
216.125	0.953201	3.58808
216.29	0.953202	3.58809
216.456	0.953204	3.58809
216.622	0.953205	3.5881
216.787	0.953207	3.5881
216.953	0.953209	3.58811
217.118	0.95321	3.58812
217.284	0.953212	3.58812
217.45	0.953213	3.58813
217.615	0.953215	3.58814
217.781	0.953216	3.58814
217.946	0.953218	3.58815
218.112	0.953219	3.58815
218.278	0.953221	3.58816
218.443	0.953222	3.58817
218.609	0.953224	3.58817
218.775	0.953226	3.58818
218.94	0.953227	3.58819
219.106	0.953229	3.58819
219.271	0.95323	3.5882
219.437	0.953232	3.5882
219.603	0.953233	3.58821
219.768	0.953235	3.58822
219.934	0.953236	3.58822
220.099	0.953238	3.58823
220.265	0.953239	3.58824
220.431	0.953241	3.58824
220.596	0.953243	3.58825
220.762	0.953244	3.58825
220.927	0.953246	3.58826
221.093	0.953247	3.58827
221.259	0.953249	3.58827
221.424	0.95325	3.58828
221.59	0.953252	3.58828
221.756	0.953253	3.58829
221.921	0.953255	3.5883
222.087	0.953256	3.5883
222.252	0.953258	3.58831
222.418	0.95326	3.58832
222.584	0.953261	3.58832
222.749	0.953263	3.58833
222.915	0.953264	3.58833
223.08	0.953266	3.58834
223.246	0.953267	3.58835
223.412	0.953269	3.58835
223.577	0.95327	3.58836
223.743	0.953272	3.58837
223.909	0.953273	3.58837
224.074	0.953275	3.58838
224.24	0.953277	3.58838
224.405	0.953278	3.58839
224.571	0.95328	3.5884
224.737	0.953281	3.5884
224.902	0.953283	3.58841
225.068	0.953284	3.58842
225.233	0.953286	3.58842
225.399	0.953287	3.58843
225.565	0.953289	3.58843
225.73	0.95329	3.58844
225.896	0.953292	3.58845
226.061	0.953293	3.58845
226.227	0.953295	3.58846
226.393	0.953297	3.58847
226.558	0.953298	3.58847
226.724	0.9533	3.58848
226.89	0.953301	3.58848
227.055	0.953303	3.58849
227.221	0.953304	3.5885
227.386	0.953306	3.5885
227.552	0.953307	3.58851
227.718	0.953309	3.58852
227.883	0.95331	3.58852
228.049	0.953312	3.58853
228.214	0.953314	3.58853
228.38	0.953315	3.58854
228.546	0.953317	3.58855
228.711	0.953318	3.58855
228.877	0.95332	3.58856
229.043	0.953321	3.58856
229.208	0.953323	3.58857
229.374	0.953324	3.58858
229.539	0.953326	3.58858
229.705	0.953327	3.58859
229.871	0.953329	3.5886
230.036	0.95333	3.5886
230.202	0.953332	3.58861
230.367	0.953334	3.58861
230.533	0.953335	3.58862
230.699	0.953337	3.58863
230.864	0.953338	3.58863
231.03	0.95334	3.58864
231.195	0.953341	3.58865
231.361	0.953343	3.58865
231.527	0.953344	3.58866
231.692	0.953346	3.58866
231.858	0.953347	3.58867
232.024	0.953349	3.58868
232.189	0.95335	3.58868
232.355	0.953352	3.58869
232.52	0.953354	3.5887
232.686	0.953355	3.5887
232.852	0.953357	3.58871
233.017	0.953358	3.58871
233.183	0.95336	3.58872
233.348	0.953361	3.58873
233.514	0.953363	3.58873
233.68	0.953364	3.58874
233.845	0.953366	3.58875
234.011	0.953367	3.58875
234.177	0.953369	3.58876
234.342	0.95337	3.58876
234.508	0.953372	3.58877
234.673	0.953374	3.58878
234.839	0.953375	3.58878
235.005	0.953377	3.58879
235.17	0.953378	3.5888
235.336	0.95338	3.5888
235.501	0.953381	3.58881
235.667	0.953383	3.58881
235.833	0.953384	3.58882
235.998	0.953386	3.58883
236.164	0.953387	3.58883
236.329	0.953389	3.58884
236.495	0.95339	3.58884
236.661	0.953392	3.58885
236.826	0.953393	3.58886
236.992	0.953395	3.58886
237.158	0.953397	3.58887
237.323	0.953398	3.58888
237.489	0.9534	3.58888
237.654	0.953401	3.58889
237.82	0.953403	3.58889
237.986	0.953404	3.5889
238.151	0.953406	3.58891
238.317	0.953407	3.58891
238.482	0.953409	3.58892
238.648	0.95341	3.58893
238.814	0.953412	3.58893
238.979	0.953413	3.58894
239.145	0.953415	3.58894
239.311	0.953416	3.58895
239.476	0.953418	3.58896
239.642	0.95342	3.58896
239.807	0.953421	3.58897
239.973	0.953423	3.58898
240.139	0.953424	3.58898
240.304	0.953426	3.58899
240.47	0.953427	3.58899
240.635	0.953429	3.589
240.801	0.95343	3.58901
240.967	0.953432	3.58901
241.132	0.953433	3.58902
241.298	0.953435	3.58903
241.463	0.953436	3.58903
241.629	0.953438	3.58904
241.795	0.953439	3.58904
241.96	0.953441	3.58905
242.126	0.953443	3.58906
242.292	0.953444	3.58906
242.457	0.953446	3.58907
242.623	0.953447	3.58907
242.788	0.953449	3.58908
242.954	0.95345	3.58909
243.12	0.953452	3.58909
243.285	0.953453	3.5891
243.451	0.953455	3.58911
243.616	0.953456	3.58911
243.782	0.953458	3.58912
243.948	0.953459	3.58912
244.113	0.953461	3.58913
244.279	0.953462	3.58914
244.445	0.953464	3.58914
244.61	0.953466	3.58915
244.776	0.953467	3.58916
244.941	0.953469	3.58916
245.107	0.95347	3.58917
245.273	0.953472	3.58917
245.438	0.953473	3.58918
245.604	0.953475	3.58919
245.769	0.953476	3.58919
245.935	0.953478	3.5892
246.101	0.953479	3.58921
246.266	0.953481	3.58921
246.432	0.953482	3.58922
246.597	0.953484	3.58922
246.763	0.953485	3.58923
246.929	0.953487	3.58924
247.094	0.953489	3.58924
247.26	0.95349	3.58925
247.426	0.953492	3.58926
247.591	0.953493	3.58926
247.757	0.953495	3.58927
247.922	0.953496	3.58927
248.088	0.953498	3.58928
248.254	0.953499	3.58929
248.419	0.953501	3.58929
248.585	0.953502	3.5893
248.75	0.953504	3.5893
248.916	0.953505	3.58931
249.082	0.953507	3.58932
249.247	0.953508	3.58932
249.413	0.95351	3.58933
249.579	0.953511	3.58934
249.744	0.953513	3.58934
249.91	0.953515	3.58935
250.075	0.953516	3.58935
250.241	0.953518	3.58936
250.407	0.953519	3.58937
250.572	0.953521	3.58937
250.738	0.953522	3.58938
250.903	0.953524	3.58939
251.069	0.953525	3.58939
251.235	0.953527	3.5894
251.4	0.953528	3.5894
251.566	0.95353	3.58941
251.731	0.953531	3.58942
251.897	0.953533	3.58942
252.063	0.953534	3.58943
252.228	0.953536	3.58944
252.394	0.953537	3.58944
252.56	0.953539	3.58945
252.725	0.95354	3.58945
252.891	0.953542	3.58946
253.056	0.953544	3.58947
253.222	0.953545	3.58947
253.388	0.953547	3.58948
253.553	0.953548	3.58949
253.719	0.95355	3.58949
253.884	0.953551	3.5895
254.05	0.953553	3.5895
254.216	0.953554	3.58951
254.381	0.953556	3.58952
254.547	0.953557	3.58952
254.713	0.953559	3.58953
254.878	0.95356	3.58953
255.044	0.953562	3.58954
255.209	0.953563	3.58955
255.375	0.953565	3.58955
255.541	0.953566	3.58956
255.706	0.953568	3.58957
255.872	0.953569	3.58957
256.037	0.953571	3.58958
256.203	0.953573	3.58958
256.369	0.953574	3.58959
256.534	0.953576	3.5896
256.7	0.953577	3.5896
256.865	0.953579	3.58961
257.031	0.95358	3.58962
257.197	0.953582	3.58962
257.362	0.953583	3.58963
257.528	0.953585	3.58963
257.694	0.953586	3.58964
257.859	0.953588	3.58965
258.025	0.953589	3.58965
258.19	0.953591	3.58966
258.356	0.953592	3.58967
258.522	0.953594	3.58967
258.687	0.953595	3.58968
258.853	0.953597	3.58968
259.018	0.953598	3.58969
259.184	0.9536	3.5897
259.35	0.953602	3.5897
259.515	0.953603	3.58971
259.681	0.953605	3.58971
259.847	0.953606	3.58972
260.012	0.953608	3.58973
260.178	0.953609	3.58973
260.343	0.953611	3.58974
260.509	0.953612	3.58975
260.675	0.953614	3.58975
260.84	0.953615	3.58976
261.006	0.953617	3.58976
261.171	0.953618	3.58977
261.337	0.95362	3.58978
261.503	0.953621	3.58978
261.668	0.953623	3.58979
261.834	0.953624	3.5898
261.999	0.953626	3.5898
262.165	0.953627	3.58981
262.331	0.953629	3.58981
262.496	0.95363	3.58982
262.662	0.953632	3.58983
262.828	0.953634	3.58983
262.993	0.953635	3.58984
263.159	0.953637	3.58985
263.324	0.953638	3.58985
263.49	0.95364	3.58986
263.656	0.953641	3.58986
263.821	0.953643	3.58987
263.987	0.953644	3.58988
264.152	0.953646	3.58988
264.318	0.953647	3.58989
264.484	0.953649	3.5899
264.649	0.95365	3.5899
264.815	0.953652	3.58991
264.98	0.953653	3.58991
265.146	0.953655	3.58992
265.312	0.953656	3.58993
265.477	0.953658	3.58993
265.643	0.953659	3.58994
265.809	0.953661	3.58994
265.974	0.953662	3.58995
266.14	0.953664	3.58996
266.305	0.953665	3.58996
266.471	0.953667	3.58997
266.637	0.953669	3.58998
266.802	0.95367	3.58998
266.968	0.953672	3.58999
267.133	0.953673	3.58999
267.299	0.953675	3.59
267.465	0.953676	3.59001
267.63	0.953678	3.59001
267.796	0.953679	3.59002
267.962	0.953681	3.59003
268.127	0.953682	3.59003
268.293	0.953684	3.59004
268.458	0.953685	3.59004
268.624	0.953687	3.59005
268.79	0.953688	3.59006
268.955	0.95369	3.59006
269.121	0.953691	3.59007
269.286	0.953693	3.59008
269.452	0.953694	3.59008
269.618	0.953696	3.59009
269.783	0.953697	3.59009
269.949	0.953699	3.5901
270.114	0.9537	3.59011
270.28	0.953702	3.59011
270.446	0.953703	3.59012
270.611	0.953705	3.59012
270.777	0.953707	3.59013
270.943	0.953708	3.59014
271.108	0.95371	3.59014
271.274	0.953711	3.59015
271.439	0.953713	3.59016
271.605	0.953714	3.59016
271.771	0.953716	3.59017
271.936	0.953717	3.59017
272.102	0.953719	3.59018
272.267	0.95372	3.59019
272.433	0.953722	3.59019
272.599	0.953723	3.5902
272.764	0.953725	3.59021
272.93	0.953726	3.59021
273.096	0.953728	3.59022
273.261	0.953729	3.59022
273.427	0.953731	3.59023
273.592	0.953732	3.59024
273.758	0.953734	3.59024
273.924	0.953735	3.59025
274.089	0.953737	3.59026
274.255	0.953738	3.59026
274.42	0.95374	3.59027
274.586	0.953741	3.59027
274.752	0.953743	3.59028
274.917	0.953744	3.59029
275.083	0.953746	3.59029
275.248	0.953748	3.5903
275.414	0.953749	3.5903
275.58	0.953751	3.59031
275.745	0.953752	3.59032
275.911	0.953754	3.59032
276.077	0.953755	3.59033
276.242	0.953757	3.59034
276.408	0.953758	3.59034
276.573	0.95376	3.59035
276.739	0.953761	3.59035
276.905	0.953763	3.59036
277.07	0.953764	3.59037
277.236	0.953766	3.59037
277.401	0.953767	3.59038
277.567	0.953769	3.59039
277.733	0.95377	3.59039
277.898	0.953772	3.5904
278.064	0.953773	3.5904
278.23	0.953775	3.59041
278.395	0.953776	3.59042
278.561	0.953778	3.59042
278.726	0.953779	3.59043
278.892	0.953781	3.59044
279.058	0.953782	3.59044
279.223	0.953784	3.59045
279.389	0.953785	3.59045
279.554	0.953787	3.59046
279.72	0.953788	3.59047
279.886	0.95379	3.59047
280.051	0.953791	3.59048
280.217	0.953793	3.59048
280.382	0.953795	3.59049
280.548	0.953796	3.5905
280.714	0.953798	3.5905
280.879	0.953799	3.59051
281.045	0.953801	3.59052
281.211	0.953802	3.59052
281.376	0.953804	3.59053
281.542	0.953805	3.59053
281.707	0.953807	3.59054
281.873	0.953808	3.59055
282.039	0.95381	3.59055
282.204	0.953811	3.59056
282.37	0.953813	3.59057
282.535	0.953814	3.59057
282.701	0.953816	3.59058
282.867	0.953817	3.59058
283.032	0.953819	3.59059
283.198	0.95382	3.5906
283.364	0.953822	3.5906
283.529	0.953823	3.59061
283.695	0.953825	3.59062
283.86	0.953826	3.59062
284.026	0.953828	3.59063
284.192	0.953829	3.59063
284.357	0.953831	3.59064
284.523	0.953832	3.59065
284.688	0.953834	3.59065
284.854	0.953835	3.59066
285.02	0.953837	3.59066
285.185	0.953838	3.59067
285.351	0.95384	3.59068
285.516	0.953841	3.59068
285.682	0.953843	3.59069
285.848	0.953845	3.5907
286.013	0.953846	3.5907
286.179	0.953848	3.59071
286.345	0.953849	3.59071
286.51	0.953851	3.59072
286.676	0.953852	3.59073
286.841	0.953854	3.59073
287.007	0.953855	3.59074
287.173	0.953857	3.59075
287.338	0.953858	3.59075
287.504	0.95386	3.59076
287.669	0.953861	3.59076
287.835	0.953863	3.59077
288.001	0.953864	3.59078
288.166	0.953866	3.59078
288.332	0.953867	3.59079
288.498	0.953869	3.5908
288.663	0.95387	3.5908
288.829	0.953872	3.59081
288.994	0.953873	3.59081
289.16	0.953875	3.59082
289.326	0.953876	3.59083
289.491	0.953878	3.59083
289.657	0.953879	3.59084
289.822	0.953881	3.59084
289.988	0.953882	3.59085
290.154	0.953884	3.59086
290.319	0.953885	3.59086
290.485	0.953887	3.59087
290.65	0.953888	3.59088
290.816	0.95389	3.59088
290.982	0.953891	3.59089
291.147	0.953893	3.59089
291.313	0.953894	3.5909
291.479	0.953896	3.59091
291.644	0.953897	3.59091
291.81	0.953899	3.59092
291.975	0.9539	3.59093
292.141	0.953902	3.59093
292.307	0.953903	3.59094
292.472	0.953905	3.59094
292.638	0.953906	3.59095
292.803	0.953908	3.59096
292.969	0.95391	3.59096
293.135	0.953911	3.59097
293.3	0.953913	3.59097
293.466	0.953914	3.59098
293.632	0.953916	3.59099
293.797	0.953917	3.59099
293.963	0.953919	3.591
294.128	0.95392	3.59101
294.294	0.953922	3.59101
294.46	0.953923	3.59102
294.625	0.953925	3.59102
294.791	0.953926	3.59103
294.956	0.953928	3.59104
295.122	0.953929	3.59104
295.288	0.953931	3.59105
295.453	0.953932	3.59106
295.619	0.953934	3.59106
295.784	0.953935	3.59107
295.95	0.953937	3.59107
296.116	0.953938	3.59108
296.281	0.95394	3.59109
296.447	0.953941	3.59109
296.613	0.953943	3.5911
296.778	0.953944	3.59111
296.944	0.953946	3.59111
297.109	0.953947	3.59112
297.275	0.953949	3.59112
297.441	0.95395	3.59113
297.606	0.953952	3.59114
297.772	0.953953	3.59114
297.937	0.953955	3.59115
298.103	0.953956	3.59115
298.269	0.953958	3.59116
298.434	0.953959	3.59117
298.6	0.953961	3.59117
298.766	0.953962	3.59118
298.931	0.953964	3.59119
299.097	0.953965	3.59119
299.262	0.953967	3.5912
299.428	0.953968	3.5912
299.594	0.95397	3.59121
299.759	0.953971	3.59122
299.925	0.953973	3.59122
300.09	0.953974	3.59123
300.256	0.953976	3.59124
300.422	0.953977	3.59124
300.587	0.953979	3.59125
300.753	0.95398	3.59125
300.918	0.953982	3.59126
301.084	0.953983	3.59127
301.25	0.953985	3.59127
301.415	0.953986	3.59128
301.581	0.953988	3.59128
301.747	0.953989	3.59129
301.912	0.953991	3.5913
302.078	0.953993	3.5913
302.243	0.953994	3.59131
302.409	0.953996	3.59132
302.575	0.953997	3.59132
302.74	0.953999	3.59133
302.906	0.954	3.59133
303.071	0.954002	3.59134
303.237	0.954003	3.59135
303.403	0.954005	3.59135
303.568	0.954006	3.59136
303.734	0.954008	3.59137
303.9	0.954009	3.59137
304.065	0.954011	3.59138
304.231	0.954012	3.59138
304.396	0.954014	3.59139
304.562	0.954015	3.5914
304.728	0.954017	3.5914
304.893	0.954018	3.59141
305.059	0.95402	3.59142
305.224	0.954021	3.59142
305.39	0.954023	3.59143
305.556	0.954024	3.59143
305.721	0.954026	3.59144
305.887	0.954027	3.59145
306.052	0.954029	3.59145
306.218	0.95403	3.59146
306.384	0.954032	3.59146
306.549	0.954033	3.59147
306.715	0.954035	3.59148
306.881	0.954036	3.59148
307.046	0.954038	3.59149
307.212	0.954039	3.5915
307.377	0.954041	3.5915
307.543	0.954042	3.59151
307.709	0.954044	3.59151
307.874	0.954045	3.59152
308.04	0.954047	3.59153
308.205	0.954048	3.59153
308.371	0.95405	3.59154
308.537	0.954051	3.59155
308.702	0.954053	3.59155
308.868	0.954054	3.59156
309.034	0.954056	3.59156
309.199	0.954057	3.59157
309.365	0.954059	3.59158
309.53	0.95406	3.59158
309.696	0.954062	3.59159
309.862	0.954063	3.59159
310.027	0.954065	3.5916
310.193	0.954066	3.59161
310.358	0.954068	3.59161
310.524	0.954069	3.59162
310.69	0.954071	3.59163
310.855	0.954072	3.59163
311.021	0.954074	3.59164
311.186	0.954075	3.59164
311.352	0.954077	3.59165
311.518	0.954078	3.59166
311.683	0.95408	3.59166
311.849	0.954081	3.59167
312.015	0.954083	3.59168
312.18	0.954084	3.59168
312.346	0.954086	3.59169
312.511	0.954087	3.59169
312.677	0.954089	3.5917
312.844	0.95409	3.59171
313.01	0.954092	3.59171
313.175	0.954093	3.59172
313.341	0.954095	3.59172
313.507	0.954096	3.59173
313.672	0.954098	3.59174
313.838	0.954099	3.59174
314.004	0.954101	3.59175
314.169	0.954102	3.59176
314.335	0.954104	3.59176
314.5	0.954105	3.59177
314.666	0.954107	3.59177
314.832	0.954108	3.59178
314.997	0.95411	3.59179
315.163	0.954111	3.59179
315.328	0.954113	3.5918
315.494	0.954114	3.59181
315.66	0.954116	3.59181
315.825	0.954117	3.59182
315.991	0.954119	3.59182
316.157	0.95412	3.59183
316.322	0.954122	3.59184
316.488	0.954123	3.59184
316.653	0.954125	3.59185
316.819	0.954126	3.59186
316.985	0.954128	3.59186
317.15	0.954129	3.59187
317.316	0.954131	3.59187
317.481	0.954132	3.59188
317.647	0.954134	3.59189
317.813	0.954135	3.59189
317.978	0.954137	3.5919
318.144	0.954138	3.5919
318.309	0.95414	3.59191
318.475	0.954141	3.59192
318.641	0.954143	3.59192
318.806	0.954144	3.59193
318.972	0.954146	3.59194
319.138	0.954147	3.59194
319.303	0.954149	3.59195
319.469	0.95415	3.59195
319.634	0.954152	3.59196
319.8	0.954153	3.59197
319.966	0.954155	3.59197
320.131	0.954156	3.59198
320.297	0.954158	3.59199
320.462	0.954159	3.59199
320.628	0.954161	3.592
320.794	0.954162	3.592
320.959	0.954164	3.59201
321.125	0.954165	3.59202
321.291	0.954167	3.59202
321.456	0.954168	3.59203
321.622	0.95417	3.59203
321.787	0.954171	3.59204
321.953	0.954173	3.59205
322.119	0.954174	3.59205
322.284	0.954176	3.59206
322.45	0.954177	3.59207
322.615	0.954179	3.59207
322.781	0.95418	3.59208
322.947	0.954182	3.59208
323.112	0.954183	3.59209
323.278	0.954185	3.5921
323.443	0.954186	3.5921
323.609	0.954188	3.59211
323.775	0.954189	3.59212
323.94	0.954191	3.59212
324.106	0.954192	3.59213
324.272	0.954194	3.59213
324.437	0.954195	3.59214
324.603	0.954197	3.59215
324.768	0.954198	3.59215
324.934	0.9542	3.59216
325.1	0.954201	3.59216
325.265	0.954203	3.59217
325.431	0.954204	3.59218
325.596	0.954206	3.59218
325.762	0.954207	3.59219
325.928	0.954209	3.5922
326.093	0.95421	3.5922
326.259	0.954212	3.59221
326.425	0.954213	3.59221
326.59	0.954215	3.59222
326.756	0.954216	3.59223
326.921	0.954218	3.59223
327.087	0.954219	3.59224
327.253	0.954221	3.59225
327.418	0.954222	3.59225
327.584	0.954224	3.59226
327.749	0.954225	3.59226
327.915	0.954227	3.59227
328.081	0.954228	3.59228
328.246	0.95423	3.59228
328.412	0.954231	3.59229
328.577	0.954233	3.59229
328.743	0.954234	3.5923
328.909	0.954236	3.59231
329.074	0.954237	3.59231
329.24	0.954239	3.59232
329.406	0.95424	3.59233
329.571	0.954242	3.59233
329.737	0.954243	3.59234
329.902	0.954245	3.59234
330.068	0.954246	3.59235
330.234	0.954248	3.59236
330.399	0.954249	3.59236
330.565	0.954251	3.59237
330.73	0.954252	3.59238
330.896	0.954254	3.59238
331.062	0.954255	3.59239
331.227	0.954257	3.59239
331.393	0.954258	3.5924
331.559	0.95426	3.59241
331.724	0.954261	3.59241
331.89	0.954263	3.59242
332.055	0.954264	3.59242
332.221	0.954266	3.59243
332.387	0.954267	3.59244
332.552	0.954269	3.59244
332.718	0.95427	3.59245
332.883	0.954272	3.59246
333.049	0.954273	3.59246
333.215	0.954275	3.59247
333.38	0.954276	3.59247
333.546	0.954278	3.59248
333.711	0.954279	3.59249
333.877	0.954281	3.59249
334.043	0.954282	3.5925
334.208	0.954284	3.59251
334.374	0.954285	3.59251
334.54	0.954287	3.59252
334.705	0.954288	3.59252
334.871	0.95429	3.59253
335.036	0.954291	3.59254
335.202	0.954293	3.59254
335.368	0.954294	3.59255
335.533	0.954296	3.59255
335.699	0.954297	3.59256
335.864	0.954299	3.59257
336.03	0.9543	3.59257
336.196	0.954302	3.59258
336.361	0.954303	3.59259
336.527	0.954305	3.59259
336.693	0.954306	3.5926
336.858	0.954308	3.5926
337.024	0.954309	3.59261
337.189	0.954311	3.59262
337.355	0.954312	3.59262
337.521	0.954314	3.59263
337.686	0.954315	3.59264
337.852	0.954317	3.59264
338.017	0.954318	3.59265
338.183	0.95432	3.59265
338.349	0.954321	3.59266
338.514	0.954323	3.59267
338.68	0.954324	3.59267
338.845	0.954326	3.59268
339.011	0.954327	3.59268
339.177	0.954329	3.59269
339.342	0.95433	3.5927
339.508	0.954332	3.5927
339.674	0.954333	3.59271
339.839	0.954335	3.59272
340.005	0.954336	3.59272
340.17	0.954338	3.59273
340.336	0.954339	3.59273
340.502	0.954341	3.59274
340.667	0.954342	3.59275
340.833	0.954344	3.59275
340.998	0.954345	3.59276
341.164	0.954347	3.59277
341.33	0.954348	3.59277
341.495	0.95435	3.59278
341.661	0.954351	3.59278
341.827	0.954353	3.59279
341.992	0.954354	3.5928
342.158	0.954356	3.5928
342.323	0.954357	3.59281
342.489	0.954359	3.59281
342.655	0.95436	3.59282
342.82	0.954362	3.59283
342.986	0.954363	3.59283
343.151	0.954365	3.59284
343.317	0.954366	3.59285
343.483	0.954368	3.59285
343.648	0.954369	3.59286
343.814	0.954371	3.59286
343.979	0.954372	3.59287
344.145	0.954374	3.59288
344.311	0.954375	3.59288
344.476	0.954376	3.59289
344.642	0.954378	3.5929
344.808	0.954379	3.5929
344.973	0.954381	3.59291
345.139	0.954382	3.59291
345.304	0.954384	3.59292
345.47	0.954385	3.59293
345.636	0.954387	3.59293
345.801	0.954388	3.59294
345.967	0.95439	3.59294
346.132	0.954391	3.59295
346.298	0.954393	3.59296
346.464	0.954394	3.59296
346.629	0.954396	3.59297
346.795	0.954397	3.59298
346.96	0.954399	3.59298
347.126	0.9544	3.59299
347.292	0.954402	3.59299
347.457	0.954403	3.593
347.623	0.954405	3.59301
347.789	0.954406	3.59301
347.954	0.954408	3.59302
348.12	0.954409	3.59302
348.285	0.954411	3.59303
348.451	0.954412	3.59304
348.617	0.954414	3.59304
348.782	0.954415	3.59305
348.948	0.954417	3.59306
349.113	0.954418	3.59306
349.279	0.95442	3.59307
349.445	0.954421	3.59307
349.61	0.954423	3.59308
349.776	0.954424	3.59309
349.942	0.954426	3.59309
350.107	0.954427	3.5931
350.273	0.954429	3.59311
350.438	0.95443	3.59311
350.604	0.954432	3.59312
350.77	0.954433	3.59312
350.935	0.954435	3.59313
351.101	0.954436	3.59314
351.266	0.954438	3.59314
351.432	0.954439	3.59315
351.598	0.954441	3.59315
351.763	0.954442	3.59316
351.929	0.954444	3.59317
352.094	0.954445	3.59317
352.26	0.954447	3.59318
352.426	0.954448	3.59319
352.591	0.95445	3.59319
352.757	0.954451	3.5932
352.923	0.954453	3.5932
353.088	0.954454	3.59321
353.254	0.954456	3.59322
353.419	0.954457	3.59322
353.585	0.954459	3.59323
353.751	0.95446	3.59324
353.916	0.954461	3.59324
354.082	0.954463	3.59325
354.247	0.954464	3.59325
354.413	0.954466	3.59326
354.579	0.954467	3.59327
354.744	0.954469	3.59327
354.91	0.95447	3.59328
355.076	0.954472	3.59328
355.241	0.954473	3.59329
355.407	0.954475	3.5933
355.572	0.954476	3.5933
355.738	0.954478	3.59331
355.904	0.954479	3.59332
356.069	0.954481	3.59332
356.235	0.954482	3.59333
356.4	0.954484	3.59333
356.566	0.954485	3.59334
356.732	0.954487	3.59335
356.897	0.954488	3.59335
357.063	0.95449	3.59336
357.228	0.954491	3.59337
357.394	0.954493	3.59337
357.56	0.954494	3.59338
357.725	0.954496	3.59338
357.891	0.954497	3.59339
358.057	0.954499	3.5934
358.222	0.9545	3.5934
358.388	0.954502	3.59341
358.553	0.954503	3.59341
358.719	0.954505	3.59342
358.885	0.954506	3.59343
359.05	0.954508	3.59343
359.216	0.954509	3.59344
359.381	0.954511	3.59345
359.547	0.954512	3.59345
359.713	0.954514	3.59346
359.878	0.954515	3.59346
360.044	0.954517	3.59347
360.21	0.954518	3.59348
360.375	0.95452	3.59348
360.541	0.954521	3.59349
360.706	0.954523	3.59349
360.872	0.954524	3.5935
361.038	0.954526	3.59351
361.203	0.954527	3.59351
361.369	0.954528	3.59352
361.534	0.95453	3.59353
361.7	0.954531	3.59353
361.866	0.954533	3.59354
362.031	0.954534	3.59354
362.197	0.954536	3.59355
362.362	0.954537	3.59356
362.528	0.954539	3.59356
362.694	0.95454	3.59357
362.859	0.954542	3.59358
363.025	0.954543	3.59358
363.191	0.954545	3.59359
363.356	0.954546	3.59359
363.522	0.954548	3.5936
363.687	0.954549	3.59361
363.853	0.954551	3.59361
364.019	0.954552	3.59362
364.184	0.954554	3.59362
364.35	0.954555	3.59363
364.515	0.954557	3.59364
364.681	0.954558	3.59364
364.847	0.95456	3.59365
365.012	0.954561	3.59366
365.178	0.954563	3.59366
365.344	0.954564	3.59367
365.509	0.954566	3.59367
365.675	0.954567	3.59368
365.84	0.954569	3.59369
366.006	0.95457	3.59369
366.172	0.954572	3.5937
366.337	0.954573	3.59371
366.503	0.954575	3.59371
366.668	0.954576	3.59372
366.834	0.954578	3.59372
367	0.954579	3.59373
367.165	0.954581	3.59374
367.331	0.954582	3.59374
367.496	0.954583	3.59375
367.662	0.954585	3.59375
367.828	0.954586	3.59376
367.993	0.954588	3.59377
368.159	0.954589	3.59377
368.325	0.954591	3.59378
368.49	0.954592	3.59379
368.656	0.954594	3.59379
368.821	0.954595	3.5938
368.987	0.954597	3.5938
369.153	0.954598	3.59381
369.318	0.9546	3.59382
369.484	0.954601	3.59382
369.649	0.954603	3.59383
369.815	0.954604	3.59383
369.981	0.954606	3.59384
370.146	0.954607	3.59385
370.312	0.954609	3.59385
370.478	0.95461	3.59386
370.643	0.954612	3.59387
370.809	0.954613	3.59387
370.974	0.954615	3.59388
371.14	0.954616	3.59388
371.306	0.954618	3.59389
371.471	0.954619	3.5939
371.637	0.954621	3.5939
371.802	0.954622	3.59391
371.968	0.954624	3.59392
372.134	0.954625	3.59392
372.299	0.954627	3.59393
372.465	0.954628	3.59393
372.63	0.95463	3.59394
372.796	0.954631	3.59395
372.962	0.954632	3.59395
373.127	0.954634	3.59396
373.293	0.954635	3.59396
373.459	0.954637	3.59397
373.624	0.954638	3.59398
373.79	0.95464	3.59398
373.955	0.954641	3.59399
374.121	0.954643	3.594
374.287	0.954644	3.594
374.452	0.954646	3.59401
374.618	0.954647	3.59401
374.783	0.954649	3.59402
374.949	0.95465	3.59403
375.115	0.954652	3.59403
375.28	0.954653	3.59404
375.446	0.954655	3.59404
375.612	0.954656	3.59405
375.777	0.954658	3.59406
375.943	0.954659	3.59406
376.108	0.954661	3.59407
376.274	0.954662	3.59408
376.44	0.954664	3.59408
376.605	0.954665	3.59409
376.771	0.954667	3.59409
376.936	0.954668	3.5941
377.102	0.95467	3.59411
377.268	0.954671	3.59411
377.433	0.954673	3.59412
377.599	0.954674	3.59413
377.764	0.954675	3.59413
377.93	0.954677	3.59414
378.096	0.954678	3.59414
378.261	0.95468	3.59415
378.427	0.954681	3.59416
378.593	0.954683	3.59416
378.758	0.954684	3.59417
378.924	0.954686	3.59417
379.089	0.954687	3.59418
379.255	0.954689	3.59419
379.421	0.95469	3.59419
379.586	0.954692	3.5942
379.752	0.954693	3.59421
379.917	0.954695	3.59421
380.083	0.954696	3.59422
380.249	0.954698	3.59422
380.414	0.954699	3.59423
380.58	0.954701	3.59424
380.746	0.954702	3.59424
380.911	0.954704	3.59425
381.077	0.954705	3.59425
381.242	0.954707	3.59426
381.408	0.954708	3.59427
381.574	0.95471	3.59427
381.739	0.954711	3.59428
381.905	0.954713	3.59429
382.07	0.954714	3.59429
382.236	0.954715	3.5943
382.402	0.954717	3.5943
382.567	0.954718	3.59431
382.733	0.95472	3.59432
382.898	0.954721	3.59432
383.064	0.954723	3.59433
383.23	0.954724	3.59434
383.395	0.954726	3.59434
383.561	0.954727	3.59435
383.727	0.954729	3.59435
383.892	0.95473	3.59436
384.058	0.954732	3.59437
384.223	0.954733	3.59437
384.389	0.954735	3.59438
384.555	0.954736	3.59438
384.72	0.954738	3.59439
384.886	0.954739	3.5944
385.051	0.954741	3.5944
385.217	0.954742	3.59441
385.383	0.954744	3.59442
385.548	0.954745	3.59442
385.714	0.954747	3.59443
385.88	0.954748	3.59443
386.045	0.95475	3.59444
386.211	0.954751	3.59445
386.376	0.954752	3.59445
386.542	0.954754	3.59446
386.708	0.954755	3.59446
386.873	0.954757	3.59447
387.039	0.954758	3.59448
387.204	0.95476	3.59448
387.37	0.954761	3.59449
387.536	0.954763	3.5945
387.701	0.954764	3.5945
387.867	0.954766	3.59451
388.032	0.954767	3.59451
388.198	0.954769	3.59452
388.364	0.95477	3.59453
388.529	0.954772	3.59453
388.695	0.954773	3.59454
388.861	0.954775	3.59455
389.026	0.954776	3.59455
389.192	0.954778	3.59456
389.357	0.954779	3.59456
389.523	0.954781	3.59457
389.689	0.954782	3.59458
389.854	0.954784	3.59458
390.02	0.954785	3.59459
390.185	0.954787	3.59459
390.351	0.954788	3.5946
390.517	0.954789	3.59461
390.682	0.954791	3.59461
390.848	0.954792	3.59462
391.014	0.954794	3.59463
391.179	0.954795	3.59463
391.345	0.954797	3.59464
391.51	0.954798	3.59464
391.676	0.9548	3.59465
391.842	0.954801	3.59466
392.007	0.954803	3.59466
392.173	0.954804	3.59467
392.338	0.954806	3.59467
392.504	0.954807	3.59468
392.67	0.954809	3.59469
392.835	0.95481	3.59469
393.001	0.954812	3.5947
393.166	0.954813	3.59471
393.332	0.954815	3.59471
393.498	0.954816	3.59472
393.663	0.954818	3.59472
393.829	0.954819	3.59473
393.995	0.95482	3.59474
394.16	0.954822	3.59474
394.326	0.954823	3.59475
394.491	0.954825	3.59475
394.657	0.954826	3.59476
394.823	0.954828	3.59477
394.988	0.954829	3.59477
395.154	0.954831	3.59478
395.319	0.954832	3.59479
395.485	0.954834	3.59479
395.651	0.954835	3.5948
395.816	0.954837	3.5948
395.982	0.954838	3.59481
396.148	0.95484	3.59482
396.313	0.954841	3.59482
396.479	0.954843	3.59483
396.644	0.954844	3.59484
396.81	0.954846	3.59484
396.976	0.954847	3.59485
397.141	0.954849	3.59485
397.307	0.95485	3.59486
397.472	0.954852	3.59487
397.638	0.954853	3.59487
397.804	0.954854	3.59488
397.969	0.954856	3.59488
398.135	0.954857	3.59489
398.3	0.954859	3.5949
398.466	0.95486	3.5949
398.632	0.954862	3.59491
398.797	0.954863	3.59492
398.963	0.954865	3.59492
399.129	0.954866	3.59493
399.294	0.954868	3.59493
399.46	0.954869	3.59494
399.625	0.954871	3.59495
399.791	0.954872	3.59495
399.957	0.954874	3.59496
400.122	0.954875	3.59496
400.288	0.954877	3.59497
400.453	0.954878	3.59498
400.619	0.95488	3.59498
400.785	0.954881	3.59499
400.95	0.954882	3.595
401.116	0.954884	3.595
401.282	0.954885	3.59501
401.447	0.954887	3.59501
401.613	0.954888	3.59502
401.778	0.95489	3.59503
401.944	0.954891	3.59503
402.11	0.954893	3.59504
402.275	0.954894	3.59504
402.441	0.954896	3.59505
402.606	0.954897	3.59506
402.772	0.954899	3.59506
402.938	0.9549	3.59507
403.103	0.954902	3.59508
403.269	0.954903	3.59508
403.434	0.954905	3.59509
403.6	0.954906	3.59509
403.766	0.954908	3.5951
403.931	0.954909	3.59511
404.097	0.954911	3.59511
404.263	0.954912	3.59512
404.428	0.954913	3.59513
404.594	0.954915	3.59513
404.759	0.954916	3.59514
404.925	0.954918	3.59514
405.091	0.954919	3.59515
405.256	0.954921	3.59516
405.422	0.954922	3.59516
405.587	0.954924	3.59517
405.753	0.954925	3.59517
405.919	0.954927	3.59518
406.084	0.954928	3.59519
406.25	0.95493	3.59519
406.415	0.954931	3.5952
406.581	0.954933	3.59521
406.747	0.954934	3.59521
406.912	0.954936	3.59522
407.078	0.954937	3.59522
407.244	0.954939	3.59523
407.409	0.95494	3.59524
407.575	0.954941	3.59524
407.74	0.954943	3.59525
407.906	0.954944	3.59525
408.072	0.954946	3.59526
408.237	0.954947	3.59527
408.403	0.954949	3.59527
408.568	0.95495	3.59528
408.734	0.954952	3.59529
408.9	0.954953	3.59529
409.065	0.954955	3.5953
409.231	0.954956	3.5953
409.397	0.954958	3.59531
409.562	0.954959	3.59532
409.728	0.954961	3.59532
409.893	0.954962	3.59533
410.059	0.954964	3.59533
410.225	0.954965	3.59534
410.39	0.954966	3.59535
410.556	0.954968	3.59535
410.721	0.954969	3.59536
410.887	0.954971	3.59537
411.053	0.954972	3.59537
411.218	0.954974	3.59538
411.384	0.954975	3.59538
411.549	0.954977	3.59539
411.715	0.954978	3.5954
411.881	0.95498	3.5954
412.046	0.954981	3.59541
412.212	0.954983	3.59541
412.378	0.954984	3.59542
412.543	0.954986	3.59543
412.709	0.954987	3.59543
412.874	0.954989	3.59544
413.04	0.95499	3.59545
413.206	0.954992	3.59545
413.371	0.954993	3.59546
413.537	0.954994	3.59546
413.702	0.954996	3.59547
413.868	0.954997	3.59548
414.034	0.954999	3.59548
414.199	0.955	3.59549
414.365	0.955002	3.5955
414.531	0.955003	3.5955
414.696	0.955005	3.59551
414.862	0.955006	3.59551
415.027	0.955008	3.59552
415.193	0.955009	3.59553
415.359	0.955011	3.59553
415.524	0.955012	3.59554
415.69	0.955014	3.59554
415.855	0.955015	3.59555
416.021	0.955017	3.59556
416.187	0.955018	3.59556
416.352	0.955019	3.59557
416.518	0.955021	3.59558
416.683	0.955022	3.59558
416.849	0.955024	3.59559
417.015	0.955025	3.59559
417.18	0.955027	3.5956
417.346	0.955028	3.59561
417.512	0.95503	3.59561
417.677	0.955031	3.59562
417.843	0.955033	3.59562
418.008	0.955034	3.59563
418.174	0.955036	3.59564
418.34	0.955037	3.59564
418.505	0.955039	3.59565
418.671	0.95504	3.59566
418.836	0.955042	3.59566
419.002	0.955043	3.59567
419.168	0.955044	3.59567
419.333	0.955046	3.59568
419.499	0.955047	3.59569
419.665	0.955049	3.59569
419.83	0.95505	3.5957
419.996	0.955052	3.5957
420.161	0.955053	3.59571
420.327	0.955055	3.59572
420.493	0.955056	3.59572
420.658	0.955058	3.59573
420.824	0.955059	3.59574
420.989	0.955061	3.59574
421.155	0.955062	3.59575
421.321	0.955064	3.59575
421.486	0.955065	3.59576
421.652	0.955066	3.59577
421.817	0.955068	3.59577
421.983	0.955069	3.59578
422.149	0.955071	3.59578
422.314	0.955072	3.59579
422.48	0.955074	3.5958
422.646	0.955075	3.5958
422.811	0.955077	3.59581
422.977	0.955078	3.59582
423.142	0.95508	3.59582
423.308	0.955081	3.59583
423.474	0.955083	3.59583
423.639	0.955084	3.59584
423.805	0.955086	3.59585
423.97	0.955087	3.59585
424.136	0.955089	3.59586
424.302	0.95509	3.59586
424.467	0.955091	3.59587
424.633	0.955093	3.59588
424.799	0.955094	3.59588
424.964	0.955096	3.59589
425.13	0.955097	3.5959
425.295	0.955099	3.5959
425.461	0.9551	3.59591
425.627	0.955102	3.59591
425.792	0.955103	3.59592
425.958	0.955105	3.59593
426.123	0.955106	3.59593
426.289	0.955108	3.59594
426.455	0.955109	3.59595
426.62	0.955111	3.59595
426.786	0.955112	3.59596
426.951	0.955113	3.59596
427.117	0.955115	3.59597
427.283	0.955116	3.59598
427.448	0.955118	3.59598
427.614	0.955119	3.59599
427.78	0.955121	3.59599
427.945	0.955122	3.596
428.111	0.955124	3.59601
428.276	0.955125	3.59601
428.442	0.955127	3.59602
428.608	0.955128	3.59603
428.773	0.95513	3.59603
428.939	0.955131	3.59604
429.104	0.955133	3.59604
429.27	0.955134	3.59605
429.436	0.955135	3.59606
429.601	0.955137	3.59606
429.767	0.955138	3.59607
429.933	0.95514	3.59607
430.098	0.955141	3.59608
430.264	0.955143	3.59609
430.429	0.955144	3.59609
430.595	0.955146	3.5961
430.761	0.955147	3.59611
430.926	0.955149	3.59611
431.092	0.95515	3.59612
431.257	0.955152	3.59612
431.423	0.955153	3.59613
431.589	0.955155	3.59614
431.754	0.955156	3.59614
431.92	0.955157	3.59615
432.085	0.955159	3.59615
432.251	0.95516	3.59616
432.417	0.955162	3.59617
432.582	0.955163	3.59617
432.748	0.955165	3.59618
432.914	0.955166	3.59619
433.079	0.955168	3.59619
433.245	0.955169	3.5962
433.41	0.955171	3.5962
433.576	0.955172	3.59621
433.742	0.955174	3.59622
433.907	0.955175	3.59622
434.073	0.955177	3.59623
434.238	0.955178	3.59623
434.404	0.955179	3.59624
434.57	0.955181	3.59625
434.735	0.955182	3.59625
434.901	0.955184	3.59626
435.067	0.955185	3.59627
435.232	0.955187	3.59627
435.398	0.955188	3.59628
435.563	0.95519	3.59628
435.729	0.955191	3.59629
435.895	0.955193	3.5963
436.06	0.955194	3.5963
436.226	0.955196	3.59631
436.391	0.955197	3.59631
436.557	0.955198	3.59632
436.723	0.9552	3.59633
436.888	0.955201	3.59633
437.054	0.955203	3.59634
437.219	0.955204	3.59635
437.385	0.955206	3.59635
437.551	0.955207	3.59636
437.716	0.955209	3.59636
437.882	0.95521	3.59637
438.048	0.955212	3.59638
438.213	0.955213	3.59638
438.379	0.955215	3.59639
438.544	0.955216	3.59639
438.71	0.955218	3.5964
438.876	0.955219	3.59641
439.041	0.95522	3.59641
439.207	0.955222	3.59642
439.372	0.955223	3.59643
439.538	0.955225	3.59643
439.704	0.955226	3.59644
439.869	0.955228	3.59644
440.035	0.955229	3.59645
440.201	0.955231	3.59646
440.366	0.955232	3.59646
440.532	0.955234	3.59647
440.697	0.955235	3.59647
440.863	0.955237	3.59648
441.029	0.955238	3.59649
441.194	0.955239	3.59649
441.36	0.955241	3.5965
441.525	0.955242	3.59651
441.691	0.955244	3.59651
441.857	0.955245	3.59652
442.022	0.955247	3.59652
442.188	0.955248	3.59653
442.353	0.95525	3.59654
442.519	0.955251	3.59654
442.685	0.955253	3.59655
442.85	0.955254	3.59655
443.016	0.955256	3.59656
443.182	0.955257	3.59657
443.347	0.955259	3.59657
443.513	0.95526	3.59658
443.678	0.955261	3.59659
443.844	0.955263	3.59659
444.01	0.955264	3.5966
444.175	0.955266	3.5966
444.341	0.955267	3.59661
444.506	0.955269	3.59662
444.672	0.95527	3.59662
444.838	0.955272	3.59663
445.003	0.955273	3.59663
445.169	0.955275	3.59664
445.335	0.955276	3.59665
445.5	0.955278	3.59665
445.666	0.955279	3.59666
445.831	0.95528	3.59667
445.997	0.955282	3.59667
446.163	0.955283	3.59668
446.328	0.955285	3.59668
446.494	0.955286	3.59669
446.659	0.955288	3.5967
446.825	0.955289	3.5967
446.991	0.955291	3.59671
447.156	0.955292	3.59671
447.322	0.955294	3.59672
447.487	0.955295	3.59673
447.653	0.955297	3.59673
447.819	0.955298	3.59674
447.984	0.955299	3.59675
448.15	0.955301	3.59675
448.316	0.955302	3.59676
448.481	0.955304	3.59676
448.647	0.955305	3.59677
448.812	0.955307	3.59678
448.978	0.955308	3.59678
449.144	0.95531	3.59679
449.309	0.955311	3.59679
449.475	0.955313	3.5968
449.64	0.955314	3.59681
449.806	0.955315	3.59681
449.972	0.955317	3.59682
450.137	0.955318	3.59683
450.303	0.95532	3.59683
450.469	0.955321	3.59684
450.634	0.955323	3.59684
450.8	0.955324	3.59685
450.965	0.955326	3.59686
451.131	0.955327	3.59686
451.297	0.955329	3.59687
451.462	0.95533	3.59687
451.628	0.955332	3.59688
451.793	0.955333	3.59689
451.959	0.955334	3.59689
452.125	0.955336	3.5969
452.29	0.955337	3.59691
452.456	0.955339	3.59691
452.621	0.95534	3.59692
452.787	0.955342	3.59692
452.953	0.955343	3.59693
453.118	0.955345	3.59694
453.284	0.955346	3.59694
453.45	0.955348	3.59695
453.615	0.955349	3.59695
453.781	0.955351	3.59696
453.946	0.955352	3.59697
454.112	0.955353	3.59697
454.278	0.955355	3.59698
454.443	0.955356	3.59699
454.609	0.955358	3.59699
454.774	0.955359	3.597
454.94	0.955361	3.597
455.106	0.955362	3.59701
455.271	0.955364	3.59702
455.437	0.955365	3.59702
455.603	0.955367	3.59703
455.768	0.955368	3.59703
455.934	0.95537	3.59704
456.099	0.955371	3.59705
456.265	0.955372	3.59705
456.431	0.955374	3.59706
456.596	0.955375	3.59707
456.762	0.955377	3.59707
456.927	0.955378	3.59708
457.093	0.95538	3.59708
457.259	0.955381	3.59709
457.424	0.955383	3.5971
457.59	0.955384	3.5971
457.755	0.955386	3.59711
457.921	0.955387	3.59711
458.087	0.955388	3.59712
458.252	0.95539	3.59713
458.418	0.955391	3.59713
458.584	0.955393	3.59714
458.749	0.955394	3.59715
458.915	0.955396	3.59715
459.08	0.955397	3.59716
459.246	0.955399	3.59716
459.412	0.9554	3.59717
459.577	0.955402	3.59718
459.743	0.955403	3.59718
459.908	0.955405	3.59719
460.074	0.955406	3.59719
460.24	0.955407	3.5972
460.405	0.955409	3.59721
460.571	0.95541	3.59721
460.737	0.955412	3.59722
460.902	0.955413	3.59723
461.068	0.955415	3.59723
461.233	0.955416	3.59724
461.399	0.955418	3.59724
461.565	0.955419	3.59725
461.73	0.955421	3.59726
461.896	0.955422	3.59726
462.061	0.955423	3.59727
462.227	0.955425	3.59727
462.393	0.955426	3.59728
462.558	0.955428	3.59729
462.724	0.955429	3.59729
462.889	0.955431	3.5973
463.055	0.955432	3.59731
463.221	0.955434	3.59731
463.386	0.955435	3.59732
463.552	0.955437	3.59732
463.718	0.955438	3.59733
463.883	0.955439	3.59734
464.049	0.955441	3.59734
464.214	0.955442	3.59735
464.38	0.955444	3.59735
464.546	0.955445	3.59736
464.711	0.955447	3.59737
464.877	0.955448	3.59737
465.042	0.95545	3.59738
465.208	0.955451	3.59739
465.374	0.955453	3.59739
465.539	0.955454	3.5974
465.705	0.955455	3.5974
465.87	0.955457	3.59741
466.036	0.955458	3.59742
466.202	0.95546	3.59742
466.367	0.955461	3.59743
466.533	0.955463	3.59743
466.699	0.955464	3.59744
466.864	0.955466	3.59745
467.03	0.955467	3.59745
467.195	0.955469	3.59746
467.361	0.95547	3.59747
467.527	0.955471	3.59747
467.692	0.955473	3.59748
467.858	0.955474	3.59748
468.023	0.955476	3.59749
468.189	0.955477	3.5975
468.355	0.955479	3.5975
468.52	0.95548	3.59751
468.686	0.955482	3.59751
468.852	0.955483	3.59752
469.017	0.955485	3.59753
469.183	0.955486	3.59753
469.348	0.955488	3.59754
469.514	0.955489	3.59755
469.68	0.95549	3.59755
469.845	0.955492	3.59756
470.011	0.955493	3.59756
470.176	0.955495	3.59757
470.342	0.955496	3.59758
470.508	0.955498	3.59758
470.673	0.955499	3.59759
470.839	0.955501	3.59759
471.004	0.955502	3.5976
471.17	0.955504	3.59761
471.336	0.955505	3.59761
471.501	0.955506	3.59762
471.667	0.955508	3.59763
471.833	0.955509	3.59763
471.998	0.955511	3.59764
472.164	0.955512	3.59764
472.329	0.955514	3.59765
472.495	0.955515	3.59766
472.661	0.955517	3.59766
472.826	0.955518	3.59767
472.992	0.955519	3.59767
473.157	0.955521	3.59768
473.323	0.955522	3.59769
473.489	0.955524	3.59769
473.654	0.955525	3.5977
473.82	0.955527	3.59771
473.986	0.955528	3.59771
474.151	0.95553	3.59772
474.317	0.955531	3.59772
474.482	0.955533	3.59773
474.648	0.955534	3.59774
474.814	0.955535	3.59774
474.979	0.955537	3.59775
475.145	0.955538	3.59775
475.31	0.95554	3.59776
475.476	0.955541	3.59777
475.642	0.955543	3.59777
475.807	0.955544	3.59778
475.973	0.955546	3.59779
476.138	0.955547	3.59779
476.304	0.955549	3.5978
476.47	0.95555	3.5978
476.635	0.955551	3.59781
476.801	0.955553	3.59782
476.967	0.955554	3.59782
477.132	0.955556	3.59783
477.298	0.955557	3.59783
477.463	0.955559	3.59784
477.629	0.95556	3.59785
477.795	0.955562	3.59785
477.96	0.955563	3.59786
478.126	0.955565	3.59787
478.291	0.955566	3.59787
478.457	0.955567	3.59788
478.623	0.955569	3.59788
478.788	0.95557	3.59789
478.954	0.955572	3.5979
479.12	0.955573	3.5979
479.285	0.955575	3.59791
479.451	0.955576	3.59791
479.616	0.955578	3.59792
479.782	0.955579	3.59793
479.948	0.955581	3.59793
480.113	0.955582	3.59794
480.279	0.955583	3.59795
480.444	0.955585	3.59795
480.61	0.955586	3.59796
480.776	0.955588	3.59796
480.941	0.955589	3.59797
481.107	0.955591	3.59798
481.272	0.955592	3.59798
481.438	0.955594	3.59799
481.604	0.955595	3.59799
481.769	0.955596	3.598
481.935	0.955598	3.59801
482.101	0.955599	3.59801
482.266	0.955601	3.59802
482.432	0.955602	3.59803
482.597	0.955604	3.59803
482.763	0.955605	3.59804
482.929	0.955607	3.59804
483.094	0.955608	3.59805
483.26	0.95561	3.59806
483.425	0.955611	3.59806
483.591	0.955612	3.59807
483.757	0.955614	3.59807
483.922	0.955615	3.59808
484.088	0.955617	3.59809
484.254	0.955618	3.59809
484.419	0.95562	3.5981
484.585	0.955621	3.5981
484.75	0.955623	3.59811
484.916	0.955624	3.59812
485.082	0.955625	3.59812
485.247	0.955627	3.59813
485.413	0.955628	3.59814
485.578	0.95563	3.59814
485.744	0.955631	3.59815
485.91	0.955633	3.59815
486.075	0.955634	3.59816
486.241	0.955636	3.59817
486.406	0.955637	3.59817
486.572	0.955639	3.59818
486.738	0.95564	3.59818
486.903	0.955641	3.59819
487.069	0.955643	3.5982
487.235	0.955644	3.5982
487.4	0.955646	3.59821
487.566	0.955647	3.59822
487.731	0.955649	3.59822
487.897	0.95565	3.59823
488.063	0.955652	3.59823
488.228	0.955653	3.59824
488.394	0.955654	3.59825
488.559	0.955656	3.59825
488.725	0.955657	3.59826
488.891	0.955659	3.59826
489.056	0.95566	3.59827
489.222	0.955662	3.59828
489.388	0.955663	3.59828
489.553	0.955665	3.59829
489.719	0.955666	3.5983
489.884	0.955668	3.5983
490.05	0.955669	3.59831
490.216	0.95567	3.59831
490.381	0.955672	3.59832
490.547	0.955673	3.59833
490.712	0.955675	3.59833
490.878	0.955676	3.59834
491.044	0.955678	3.59834
491.209	0.955679	3.59835
491.375	0.955681	3.59836
491.54	0.955682	3.59836
491.706	0.955683	3.59837
491.872	0.955685	3.59838
492.037	0.955686	3.59838
492.203	0.955688	3.59839
492.369	0.955689	3.59839
492.534	0.955691	3.5984
492.7	0.955692	3.59841
492.865	0.955694	3.59841
493.031	0.955695	3.59842
493.197	0.955696	3.59842
493.362	0.955698	3.59843
493.528	0.955699	3.59844
493.693	0.955701	3.59844
493.859	0.955702	3.59845
494.025	0.955704	3.59846
494.19	0.955705	3.59846
494.356	0.955707	3.59847
494.522	0.955708	3.59847
494.687	0.95571	3.59848
494.853	0.955711	3.59849
495.018	0.955712	3.59849
495.184	0.955714	3.5985
495.35	0.955715	3.5985
495.515	0.955717	3.59851
495.681	0.955718	3.59852
495.846	0.95572	3.59852
496.012	0.955721	3.59853
496.178	0.955723	3.59853
496.343	0.955724	3.59854
496.509	0.955725	3.59855
496.674	0.955727	3.59855
496.84	0.955728	3.59856
497.006	0.95573	3.59857
497.171	0.955731	3.59857
497.337	0.955733	3.59858
497.503	0.955734	3.59858
497.668	0.955736	3.59859
497.834	0.955737	3.5986
497.999	0.955738	3.5986
498.165	0.95574	3.59861
498.331	0.955741	3.59861
498.496	0.955743	3.59862
498.662	0.955744	3.59863
498.827	0.955746	3.59863
498.993	0.955747	3.59864
499.159	0.955749	3.59865
499.324	0.95575	3.59865
499.49	0.955751	3.59866
499.656	0.955753	3.59866
499.821	0.955754	3.59867
499.987	0.955756	3.59868
