0	1.00149	3.55791
0	1.00149	3.55791
0.662451	1.00423	3.56269
1.3249	1.00822	3.56994
1.99398	1.00931	3.57229
2.65643	1.00799	3.57067
3.31888	1.00667	3.56937
3.98133	1.0064	3.57016
4.63716	1.00669	3.57221
5.29961	1.00663	3.57385
5.96206	1.00597	3.57462
6.62451	1.00505	3.57515
7.28696	1.00417	3.5759
7.94941	1.00338	3.577
8.61187	1.00252	3.57813
9.27432	1.00151	3.57914
9.93677	1.00038	3.58006
10.5992	0.999183	3.58097
11.2617	0.997963	3.58195
11.9241	0.996707	3.58296
12.5866	0.995401	3.58397
13.249	0.994045	3.58496
13.9115	0.99265	3.58594
14.5739	0.991231	3.58693
15.2364	0.989793	3.58793
15.8988	0.988336	3.58893
16.5613	0.986862	3.58994
17.2237	0.985375	3.59094
17.8862	0.98388	3.59195
18.5486	0.982381	3.59296
19.2111	0.980881	3.59397
19.8735	0.979381	3.59499
20.536	0.977885	3.596
21.1984	0.976395	3.59702
21.8609	0.974913	3.59804
22.5233	0.973442	3.59907
23.1858	0.971982	3.60009
23.8482	0.970537	3.60112
24.5107	0.969107	3.60215
25.1731	0.967694	3.60318
25.8356	0.966299	3.60421
26.498	0.964924	3.60525
27.1605	0.963569	3.60628
27.823	0.962235	3.60732
28.4854	0.960923	3.60836
29.1479	0.959635	3.6094
29.8103	0.95837	3.61044
30.4728	0.957129	3.61149
31.1352	0.955913	3.61254
31.7977	0.954721	3.61358
32.4601	0.953556	3.61463
33.1226	0.952416	3.61568
33.785	0.951301	3.61673
34.4475	0.950213	3.61779
35.1099	0.949151	3.61884
35.779	0.948105	3.61991
36.4414	0.947096	3.62097
37.1039	0.946113	3.62202
37.7663	0.945156	3.62308
38.4288	0.944225	3.62414
39.0912	0.94332	3.62521
39.7537	0.942441	3.62627
40.4162	0.941587	3.62734
41.0786	0.940759	3.6284
41.7411	0.939956	3.62947
42.4035	0.939178	3.63054
43.066	0.938425	3.63161
43.7284	0.937696	3.63268
44.3909	0.936991	3.63375
45.0533	0.93631	3.63482
45.7158	0.935652	3.6359
46.3782	0.935017	3.63697
47.0407	0.934406	3.63805
47.7031	0.933816	3.63913
48.3656	0.933249	3.6402
49.028	0.932704	3.64128
49.6905	0.93218	3.64236
50.3529	0.931677	3.64344
51.0154	0.931194	3.64453
51.6778	0.930732	3.64561
52.3403	0.93029	3.64669
53.0027	0.929867	3.64778
53.6652	0.929464	3.64887
54.3276	0.929079	3.64995
54.9901	0.928713	3.65104
55.6525	0.928365	3.65213
56.315	0.928034	3.65322
56.9774	0.927721	3.65431
57.6399	0.927425	3.6554
58.3023	0.927145	3.6565
58.9648	0.926882	3.65759
59.6272	0.926635	3.65868
60.2897	0.926403	3.65978
60.9521	0.926187	3.66087
61.6146	0.925985	3.66197
62.277	0.925798	3.66307
62.9395	0.925625	3.66417
63.6019	0.925467	3.66527
64.2644	0.925321	3.66637
64.9268	0.92519	3.66747
65.5893	0.925071	3.66857
66.2517	0.924964	3.66967
66.9142	0.924871	3.67078
67.5767	0.924789	3.67188
68.2391	0.924719	3.67299
68.9016	0.924661	3.67409
69.564	0.924613	3.6752
70.2265	0.924577	3.67631
70.8889	0.924552	3.67742
71.5514	0.924537	3.67853
72.2138	0.924532	3.67964
72.8763	0.924537	3.68075
73.5387	0.924552	3.68186
74.2012	0.924576	3.68297
74.8636	0.92461	3.68409
75.5261	0.924652	3.6852
76.1885	0.924704	3.68631
76.851	0.924764	3.68743
77.5134	0.924832	3.68855
78.1759	0.924908	3.68966
78.8383	0.924992	3.69078
79.5008	0.925084	3.6919
80.1632	0.925184	3.69302
80.8257	0.925291	3.69414
81.4881	0.925405	3.69526
82.1506	0.925525	3.69638
82.813	0.925653	3.6975
83.4755	0.925787	3.69863
84.1379	0.925928	3.69975
84.8004	0.926075	3.70087
85.4628	0.926228	3.702
86.1253	0.926387	3.70313
86.7877	0.926552	3.70425
87.4502	0.926722	3.70538
88.1126	0.926898	3.70651
88.7751	0.927079	3.70764
89.4375	0.927266	3.70877
90.1	0.927457	3.7099
90.7624	0.927654	3.71103
91.4249	0.927855	3.71216
92.0873	0.928061	3.71329
92.7498	0.928271	3.71442
93.4123	0.928486	3.71556
94.0747	0.928705	3.71669
94.7372	0.928928	3.71783
95.3996	0.929156	3.71896
96.0621	0.929387	3.7201
96.7245	0.929622	3.72124
97.387	0.929861	3.72238
98.0494	0.930104	3.72351
98.7119	0.93035	3.72465
99.3743	0.930599	3.72579
100.037	0.930852	3.72693
100.699	0.931109	3.72808
101.362	0.931368	3.72922
102.024	0.93163	3.73036
102.687	0.931896	3.7315
103.349	0.932164	3.73265
104.011	0.932436	3.73379
104.674	0.93271	3.73494
105.336	0.932986	3.73609
105.999	0.933266	3.73723
106.661	0.933548	3.73838
107.324	0.933832	3.73953
107.986	0.934119	3.74068
108.649	0.934408	3.74183
109.311	0.934699	3.74298
109.974	0.934993	3.74413
110.636	0.935289	3.74528
111.298	0.935587	3.74643
111.961	0.935886	3.74759
112.623	0.936188	3.74874
113.286	0.936492	3.7499
113.948	0.936798	3.75105
114.611	0.937105	3.75221
115.273	0.937414	3.75337
115.936	0.937725	3.75452
116.598	0.938038	3.75568
117.26	0.938352	3.75684
117.923	0.938668	3.758
118.585	0.938985	3.75916
119.248	0.939304	3.76032
119.91	0.939624	3.76148
120.573	0.939946	3.76264
121.235	0.940268	3.76381
121.898	0.940593	3.76497
122.56	0.940918	3.76614
123.223	0.941245	3.7673
123.885	0.941573	3.76847
124.547	0.941902	3.76963
125.21	0.942232	3.7708
125.872	0.942564	3.77197
126.535	0.942896	3.77314
127.197	0.94323	3.77431
127.86	0.943564	3.77548
128.522	0.9439	3.77665
129.185	0.944236	3.77782
129.847	0.944574	3.77899
130.51	0.944912	3.78016
131.172	0.945251	3.78134
131.834	0.945591	3.78251
132.497	0.945932	3.78369
133.159	0.946273	3.78486
133.822	0.946615	3.78604
134.484	0.946958	3.78721
135.147	0.947302	3.78839
135.809	0.947647	3.78957
136.472	0.947992	3.79075
137.134	0.948338	3.79193
137.796	0.948684	3.79311
138.459	0.949031	3.79429
139.121	0.949379	3.79547
139.784	0.949727	3.79666
140.446	0.950076	3.79784
141.109	0.950425	3.79902
141.771	0.950775	3.80021
142.434	0.951125	3.80139
143.096	0.951476	3.80258
143.759	0.951827	3.80377
144.421	0.952179	3.80495
145.083	0.952531	3.80614
145.746	0.952884	3.80733
146.408	0.953236	3.80852
147.071	0.95359	3.80971
147.733	0.953944	3.8109
148.396	0.954298	3.81209
149.058	0.954652	3.81329
149.721	0.955007	3.81448
150.383	0.955362	3.81567
151.046	0.955718	3.81687
151.708	0.956073	3.81806
152.37	0.956429	3.81926
153.033	0.956786	3.82046
153.695	0.957142	3.82165
154.358	0.957499	3.82285
155.014	0.957853	3.82404
155.676	0.95821	3.82524
156.338	0.958568	3.82644
157.001	0.958926	3.82764
157.663	0.959284	3.82884
158.326	0.959642	3.83004
158.988	0.96	3.83125
159.651	0.960359	3.83245
160.313	0.960718	3.83366
160.976	0.961077	3.83486
161.638	0.961436	3.83607
162.301	0.961795	3.83728
162.963	0.962154	3.83848
163.625	0.962514	3.83969
164.288	0.962874	3.8409
164.95	0.963233	3.84211
165.613	0.963593	3.84332
166.275	0.963953	3.84453
166.938	0.964313	3.84574
167.6	0.964674	3.84696
168.263	0.965034	3.84817
168.925	0.965394	3.84939
169.588	0.965755	3.8506
170.25	0.966115	3.85182
170.912	0.966476	3.85303
171.575	0.966837	3.85425
172.237	0.967197	3.85547
172.9	0.967558	3.85669
173.562	0.967919	3.85791
174.225	0.96828	3.85913
174.887	0.968641	3.86035
175.55	0.969002	3.86157
176.212	0.969363	3.86279
176.874	0.969724	3.86402
177.537	0.970085	3.86524
178.199	0.970446	3.86646
178.862	0.970807	3.86769
179.524	0.971168	3.86892
180.187	0.971529	3.87014
180.849	0.97189	3.87137
181.512	0.972251	3.8726
182.174	0.972612	3.87383
182.837	0.972973	3.87506
183.499	0.973334	3.87629
184.161	0.973695	3.87752
184.824	0.974055	3.87875
185.486	0.974416	3.87999
186.149	0.974777	3.88122
186.811	0.975138	3.88245
187.474	0.975499	3.88369
188.136	0.97586	3.88493
188.799	0.97622	3.88616
189.461	0.976581	3.8874
190.124	0.976941	3.88864
190.786	0.977302	3.88988
191.448	0.977663	3.89112
192.111	0.978023	3.89236
192.773	0.978383	3.8936
193.436	0.978744	3.89484
194.098	0.979104	3.89609
194.761	0.979464	3.89733
195.423	0.979824	3.89857
196.086	0.980184	3.89982
196.748	0.980544	3.90107
197.41	0.980904	3.90231
198.073	0.981264	3.90356
198.735	0.981623	3.90481
199.398	0.981983	3.90606
200.06	0.982343	3.90731
200.723	0.982702	3.90856
201.385	0.983061	3.90981
202.048	0.983421	3.91106
202.71	0.98378	3.91232
203.373	0.984139	3.91357
204.035	0.984498	3.91483
204.697	0.984857	3.91608
205.36	0.985215	3.91734
206.022	0.985574	3.9186
206.685	0.985933	3.91985
207.347	0.986291	3.92111
208.01	0.986649	3.92237
208.672	0.987008	3.92363
209.335	0.987366	3.92489
209.997	0.987724	3.92616
210.659	0.988082	3.92742
211.322	0.988439	3.92868
211.984	0.988797	3.92995
212.647	0.989155	3.93121
213.309	0.989512	3.93248
213.972	0.989869	3.93375
214.634	0.990226	3.93501
215.297	0.990583	3.93628
215.959	0.99094	3.93755
216.622	0.991297	3.93882
217.284	0.991654	3.94009
217.946	0.99201	3.94137
218.609	0.992367	3.94264
219.271	0.992723	3.94391
219.934	0.993079	3.94519
220.596	0.993435	3.94646
221.259	0.993791	3.94774
221.921	0.994146	3.94901
222.584	0.994502	3.95029
223.246	0.994857	3.95157
223.909	0.995213	3.95285
224.571	0.995568	3.95413
225.233	0.995923	3.95541
225.896	0.996278	3.95669
226.558	0.996632	3.95798
227.221	0.996987	3.95926
227.883	0.997341	3.96054
228.546	0.997695	3.96183
229.208	0.998049	3.96311
229.871	0.998403	3.9644
230.533	0.998757	3.96569
231.195	0.999111	3.96698
231.858	0.999464	3.96827
232.52	0.999817	3.96956
233.183	1.00017	3.97085
233.845	1.00052	3.97214
234.508	1.00088	3.97343
235.17	1.00123	3.97473
235.833	1.00158	3.97602
236.495	1.00193	3.97732
237.158	1.00229	3.97861
237.82	1.00264	3.97991
238.482	1.00299	3.98121
239.145	1.00334	3.98251
239.807	1.00369	3.98381
240.47	1.00404	3.98511
241.132	1.0044	3.98641
241.795	1.00475	3.98771
242.457	1.0051	3.98901
243.12	1.00545	3.99032
243.782	1.0058	3.99162
244.445	1.00615	3.99293
245.107	1.0065	3.99424
245.769	1.00685	3.99554
246.432	1.0072	3.99685
247.094	1.00755	3.99816
247.757	1.0079	3.99947
248.419	1.00825	4.00078
249.082	1.0086	4.00209
249.744	1.00894	4.00341
250.407	1.00929	4.00472
251.069	1.00964	4.00604
251.731	1.00999	4.00735
252.394	1.01034	4.00867
253.056	1.01069	4.00998
253.719	1.01103	4.0113
254.381	1.01138	4.01262
255.044	1.01173	4.01394
255.706	1.01208	4.01526
256.369	1.01242	4.01658
257.031	1.01277	4.01791
257.694	1.01312	4.01923
258.356	1.01346	4.02056
259.018	1.01381	4.02188
259.681	1.01415	4.02321
260.343	1.0145	4.02453
261.006	1.01485	4.02586
261.668	1.01519	4.02719
262.331	1.01554	4.02852
262.993	1.01588	4.02985
263.656	1.01623	4.03118
264.318	1.01657	4.03252
264.98	1.01692	4.03385
265.643	1.01726	4.03518
266.305	1.0176	4.03652
266.968	1.01795	4.03786
267.63	1.01829	4.03919
268.293	1.01863	4.04053
268.955	1.01898	4.04187
269.618	1.01932	4.04321
270.28	1.01966	4.04455
270.943	1.02001	4.0459
271.605	1.02035	4.04724
272.267	1.02069	4.04858
272.93	1.02103	4.04993
273.592	1.02137	4.05127
274.255	1.02172	4.05262
274.917	1.02206	4.05397
275.58	1.0224	4.05532
276.242	1.02274	4.05667
276.905	1.02308	4.05802
277.567	1.02342	4.05937
278.23	1.02376	4.06072
278.892	1.0241	4.06207
279.554	1.02444	4.06343
280.217	1.02478	4.06478
280.879	1.02512	4.06614
281.542	1.02546	4.0675
282.204	1.0258	4.06885
282.867	1.02614	4.07021
283.529	1.02647	4.07157
284.192	1.02681	4.07293
284.854	1.02715	4.0743
285.516	1.02749	4.07566
286.179	1.02783	4.07702
286.841	1.02816	4.07839
287.504	1.0285	4.07975
288.166	1.02884	4.08112
288.829	1.02917	4.08249
289.491	1.02951	4.08386
290.154	1.02985	4.08523
290.816	1.03018	4.0866
291.479	1.03052	4.08797
292.141	1.03086	4.08934
292.803	1.03119	4.09072
293.466	1.03153	4.09209
294.128	1.03186	4.09347
294.791	1.0322	4.09485
295.453	1.03253	4.09622
296.116	1.03286	4.0976
296.778	1.0332	4.09898
297.441	1.03353	4.10036
298.103	1.03386	4.10174
298.766	1.0342	4.10313
299.428	1.03453	4.10451
300.09	1.03486	4.1059
300.753	1.0352	4.10728
301.415	1.03553	4.10867
302.078	1.03586	4.11006
302.74	1.03619	4.11145
303.403	1.03652	4.11284
304.065	1.03686	4.11423
304.728	1.03719	4.11562
305.39	1.03752	4.11701
306.052	1.03785	4.11841
306.715	1.03818	4.1198
307.377	1.03851	4.1212
308.04	1.03884	4.12259
308.702	1.03917	4.12399
309.365	1.0395	4.12539
310.027	1.03983	4.12679
310.69	1.04016	4.12819
311.352	1.04048	4.1296
312.015	1.04081	4.131
312.677	1.04114	4.1324
313.339	1.04147	4.13381
314.002	1.0418	4.13522
314.664	1.04212	4.13662
315.327	1.04245	4.13803
315.989	1.04278	4.13944
316.652	1.0431	4.14085
317.314	1.04343	4.14226
317.977	1.04376	4.14368
318.639	1.04408	4.14509
319.302	1.04441	4.14651
319.964	1.04473	4.14792
320.633	1.04506	4.14935
321.295	1.04539	4.15077
321.958	1.04571	4.15219
322.62	1.04603	4.15361
323.283	1.04636	4.15503
323.945	1.04668	4.15646
324.608	1.04701	4.15788
325.27	1.04733	4.1593
325.933	1.04765	4.16073
326.595	1.04797	4.16216
327.258	1.0483	4.16359
327.92	1.04862	4.16501
328.582	1.04894	4.16644
329.245	1.04926	4.16788
329.907	1.04958	4.16931
330.57	1.04991	4.17074
331.232	1.05023	4.17218
331.895	1.05055	4.17361
332.557	1.05087	4.17505
333.22	1.05119	4.17649
333.882	1.05151	4.17793
334.545	1.05183	4.17937
335.207	1.05215	4.18081
335.869	1.05246	4.18225
336.532	1.05278	4.18369
337.194	1.0531	4.18514
337.857	1.05342	4.18658
338.519	1.05374	4.18803
339.182	1.05405	4.18948
339.844	1.05437	4.19093
340.507	1.05469	4.19238
341.169	1.05501	4.19383
341.831	1.05532	4.19528
342.494	1.05564	4.19674
343.156	1.05595	4.19819
343.819	1.05627	4.19965
344.481	1.05658	4.2011
345.144	1.0569	4.20256
345.806	1.05721	4.20402
346.469	1.05753	4.20548
347.131	1.05784	4.20695
347.794	1.05816	4.20841
348.456	1.05847	4.20987
349.118	1.05878	4.21134
349.781	1.0591	4.2128
350.443	1.05941	4.21427
351.106	1.05972	4.21574
351.768	1.06003	4.21721
352.431	1.06035	4.21868
353.093	1.06066	4.22015
353.756	1.06097	4.22163
354.418	1.06128	4.2231
355.08	1.06159	4.22458
355.743	1.0619	4.22605
356.405	1.06221	4.22753
357.068	1.06252	4.22901
357.73	1.06283	4.23049
358.393	1.06314	4.23197
359.055	1.06345	4.23346
359.718	1.06376	4.23494
360.38	1.06407	4.23643
361.043	1.06437	4.23791
361.705	1.06468	4.2394
362.367	1.06499	4.24089
363.03	1.0653	4.24238
363.692	1.0656	4.24387
364.355	1.06591	4.24537
365.017	1.06622	4.24686
365.68	1.06652	4.24835
366.342	1.06683	4.24985
367.005	1.06713	4.25135
367.667	1.06744	4.25285
368.33	1.06774	4.25435
368.992	1.06805	4.25585
369.654	1.06835	4.25735
370.317	1.06865	4.25885
370.979	1.06896	4.26036
371.642	1.06926	4.26187
372.304	1.06956	4.26337
372.967	1.06987	4.26488
373.629	1.07017	4.26639
374.292	1.07047	4.2679
374.954	1.07077	4.26942
375.616	1.07107	4.27093
376.279	1.07138	4.27244
376.941	1.07168	4.27396
377.604	1.07198	4.27548
378.266	1.07228	4.277
378.929	1.07258	4.27852
379.591	1.07288	4.28004
380.254	1.07318	4.28156
380.916	1.07347	4.28309
381.579	1.07377	4.28461
382.241	1.07407	4.28614
382.903	1.07437	4.28767
383.566	1.07467	4.28919
384.228	1.07496	4.29072
384.891	1.07526	4.29226
385.553	1.07556	4.29379
386.216	1.07585	4.29532
386.878	1.07615	4.29686
387.541	1.07645	4.2984
388.203	1.07674	4.29993
388.866	1.07704	4.30147
389.528	1.07733	4.30301
390.19	1.07762	4.30456
390.853	1.07792	4.3061
391.515	1.07821	4.30764
392.178	1.07851	4.30919
392.84	1.0788	4.31074
393.503	1.07909	4.31229
394.165	1.07938	4.31384
394.828	1.07968	4.31539
395.49	1.07997	4.31694
396.152	1.08026	4.3185
396.815	1.08055	4.32005
397.477	1.08084	4.32161
398.14	1.08113	4.32317
398.802	1.08142	4.32473
399.465	1.08171	4.32629
400.127	1.082	4.32785
400.79	1.08229	4.32941
401.452	1.08258	4.33098
402.115	1.08287	4.33254
402.777	1.08316	4.33411
403.439	1.08344	4.33568
404.102	1.08373	4.33725
404.764	1.08402	4.33882
405.427	1.08431	4.3404
406.089	1.08459	4.34197
406.752	1.08488	4.34355
407.414	1.08516	4.34512
408.077	1.08545	4.3467
408.739	1.08573	4.34828
409.401	1.08602	4.34986
410.064	1.0863	4.35145
410.726	1.08659	4.35303
411.389	1.08687	4.35462
412.051	1.08715	4.3562
412.714	1.08744	4.35779
413.376	1.08772	4.35938
414.039	1.088	4.36097
414.701	1.08829	4.36257
415.364	1.08857	4.36416
416.026	1.08885	4.36576
416.688	1.08913	4.36735
417.351	1.08941	4.36895
418.013	1.08969	4.37055
418.676	1.08997	4.37215
419.338	1.09025	4.37376
420.001	1.09053	4.37536
420.663	1.09081	4.37697
421.326	1.09109	4.37857
421.988	1.09136	4.38018
422.651	1.09164	4.38179
423.313	1.09192	4.3834
423.975	1.0922	4.38502
424.638	1.09247	4.38663
425.3	1.09275	4.38825
425.963	1.09303	4.38986
426.625	1.0933	4.39148
427.288	1.09358	4.3931
427.95	1.09385	4.39473
428.613	1.09413	4.39635
429.275	1.0944	4.39797
429.937	1.09468	4.3996
430.6	1.09495	4.40123
431.262	1.09522	4.40286
431.925	1.0955	4.40449
432.587	1.09577	4.40612
433.25	1.09604	4.40776
433.912	1.09631	4.40939
434.575	1.09658	4.41103
435.237	1.09686	4.41267
435.9	1.09713	4.41431
436.562	1.0974	4.41595
437.224	1.09767	4.41759
437.887	1.09794	4.41923
438.549	1.09821	4.42088
439.212	1.09848	4.42253
439.874	1.09874	4.42418
440.537	1.09901	4.42583
441.199	1.09928	4.42748
441.862	1.09955	4.42913
442.524	1.09982	4.43079
443.187	1.10008	4.43245
443.849	1.10035	4.43411
444.511	1.10061	4.43577
445.174	1.10088	4.43743
445.836	1.10115	4.43909
446.499	1.10141	4.44075
447.161	1.10168	4.44242
447.824	1.10194	4.44409
448.486	1.1022	4.44576
449.149	1.10247	4.44743
449.811	1.10273	4.4491
450.473	1.10299	4.45078
451.136	1.10326	4.45245
451.798	1.10352	4.45413
452.461	1.10378	4.45581
453.123	1.10404	4.45749
453.786	1.1043	4.45917
454.448	1.10456	4.46086
455.111	1.10482	4.46254
455.773	1.10508	4.46423
456.436	1.10534	4.46592
457.098	1.1056	4.46761
457.76	1.10586	4.4693
458.423	1.10612	4.47099
459.085	1.10638	4.47269
459.748	1.10663	4.47439
460.41	1.10689	4.47608
461.073	1.10715	4.47778
461.735	1.1074	4.47949
462.398	1.10766	4.48119
463.06	1.10792	4.4829
463.722	1.10817	4.4846
464.385	1.10843	4.48631
465.047	1.10868	4.48802
465.71	1.10893	4.48973
466.372	1.10919	4.49145
467.035	1.10944	4.49316
467.697	1.10969	4.49488
468.36	1.10995	4.4966
469.022	1.1102	4.49832
469.685	1.11045	4.50004
470.347	1.1107	4.50176
471.009	1.11095	4.50349
471.672	1.11121	4.50522
472.334	1.11146	4.50695
472.997	1.11171	4.50868
473.659	1.11195	4.51041
474.322	1.1122	4.51214
474.984	1.11245	4.51388
475.647	1.1127	4.51562
476.309	1.11295	4.51735
476.972	1.1132	4.5191
477.634	1.11344	4.52084
478.296	1.11369	4.52258
478.959	1.11394	4.52433
479.621	1.11418	4.52608
480.284	1.11443	4.52783
480.946	1.11468	4.52958
481.609	1.11492	4.53133
482.271	1.11516	4.53309
482.934	1.11541	4.53484
483.596	1.11565	4.5366
484.258	1.1159	4.53836
484.921	1.11614	4.54013
485.583	1.11638	4.54189
486.246	1.11662	4.54366
486.908	1.11687	4.54542
487.571	1.11711	4.54719
488.233	1.11735	4.54896
488.896	1.11759	4.55074
489.558	1.11783	4.55251
490.221	1.11807	4.55429
490.883	1.11831	4.55607
491.545	1.11855	4.55785
492.208	1.11879	4.55963
492.87	1.11902	4.56141
493.533	1.11926	4.5632
494.195	1.1195	4.56499
494.858	1.11974	4.56678
495.52	1.11997	4.56857
496.183	1.12021	4.57036
496.845	1.12045	4.57216
497.508	1.12068	4.57395
498.17	1.12092	4.57575
498.832	1.12115	4.57755
499.495	1.12139	4.57936
