0	1.00149	3.55791
0	1.00149	3.55791
0.236554	1.00192	3.55864
0.470766	1.00301	3.56054
0.702636	1.00445	3.56308
0.936848	1.00596	3.5658
1.17106	1.00727	3.5682
1.40761	1.00822	3.56997
1.64183	1.00871	3.57098
1.87604	1.00876	3.57123
2.11025	1.00845	3.57087
2.34212	1.00791	3.57014
2.57633	1.00725	3.56926
2.81054	1.0066	3.56844
3.04475	1.00605	3.56781
3.27897	1.00563	3.56747
3.51318	1.00536	3.56742
3.74739	1.00523	3.56765
3.9816	1.00521	3.56808
4.21581	1.00525	3.56867
4.45003	1.0053	3.56933
4.68424	1.00532	3.56994
4.91845	1.00526	3.57044
5.155	1.0051	3.5708
5.38922	1.00487	3.57103
5.62343	1.00455	3.57115
5.85764	1.00419	3.57122
6.09185	1.00381	3.57127
6.32606	1.00341	3.57132
6.56027	1.00301	3.57139
6.79449	1.00262	3.5715
7.0287	1.00225	3.57166
7.26291	1.00189	3.57188
7.49712	1.00155	3.57214
7.73133	1.00122	3.57243
7.96555	1.00087	3.57273
8.19976	1.00052	3.57303
8.43397	1.00014	3.57331
8.66818	0.999743	3.57356
8.90239	0.999325	3.57379
9.13661	0.998889	3.57402
9.37082	0.998439	3.57423
9.60503	0.997978	3.57444
9.83924	0.997507	3.57465
10.0735	0.997031	3.57485
10.3077	0.996551	3.57507
10.5419	0.996071	3.57529
10.7761	0.99559	3.57553
11.0103	0.995108	3.57577
11.2445	0.994623	3.57603
11.4787	0.994134	3.57628
11.7129	0.99364	3.57653
11.9471	0.99314	3.57678
12.1814	0.992635	3.57703
12.4156	0.992125	3.57728
12.6498	0.99161	3.57753
12.884	0.99109	3.57777
13.1182	0.990567	3.57801
13.3524	0.990042	3.57826
13.5866	0.989514	3.5785
13.8208	0.988986	3.57874
14.0551	0.988457	3.57899
14.2893	0.987928	3.57924
14.5235	0.987398	3.57949
14.7577	0.986868	3.57975
14.9919	0.986338	3.58
15.2261	0.985808	3.58025
15.4603	0.985278	3.58051
15.6945	0.984748	3.58076
15.9288	0.984219	3.58102
16.163	0.983689	3.58127
16.3972	0.983161	3.58153
16.6314	0.982634	3.58178
16.8656	0.982107	3.58203
17.0998	0.981583	3.58229
17.334	0.981061	3.58255
17.5682	0.98054	3.5828
17.8024	0.980022	3.58306
18.0367	0.979507	3.58331
18.2685	0.978999	3.58357
18.5027	0.978489	3.58383
18.737	0.977981	3.58409
18.9712	0.977477	3.58434
19.2054	0.976976	3.5846
19.4396	0.976478	3.58486
19.6738	0.975983	3.58512
19.908	0.975492	3.58538
20.1422	0.975005	3.58563
20.3764	0.974521	3.58589
20.6106	0.974041	3.58615
20.8449	0.973566	3.58641
21.0791	0.973094	3.58667
21.3133	0.972627	3.58693
21.5475	0.972164	3.58719
21.7817	0.971705	3.58745
22.0159	0.971251	3.5877
22.2501	0.970802	3.58796
22.4843	0.970357	3.58822
22.7186	0.969917	3.58848
22.9528	0.969481	3.58874
23.187	0.969051	3.589
23.4212	0.968625	3.58926
23.6554	0.968204	3.58952
23.8896	0.967788	3.58977
24.1238	0.967377	3.59003
24.358	0.966971	3.59029
24.5922	0.966571	3.59055
24.8265	0.966175	3.59081
25.0607	0.965785	3.59107
25.2949	0.965399	3.59133
25.5291	0.965019	3.59158
25.7633	0.964644	3.59184
25.9975	0.964275	3.5921
26.2317	0.96391	3.59236
26.4659	0.963551	3.59261
26.7002	0.963197	3.59287
26.9344	0.962848	3.59313
27.1686	0.962505	3.59339
27.4028	0.962166	3.59364
27.637	0.961833	3.5939
27.8712	0.961505	3.59416
28.1054	0.961183	3.59441
28.3396	0.960865	3.59467
28.5739	0.960553	3.59493
28.8081	0.960245	3.59518
29.0423	0.959943	3.59544
29.2765	0.959646	3.5957
29.5107	0.959354	3.59595
29.7449	0.959067	3.59621
29.9791	0.958786	3.59646
30.2133	0.958509	3.59672
30.4475	0.958237	3.59697
30.6818	0.95797	3.59723
30.916	0.957708	3.59748
31.1502	0.957451	3.59774
31.3844	0.957198	3.59799
31.6186	0.95695	3.59825
31.8528	0.956708	3.5985
32.087	0.956469	3.59875
32.3212	0.956236	3.59901
32.5555	0.956007	3.59926
32.7897	0.955783	3.59951
33.0239	0.955563	3.59977
33.2581	0.955347	3.60002
33.4923	0.955136	3.60027
33.7265	0.95493	3.60053
33.9607	0.954728	3.60078
34.1949	0.95453	3.60103
34.4291	0.954336	3.60128
34.6634	0.954147	3.60154
34.8976	0.953962	3.60179
35.1318	0.953781	3.60204
35.366	0.953604	3.60229
35.6002	0.953431	3.60254
35.8344	0.953262	3.60279
36.0686	0.953096	3.60305
36.3028	0.952935	3.6033
36.5371	0.952778	3.60355
36.7713	0.952624	3.6038
37.0055	0.952474	3.60405
37.2397	0.952328	3.6043
37.4739	0.952185	3.60455
37.7081	0.952046	3.6048
37.9423	0.95191	3.60505
38.1765	0.951778	3.6053
38.4107	0.951649	3.60555
38.645	0.951524	3.6058
38.8792	0.951402	3.60605
39.1134	0.951283	3.6063
39.3476	0.951168	3.60655
39.5818	0.951056	3.60679
39.816	0.950946	3.60704
40.0502	0.95084	3.60729
40.2844	0.950737	3.60754
40.5187	0.950637	3.60779
40.7529	0.95054	3.60804
40.9871	0.950446	3.60828
41.2213	0.950355	3.60853
41.4555	0.950266	3.60878
41.6897	0.950181	3.60903
41.9239	0.950098	3.60928
42.1605	0.950016	3.60953
42.3947	0.949939	3.60977
42.6289	0.949864	3.61002
42.8631	0.949791	3.61027
43.0973	0.949721	3.61051
43.3315	0.949654	3.61076
43.5658	0.949588	3.61101
43.8	0.949526	3.61125
44.0342	0.949465	3.6115
44.2684	0.949407	3.61175
44.5026	0.949351	3.61199
44.7368	0.949298	3.61224
44.971	0.949246	3.61248
45.2052	0.949197	3.61273
45.4394	0.94915	3.61298
45.6737	0.949105	3.61322
45.9079	0.949062	3.61347
46.1421	0.949021	3.61371
46.3763	0.948982	3.61396
46.6105	0.948945	3.6142
46.8447	0.948909	3.61445
47.0789	0.948876	3.61469
47.3131	0.948845	3.61494
47.5474	0.948815	3.61518
47.7816	0.948787	3.61543
48.0158	0.948761	3.61567
48.25	0.948736	3.61592
48.4842	0.948713	3.61616
48.7184	0.948692	3.6164
48.9526	0.948672	3.61665
49.1868	0.948654	3.61689
49.421	0.948638	3.61714
49.6553	0.948623	3.61738
49.8895	0.948609	3.61763
50.1237	0.948597	3.61787
50.3579	0.948587	3.61811
50.5921	0.948577	3.61836
50.8263	0.94857	3.6186
51.0605	0.948563	3.61884
51.2947	0.948558	3.61909
51.529	0.948554	3.61933
51.7632	0.948552	3.61957
51.9974	0.94855	3.61982
52.2316	0.94855	3.62006
52.4658	0.948551	3.6203
52.7	0.948554	3.62054
52.9342	0.948557	3.62079
53.1684	0.948562	3.62103
53.4027	0.948567	3.62127
53.6369	0.948574	3.62152
53.8711	0.948582	3.62176
54.1053	0.948591	3.622
54.3395	0.948601	3.62224
54.5737	0.948612	3.62248
54.8079	0.948624	3.62273
55.0421	0.948637	3.62297
55.2763	0.94865	3.62321
55.5106	0.948665	3.62345
55.7448	0.948681	3.62369
55.979	0.948697	3.62394
56.2132	0.948715	3.62418
56.4474	0.948733	3.62442
56.6816	0.948752	3.62466
56.9158	0.948772	3.6249
57.15	0.948793	3.62514
57.3843	0.948814	3.62539
57.6185	0.948837	3.62563
57.8527	0.94886	3.62587
58.0869	0.948884	3.62611
58.3211	0.948908	3.62635
58.5553	0.948933	3.62659
58.7895	0.948959	3.62683
59.0237	0.948986	3.62707
59.2579	0.949013	3.62732
59.4922	0.949041	3.62756
59.7264	0.949069	3.6278
59.9606	0.949099	3.62804
60.1948	0.949128	3.62828
60.429	0.949159	3.62852
60.6632	0.94919	3.62876
60.8974	0.949221	3.629
61.1316	0.949253	3.62924
61.3659	0.949286	3.62948
61.6001	0.949319	3.62972
61.8343	0.949353	3.62996
62.0685	0.949387	3.6302
62.3027	0.949421	3.63044
62.5369	0.949457	3.63068
62.7711	0.949492	3.63092
63.0053	0.949528	3.63116
63.2396	0.949565	3.6314
63.4738	0.949602	3.63164
63.708	0.949639	3.63188
63.9422	0.949677	3.63212
64.1764	0.949716	3.63236
64.4106	0.949754	3.6326
64.6448	0.949793	3.63284
64.879	0.949833	3.63308
65.1132	0.949873	3.63332
65.3475	0.949913	3.63356
65.5817	0.949954	3.6338
65.8159	0.949995	3.63404
66.0501	0.950036	3.63428
66.2843	0.950077	3.63452
66.5185	0.950119	3.63476
66.7527	0.950162	3.635
66.9869	0.950204	3.63524
67.2212	0.950247	3.63548
67.4554	0.950291	3.63572
67.6896	0.950334	3.63595
67.9238	0.950378	3.63619
68.158	0.950422	3.63643
68.3922	0.950466	3.63667
68.6264	0.950511	3.63691
68.8606	0.950556	3.63715
69.0948	0.950601	3.63739
69.3291	0.950646	3.63763
69.5633	0.950692	3.63787
69.7975	0.950738	3.6381
70.0317	0.950784	3.63834
70.2659	0.95083	3.63858
70.5001	0.950877	3.63882
70.7343	0.950924	3.63906
70.9685	0.950971	3.6393
71.2028	0.951018	3.63954
71.437	0.951065	3.63977
71.6712	0.951113	3.64001
71.9054	0.951161	3.64025
72.1396	0.951208	3.64049
72.3738	0.951257	3.64073
72.608	0.951305	3.64097
72.8422	0.951353	3.6412
73.0765	0.951402	3.64144
73.3107	0.951451	3.64168
73.5449	0.9515	3.64192
73.7791	0.951549	3.64216
74.0133	0.951598	3.64239
74.2475	0.951647	3.64263
74.4817	0.951697	3.64287
74.7159	0.951747	3.64311
74.9501	0.951796	3.64335
75.1844	0.951846	3.64358
75.4186	0.951896	3.64382
75.6528	0.951946	3.64406
75.887	0.951997	3.6443
76.1212	0.952047	3.64454
76.3554	0.952098	3.64477
76.5896	0.952148	3.64501
76.8238	0.952199	3.64525
77.0581	0.95225	3.64549
77.2923	0.952301	3.64572
77.5265	0.952352	3.64596
77.7607	0.952403	3.6462
77.9949	0.952454	3.64644
78.2291	0.952505	3.64667
78.4633	0.952557	3.64691
78.6975	0.952608	3.64715
78.9317	0.95266	3.64738
79.166	0.952711	3.64762
79.4002	0.952763	3.64786
79.6344	0.952815	3.6481
79.8686	0.952867	3.64833
80.1028	0.952918	3.64857
80.337	0.95297	3.64881
80.5712	0.953022	3.64904
80.8054	0.953074	3.64928
81.0397	0.953127	3.64952
81.2739	0.953179	3.64976
81.5081	0.953231	3.64999
81.7423	0.953283	3.65023
81.9765	0.953336	3.65047
82.2107	0.953388	3.6507
82.4449	0.95344	3.65094
82.6791	0.953493	3.65118
82.9133	0.953545	3.65141
83.1476	0.953598	3.65165
83.3818	0.95365	3.65189
83.616	0.953703	3.65212
83.8502	0.953756	3.65236
84.0844	0.953808	3.6526
84.3186	0.953861	3.65283
84.5528	0.953914	3.65307
84.787	0.953967	3.65331
85.0213	0.954019	3.65354
85.2555	0.954072	3.65378
85.4897	0.954125	3.65402
85.7239	0.954178	3.65425
85.9581	0.954231	3.65449
86.1923	0.954284	3.65472
86.4265	0.954337	3.65496
86.6607	0.954389	3.6552
86.895	0.954442	3.65543
87.1292	0.954495	3.65567
87.3634	0.954548	3.6559
87.5976	0.954601	3.65614
87.8318	0.954654	3.65638
88.066	0.954707	3.65661
88.3002	0.95476	3.65685
88.5344	0.954813	3.65709
88.7686	0.954866	3.65732
89.0029	0.954919	3.65756
89.2371	0.954972	3.65779
89.4713	0.955025	3.65803
89.7055	0.955078	3.65826
89.9397	0.955131	3.6585
90.1739	0.955184	3.65874
90.4081	0.955237	3.65897
90.6423	0.955291	3.65921
90.8766	0.955344	3.65944
91.1108	0.955397	3.65968
91.345	0.95545	3.65991
91.5792	0.955503	3.66015
91.8134	0.955556	3.66039
92.0476	0.955609	3.66062
92.2818	0.955662	3.66086
92.516	0.955714	3.66109
92.7502	0.955767	3.66133
92.9845	0.95582	3.66156
93.2187	0.955873	3.6618
93.4529	0.955926	3.66203
93.6871	0.955979	3.66227
93.9213	0.956032	3.6625
94.1555	0.956085	3.66274
94.3897	0.956138	3.66298
94.6239	0.956191	3.66321
94.8582	0.956244	3.66345
95.0924	0.956296	3.66368
95.3266	0.956349	3.66392
95.5608	0.956402	3.66415
95.795	0.956455	3.66439
96.0292	0.956507	3.66462
96.2634	0.95656	3.66486
96.4976	0.956613	3.66509
96.7319	0.956666	3.66533
96.9661	0.956718	3.66556
97.2003	0.956771	3.6658
97.4345	0.956824	3.66603
97.6687	0.956876	3.66627
97.9029	0.956929	3.6665
98.1371	0.956981	3.66674
98.3713	0.957034	3.66697
98.6055	0.957086	3.66721
98.8398	0.957139	3.66744
99.074	0.957191	3.66767
99.3082	0.957244	3.66791
99.5424	0.957296	3.66814
99.7766	0.957348	3.66838
100.011	0.957401	3.66861
100.245	0.957453	3.66885
100.479	0.957505	3.66908
100.713	0.957558	3.66932
100.948	0.95761	3.66955
101.182	0.957662	3.66979
101.416	0.957714	3.67002
101.65	0.957766	3.67025
101.885	0.957819	3.67049
102.119	0.957871	3.67072
102.353	0.957923	3.67096
102.587	0.957975	3.67119
102.821	0.958027	3.67143
103.056	0.958079	3.67166
103.29	0.958131	3.67189
103.524	0.958183	3.67213
103.758	0.958235	3.67236
103.992	0.958286	3.6726
104.227	0.958338	3.67283
104.461	0.95839	3.67307
104.695	0.958442	3.6733
104.929	0.958494	3.67353
105.163	0.958545	3.67377
105.398	0.958597	3.674
105.632	0.958649	3.67424
105.866	0.9587	3.67447
106.1	0.958752	3.6747
106.335	0.958803	3.67494
106.569	0.958855	3.67517
106.803	0.958906	3.67541
107.037	0.958958	3.67564
107.271	0.959009	3.67587
107.506	0.95906	3.67611
107.74	0.959112	3.67634
107.974	0.959163	3.67657
108.208	0.959214	3.67681
108.442	0.959265	3.67704
108.677	0.959317	3.67728
108.911	0.959368	3.67751
109.145	0.959419	3.67774
109.379	0.95947	3.67798
109.614	0.959521	3.67821
109.848	0.959572	3.67844
110.082	0.959623	3.67868
110.316	0.959674	3.67891
110.55	0.959725	3.67914
110.785	0.959776	3.67938
111.019	0.959826	3.67961
111.253	0.959877	3.67984
111.487	0.959928	3.68008
111.721	0.959979	3.68031
111.956	0.960029	3.68054
112.19	0.96008	3.68078
112.424	0.960131	3.68101
112.658	0.960181	3.68124
112.892	0.960232	3.68148
113.127	0.960282	3.68171
113.361	0.960333	3.68194
113.595	0.960383	3.68218
113.829	0.960433	3.68241
114.064	0.960484	3.68264
114.298	0.960534	3.68288
114.532	0.960584	3.68311
114.766	0.960634	3.68334
115	0.960685	3.68358
115.235	0.960735	3.68381
115.469	0.960785	3.68404
115.703	0.960835	3.68427
115.937	0.960885	3.68451
116.171	0.960935	3.68474
116.406	0.960985	3.68497
116.64	0.961035	3.68521
116.874	0.961085	3.68544
117.108	0.961135	3.68567
117.342	0.961184	3.6859
117.577	0.961234	3.68614
117.811	0.961284	3.68637
118.045	0.961334	3.6866
118.279	0.961383	3.68684
118.514	0.961433	3.68707
118.748	0.961482	3.6873
118.982	0.961532	3.68753
119.216	0.961581	3.68777
119.45	0.961631	3.688
119.685	0.96168	3.68823
119.919	0.96173	3.68846
120.153	0.961779	3.6887
120.387	0.961828	3.68893
120.621	0.961878	3.68916
120.856	0.961927	3.68939
121.09	0.961976	3.68963
121.324	0.962025	3.68986
121.558	0.962074	3.69009
121.793	0.962123	3.69032
122.027	0.962172	3.69056
122.261	0.962221	3.69079
122.495	0.96227	3.69102
122.729	0.962319	3.69125
122.964	0.962368	3.69149
123.198	0.962417	3.69172
123.432	0.962466	3.69195
123.666	0.962514	3.69218
123.9	0.962563	3.69241
124.135	0.962612	3.69265
124.369	0.96266	3.69288
124.603	0.962709	3.69311
124.837	0.962758	3.69334
125.071	0.962806	3.69357
125.306	0.962855	3.69381
125.54	0.962903	3.69404
125.774	0.962951	3.69427
126.008	0.963	3.6945
126.243	0.963048	3.69473
126.477	0.963096	3.69497
126.711	0.963145	3.6952
126.945	0.963193	3.69543
127.179	0.963241	3.69566
127.414	0.963289	3.69589
127.648	0.963337	3.69613
127.882	0.963385	3.69636
128.116	0.963433	3.69659
128.35	0.963481	3.69682
128.585	0.963529	3.69705
128.819	0.963577	3.69728
129.053	0.963625	3.69752
129.287	0.963673	3.69775
129.522	0.96372	3.69798
129.756	0.963768	3.69821
129.99	0.963816	3.69844
130.224	0.963864	3.69867
130.458	0.963911	3.69891
130.693	0.963959	3.69914
130.927	0.964006	3.69937
131.161	0.964054	3.6996
131.395	0.964101	3.69983
131.629	0.964149	3.70006
131.864	0.964196	3.7003
132.098	0.964243	3.70053
132.332	0.964291	3.70076
132.566	0.964338	3.70099
132.8	0.964385	3.70122
133.035	0.964432	3.70145
133.269	0.96448	3.70168
133.503	0.964527	3.70192
133.737	0.964574	3.70215
133.972	0.964621	3.70238
134.206	0.964668	3.70261
134.44	0.964715	3.70284
134.674	0.964762	3.70307
134.908	0.964809	3.7033
135.143	0.964855	3.70353
135.377	0.964902	3.70377
135.611	0.964949	3.704
135.845	0.964996	3.70423
136.079	0.965042	3.70446
136.314	0.965089	3.70469
136.548	0.965136	3.70492
136.782	0.965182	3.70515
137.016	0.965229	3.70538
137.251	0.965275	3.70561
137.485	0.965322	3.70584
137.719	0.965368	3.70608
137.953	0.965414	3.70631
138.187	0.965461	3.70654
138.422	0.965507	3.70677
138.656	0.965553	3.707
138.89	0.9656	3.70723
139.124	0.965646	3.70746
139.358	0.965692	3.70769
139.593	0.965738	3.70792
139.827	0.965784	3.70815
140.061	0.96583	3.70838
140.295	0.965876	3.70861
140.529	0.965922	3.70885
140.764	0.965968	3.70908
140.998	0.966014	3.70931
141.232	0.96606	3.70954
141.466	0.966106	3.70977
141.701	0.966151	3.71
141.935	0.966197	3.71023
142.169	0.966243	3.71046
142.403	0.966288	3.71069
142.635	0.966334	3.71092
142.869	0.966379	3.71115
143.103	0.966425	3.71138
143.338	0.96647	3.71161
143.572	0.966516	3.71184
143.806	0.966561	3.71207
144.04	0.966607	3.7123
144.275	0.966652	3.71253
144.509	0.966697	3.71276
144.743	0.966742	3.71299
144.977	0.966788	3.71322
145.211	0.966833	3.71345
145.446	0.966878	3.71368
145.68	0.966923	3.71391
145.914	0.966968	3.71415
146.148	0.967013	3.71438
146.382	0.967058	3.71461
146.617	0.967103	3.71484
146.851	0.967148	3.71507
147.085	0.967193	3.7153
147.319	0.967238	3.71553
147.553	0.967283	3.71576
147.788	0.967328	3.71599
148.022	0.967372	3.71622
148.256	0.967417	3.71645
148.49	0.967462	3.71668
148.725	0.967507	3.71691
148.959	0.967551	3.71714
149.193	0.967596	3.71737
149.427	0.96764	3.7176
149.661	0.967685	3.71783
149.896	0.967729	3.71806
150.13	0.967774	3.71829
150.364	0.967818	3.71852
150.598	0.967862	3.71875
150.832	0.967907	3.71898
151.067	0.967951	3.71921
151.301	0.967995	3.71944
151.535	0.968039	3.71967
151.769	0.968084	3.7199
152.004	0.968128	3.72013
152.238	0.968172	3.72036
152.472	0.968216	3.72059
152.706	0.96826	3.72082
152.94	0.968304	3.72105
153.175	0.968348	3.72128
153.409	0.968392	3.72151
153.643	0.968436	3.72174
153.877	0.968479	3.72197
154.111	0.968523	3.72219
154.346	0.968567	3.72242
154.58	0.968611	3.72265
154.814	0.968654	3.72288
155.048	0.968698	3.72311
155.282	0.968742	3.72334
155.517	0.968785	3.72357
155.751	0.968829	3.7238
155.985	0.968872	3.72403
156.219	0.968916	3.72426
156.454	0.968959	3.72449
156.688	0.969003	3.72472
156.922	0.969046	3.72495
157.156	0.969089	3.72518
157.39	0.969133	3.72541
157.625	0.969176	3.72564
157.859	0.969219	3.72587
158.093	0.969262	3.7261
158.327	0.969306	3.72633
158.561	0.969349	3.72656
158.796	0.969392	3.72679
159.03	0.969435	3.72701
159.264	0.969478	3.72724
159.498	0.969521	3.72747
159.733	0.969564	3.7277
159.967	0.969607	3.72793
160.201	0.96965	3.72816
160.435	0.969692	3.72839
160.669	0.969735	3.72862
160.904	0.969778	3.72885
161.138	0.969821	3.72908
161.372	0.969863	3.72931
161.606	0.969906	3.72954
161.84	0.969949	3.72977
162.075	0.969991	3.73
162.309	0.970034	3.73022
162.543	0.970076	3.73045
162.777	0.970119	3.73068
163.011	0.970161	3.73091
163.246	0.970204	3.73114
163.48	0.970246	3.73137
163.714	0.970289	3.7316
163.948	0.970331	3.73183
164.183	0.970373	3.73206
164.417	0.970415	3.73229
164.651	0.970458	3.73251
164.885	0.9705	3.73274
165.119	0.970542	3.73297
165.354	0.970584	3.7332
165.588	0.970626	3.73343
165.822	0.970668	3.73366
166.056	0.97071	3.73389
166.29	0.970752	3.73412
166.525	0.970794	3.73435
166.759	0.970836	3.73457
166.993	0.970878	3.7348
167.227	0.97092	3.73503
167.461	0.970961	3.73526
167.696	0.971003	3.73549
167.93	0.971045	3.73572
168.164	0.971087	3.73595
168.398	0.971128	3.73618
168.633	0.97117	3.73641
168.867	0.971211	3.73663
169.101	0.971253	3.73686
169.335	0.971294	3.73709
169.569	0.971336	3.73732
169.804	0.971377	3.73755
170.038	0.971419	3.73778
170.272	0.97146	3.73801
170.506	0.971502	3.73823
170.74	0.971543	3.73846
170.975	0.971584	3.73869
171.209	0.971625	3.73892
171.443	0.971667	3.73915
171.677	0.971708	3.73938
171.912	0.971749	3.73961
172.146	0.97179	3.73983
172.38	0.971831	3.74006
172.614	0.971872	3.74029
172.848	0.971913	3.74052
173.083	0.971954	3.74075
173.317	0.971995	3.74098
173.551	0.972036	3.74121
173.785	0.972077	3.74143
174.019	0.972118	3.74166
174.254	0.972159	3.74189
174.488	0.972199	3.74212
174.722	0.97224	3.74235
174.956	0.972281	3.74258
175.19	0.972321	3.7428
175.425	0.972362	3.74303
175.659	0.972403	3.74326
175.893	0.972443	3.74349
176.127	0.972484	3.74372
176.362	0.972524	3.74395
176.596	0.972565	3.74417
176.83	0.972605	3.7444
177.064	0.972646	3.74463
177.298	0.972686	3.74486
177.533	0.972726	3.74509
177.767	0.972767	3.74531
178.001	0.972807	3.74554
178.235	0.972847	3.74577
178.469	0.972887	3.746
178.704	0.972928	3.74623
178.938	0.972968	3.74646
179.172	0.973008	3.74668
179.406	0.973048	3.74691
179.641	0.973088	3.74714
179.875	0.973128	3.74737
180.109	0.973168	3.7476
180.343	0.973208	3.74782
180.577	0.973248	3.74805
180.812	0.973288	3.74828
181.046	0.973328	3.74851
181.28	0.973367	3.74874
181.514	0.973407	3.74896
181.748	0.973447	3.74919
181.983	0.973487	3.74942
182.217	0.973526	3.74965
182.451	0.973566	3.74988
182.685	0.973606	3.7501
182.919	0.973645	3.75033
183.154	0.973685	3.75056
183.388	0.973724	3.75079
183.622	0.973764	3.75102
183.856	0.973803	3.75124
184.091	0.973843	3.75147
184.325	0.973882	3.7517
184.559	0.973921	3.75193
184.793	0.973961	3.75215
185.027	0.974	3.75238
185.262	0.974039	3.75261
185.496	0.974079	3.75284
185.73	0.974118	3.75307
185.964	0.974157	3.75329
186.198	0.974196	3.75352
186.433	0.974235	3.75375
186.667	0.974274	3.75398
186.901	0.974313	3.7542
187.135	0.974352	3.75443
187.37	0.974391	3.75466
187.604	0.97443	3.75489
187.838	0.974469	3.75511
188.072	0.974508	3.75534
188.306	0.974547	3.75557
188.541	0.974586	3.7558
188.775	0.974625	3.75603
189.009	0.974663	3.75625
189.243	0.974702	3.75648
189.477	0.974741	3.75671
189.712	0.97478	3.75694
189.946	0.974818	3.75716
190.18	0.974857	3.75739
190.414	0.974895	3.75762
190.648	0.974934	3.75785
190.883	0.974972	3.75807
191.117	0.975011	3.7583
191.351	0.975049	3.75853
191.585	0.975088	3.75876
191.82	0.975126	3.75898
192.054	0.975165	3.75921
192.288	0.975203	3.75944
192.522	0.975241	3.75967
192.756	0.975279	3.75989
192.991	0.975318	3.76012
193.225	0.975356	3.76035
193.459	0.975394	3.76057
193.693	0.975432	3.7608
193.927	0.97547	3.76103
194.162	0.975508	3.76126
194.396	0.975546	3.76148
194.63	0.975584	3.76171
194.864	0.975622	3.76194
195.099	0.97566	3.76217
195.333	0.975698	3.76239
195.567	0.975736	3.76262
195.801	0.975774	3.76285
196.035	0.975812	3.76308
196.27	0.97585	3.7633
196.504	0.975887	3.76353
196.738	0.975925	3.76376
196.972	0.975963	3.76398
197.206	0.976001	3.76421
197.441	0.976038	3.76444
197.675	0.976076	3.76467
197.909	0.976113	3.76489
198.143	0.976151	3.76512
198.377	0.976189	3.76535
198.612	0.976226	3.76557
198.846	0.976263	3.7658
199.08	0.976301	3.76603
199.314	0.976338	3.76626
199.549	0.976376	3.76648
199.783	0.976413	3.76671
200.017	0.97645	3.76694
200.251	0.976488	3.76716
200.485	0.976525	3.76739
200.72	0.976562	3.76762
200.954	0.976599	3.76785
201.188	0.976637	3.76807
201.422	0.976674	3.7683
201.656	0.976711	3.76853
201.891	0.976748	3.76875
202.125	0.976785	3.76898
202.359	0.976822	3.76921
202.593	0.976859	3.76943
202.827	0.976896	3.76966
203.062	0.976933	3.76989
203.296	0.97697	3.77012
203.53	0.977007	3.77034
203.764	0.977043	3.77057
203.999	0.97708	3.7708
204.233	0.977117	3.77102
204.467	0.977154	3.77125
204.701	0.97719	3.77148
204.935	0.977227	3.7717
205.17	0.977264	3.77193
205.404	0.9773	3.77216
205.638	0.977337	3.77238
205.872	0.977374	3.77261
206.106	0.97741	3.77284
206.341	0.977447	3.77306
206.575	0.977483	3.77329
206.809	0.97752	3.77352
207.043	0.977556	3.77375
207.278	0.977592	3.77397
207.512	0.977629	3.7742
207.746	0.977665	3.77443
207.98	0.977701	3.77465
208.214	0.977738	3.77488
208.449	0.977774	3.77511
208.683	0.97781	3.77533
208.917	0.977846	3.77556
209.151	0.977883	3.77579
209.385	0.977919	3.77601
209.62	0.977955	3.77624
209.854	0.977991	3.77647
210.088	0.978027	3.77669
210.322	0.978063	3.77692
210.556	0.978099	3.77715
210.791	0.978135	3.77737
211.025	0.978171	3.7776
211.259	0.978207	3.77783
211.493	0.978243	3.77805
211.728	0.978278	3.77828
211.962	0.978314	3.77851
212.196	0.97835	3.77873
212.43	0.978386	3.77896
212.664	0.978422	3.77919
212.899	0.978457	3.77941
213.133	0.978493	3.77964
213.367	0.978529	3.77987
213.601	0.978564	3.78009
213.835	0.9786	3.78032
214.07	0.978635	3.78055
214.304	0.978671	3.78077
214.538	0.978706	3.781
214.772	0.978742	3.78122
215.007	0.978777	3.78145
215.241	0.978813	3.78168
215.475	0.978848	3.7819
215.709	0.978884	3.78213
215.943	0.978919	3.78236
216.178	0.978954	3.78258
216.412	0.978989	3.78281
216.646	0.979025	3.78304
216.88	0.97906	3.78326
217.114	0.979095	3.78349
217.349	0.97913	3.78372
217.583	0.979165	3.78394
217.817	0.979201	3.78417
218.051	0.979236	3.7844
218.285	0.979271	3.78462
218.52	0.979306	3.78485
218.754	0.979341	3.78507
218.988	0.979376	3.7853
219.222	0.979411	3.78553
219.457	0.979446	3.78575
219.691	0.97948	3.78598
219.925	0.979515	3.78621
220.159	0.97955	3.78643
220.393	0.979585	3.78666
220.628	0.97962	3.78689
220.862	0.979654	3.78711
221.096	0.979689	3.78734
221.33	0.979724	3.78756
221.564	0.979759	3.78779
221.799	0.979793	3.78802
222.033	0.979828	3.78824
222.267	0.979862	3.78847
222.501	0.979897	3.7887
222.736	0.979931	3.78892
222.97	0.979966	3.78915
223.204	0.98	3.78937
223.438	0.980035	3.7896
223.672	0.980069	3.78983
223.907	0.980104	3.79005
224.141	0.980138	3.79028
224.375	0.980172	3.79051
224.609	0.980207	3.79073
224.843	0.980241	3.79096
225.078	0.980275	3.79118
225.312	0.98031	3.79141
225.546	0.980344	3.79164
225.78	0.980378	3.79186
226.014	0.980412	3.79209
226.249	0.980446	3.79232
226.483	0.98048	3.79254
226.717	0.980514	3.79277
226.951	0.980548	3.79299
227.186	0.980582	3.79322
227.42	0.980616	3.79345
227.654	0.98065	3.79367
227.888	0.980684	3.7939
228.122	0.980718	3.79412
228.357	0.980752	3.79435
228.591	0.980786	3.79458
228.825	0.98082	3.7948
229.059	0.980854	3.79503
229.293	0.980887	3.79525
229.528	0.980921	3.79548
229.762	0.980955	3.79571
229.996	0.980988	3.79593
230.23	0.981022	3.79616
230.464	0.981056	3.79639
230.699	0.981089	3.79661
230.933	0.981123	3.79684
231.167	0.981157	3.79706
231.401	0.98119	3.79729
231.636	0.981224	3.79752
231.87	0.981257	3.79774
232.104	0.98129	3.79797
232.338	0.981324	3.79819
232.572	0.981357	3.79842
232.807	0.981391	3.79865
233.041	0.981424	3.79887
233.275	0.981457	3.7991
233.509	0.981491	3.79932
233.743	0.981524	3.79955
233.978	0.981557	3.79978
234.212	0.98159	3.8
234.446	0.981624	3.80023
234.68	0.981657	3.80045
234.915	0.98169	3.80068
235.149	0.981723	3.80091
235.383	0.981756	3.80113
235.617	0.981789	3.80136
235.851	0.981822	3.80158
236.086	0.981855	3.80181
236.32	0.981888	3.80203
236.554	0.981921	3.80226
236.788	0.981954	3.80249
237.022	0.981987	3.80271
237.257	0.98202	3.80294
237.491	0.982053	3.80316
237.725	0.982086	3.80339
237.959	0.982118	3.80362
238.193	0.982151	3.80384
238.428	0.982184	3.80407
238.662	0.982217	3.80429
238.896	0.982249	3.80452
239.13	0.982282	3.80475
239.365	0.982315	3.80497
239.599	0.982347	3.8052
239.833	0.98238	3.80542
240.067	0.982412	3.80565
240.301	0.982445	3.80587
240.536	0.982477	3.8061
240.77	0.98251	3.80633
241.004	0.982542	3.80655
241.238	0.982575	3.80678
241.472	0.982607	3.807
241.707	0.98264	3.80723
241.941	0.982672	3.80746
242.175	0.982704	3.80768
242.409	0.982737	3.80791
242.644	0.982769	3.80813
242.878	0.982801	3.80836
243.112	0.982834	3.80858
243.346	0.982866	3.80881
243.58	0.982898	3.80904
243.815	0.98293	3.80926
244.049	0.982962	3.80949
244.283	0.982994	3.80971
244.517	0.983026	3.80994
244.751	0.983058	3.81016
244.986	0.983091	3.81039
245.22	0.983123	3.81062
245.454	0.983155	3.81084
245.688	0.983186	3.81107
245.922	0.983218	3.81129
246.157	0.98325	3.81152
246.391	0.983282	3.81174
246.625	0.983314	3.81197
246.859	0.983346	3.8122
247.094	0.983378	3.81242
247.328	0.98341	3.81265
247.562	0.983441	3.81287
247.796	0.983473	3.8131
248.03	0.983505	3.81332
248.265	0.983536	3.81355
248.499	0.983568	3.81378
248.733	0.9836	3.814
248.967	0.983631	3.81423
249.201	0.983663	3.81445
249.436	0.983695	3.81468
249.67	0.983726	3.8149
249.904	0.983758	3.81513
250.138	0.983789	3.81536
250.373	0.983821	3.81558
250.607	0.983852	3.81581
250.841	0.983883	3.81603
251.075	0.983915	3.81626
251.309	0.983946	3.81648
251.544	0.983978	3.81671
251.778	0.984009	3.81694
252.012	0.98404	3.81716
252.246	0.984071	3.81739
252.48	0.984103	3.81761
252.715	0.984134	3.81784
252.949	0.984165	3.81806
253.183	0.984196	3.81829
253.417	0.984227	3.81852
253.651	0.984259	3.81874
253.886	0.98429	3.81897
254.12	0.984321	3.81919
254.354	0.984352	3.81942
254.588	0.984383	3.81964
254.823	0.984414	3.81987
255.057	0.984445	3.82009
255.291	0.984476	3.82032
255.525	0.984507	3.82055
255.759	0.984538	3.82077
255.994	0.984569	3.821
256.228	0.984599	3.82122
256.462	0.98463	3.82145
256.696	0.984661	3.82167
256.93	0.984692	3.8219
257.165	0.984723	3.82212
257.399	0.984753	3.82235
257.633	0.984784	3.82258
257.867	0.984815	3.8228
258.101	0.984846	3.82303
258.336	0.984876	3.82325
258.57	0.984907	3.82348
258.804	0.984937	3.8237
259.038	0.984968	3.82393
259.273	0.984999	3.82415
259.507	0.985029	3.82438
259.741	0.98506	3.82461
259.975	0.98509	3.82483
260.209	0.985121	3.82506
260.444	0.985151	3.82528
260.678	0.985181	3.82551
260.912	0.985212	3.82573
261.146	0.985242	3.82596
261.38	0.985272	3.82618
261.615	0.985303	3.82641
261.849	0.985333	3.82664
262.083	0.985363	3.82686
262.317	0.985394	3.82709
262.552	0.985424	3.82731
262.786	0.985454	3.82754
263.02	0.985484	3.82776
263.254	0.985514	3.82799
263.488	0.985545	3.82821
263.723	0.985575	3.82844
263.957	0.985605	3.82867
264.191	0.985635	3.82889
264.425	0.985665	3.82912
264.659	0.985695	3.82934
264.894	0.985725	3.82957
265.128	0.985755	3.82979
265.362	0.985785	3.83002
265.596	0.985815	3.83024
265.83	0.985845	3.83047
266.065	0.985874	3.8307
266.299	0.985904	3.83092
266.533	0.985934	3.83115
266.767	0.985964	3.83137
267.002	0.985994	3.8316
267.236	0.986024	3.83182
267.47	0.986053	3.83205
267.704	0.986083	3.83227
267.938	0.986113	3.8325
268.173	0.986142	3.83272
268.407	0.986172	3.83295
268.641	0.986202	3.83318
268.875	0.986231	3.8334
269.109	0.986261	3.83363
269.344	0.98629	3.83385
269.578	0.98632	3.83408
269.812	0.986349	3.8343
270.046	0.986379	3.83453
270.281	0.986408	3.83475
270.515	0.986438	3.83498
270.749	0.986467	3.83521
270.983	0.986497	3.83543
271.217	0.986526	3.83566
271.452	0.986555	3.83588
271.686	0.986585	3.83611
271.92	0.986614	3.83633
272.154	0.986643	3.83656
272.388	0.986673	3.83678
272.623	0.986702	3.83701
272.857	0.986731	3.83723
273.091	0.98676	3.83746
273.325	0.98679	3.83769
273.559	0.986819	3.83791
273.794	0.986848	3.83814
274.028	0.986877	3.83836
274.262	0.986906	3.83859
274.496	0.986935	3.83881
274.731	0.986964	3.83904
274.965	0.986993	3.83926
275.199	0.987022	3.83949
275.433	0.987051	3.83971
275.667	0.98708	3.83994
275.902	0.987109	3.84017
276.136	0.987138	3.84039
276.37	0.987167	3.84062
276.604	0.987196	3.84084
276.838	0.987225	3.84107
277.073	0.987253	3.84129
277.307	0.987282	3.84152
277.541	0.987311	3.84174
277.775	0.98734	3.84197
278.01	0.987368	3.8422
278.244	0.987397	3.84242
278.478	0.987426	3.84265
278.712	0.987454	3.84287
278.946	0.987483	3.8431
279.181	0.987512	3.84332
279.415	0.98754	3.84355
279.649	0.987569	3.84377
279.883	0.987598	3.844
280.117	0.987626	3.84422
280.352	0.987655	3.84445
280.586	0.987683	3.84468
280.82	0.987712	3.8449
281.054	0.98774	3.84513
281.288	0.987768	3.84535
281.523	0.987797	3.84558
281.757	0.987825	3.8458
281.991	0.987854	3.84603
282.225	0.987882	3.84625
282.46	0.98791	3.84648
282.694	0.987939	3.8467
282.928	0.987967	3.84693
283.162	0.987995	3.84716
283.396	0.988023	3.84738
283.631	0.988052	3.84761
283.865	0.98808	3.84783
284.099	0.988108	3.84806
284.333	0.988136	3.84828
284.567	0.988164	3.84851
284.802	0.988192	3.84873
285.036	0.98822	3.84896
285.27	0.988248	3.84919
285.504	0.988277	3.84941
285.739	0.988305	3.84964
285.973	0.988333	3.84986
286.207	0.988361	3.85009
286.441	0.988389	3.85031
286.675	0.988416	3.85054
286.91	0.988444	3.85076
287.144	0.988472	3.85099
287.378	0.9885	3.85121
287.612	0.988528	3.85144
287.846	0.988556	3.85167
288.081	0.988584	3.85189
288.315	0.988611	3.85212
288.549	0.988639	3.85234
288.783	0.988667	3.85257
289.017	0.988695	3.85279
289.252	0.988722	3.85302
289.486	0.98875	3.85324
289.72	0.988778	3.85347
289.954	0.988805	3.8537
290.189	0.988833	3.85392
290.423	0.988861	3.85415
290.657	0.988888	3.85437
290.891	0.988916	3.8546
291.125	0.988943	3.85482
291.36	0.988971	3.85505
291.594	0.988998	3.85527
291.828	0.989026	3.8555
292.062	0.989053	3.85572
292.296	0.989081	3.85595
292.531	0.989108	3.85618
292.765	0.989136	3.8564
292.999	0.989163	3.85663
293.233	0.98919	3.85685
293.467	0.989218	3.85708
293.702	0.989245	3.8573
293.936	0.989272	3.85753
294.17	0.989299	3.85775
294.404	0.989327	3.85798
294.639	0.989354	3.85821
294.873	0.989381	3.85843
295.107	0.989408	3.85866
295.341	0.989436	3.85888
295.575	0.989463	3.85911
295.81	0.98949	3.85933
296.044	0.989517	3.85956
296.278	0.989544	3.85978
296.512	0.989571	3.86001
296.746	0.989598	3.86024
296.981	0.989625	3.86046
297.215	0.989652	3.86069
297.449	0.989679	3.86091
297.683	0.989706	3.86114
297.918	0.989733	3.86136
298.152	0.98976	3.86159
298.386	0.989787	3.86181
298.62	0.989814	3.86204
298.854	0.989841	3.86227
299.089	0.989867	3.86249
299.323	0.989894	3.86272
299.557	0.989921	3.86294
299.791	0.989948	3.86317
300.025	0.989975	3.86339
300.26	0.990001	3.86362
300.494	0.990028	3.86385
300.728	0.990055	3.86407
300.962	0.990082	3.8643
301.196	0.990108	3.86452
301.431	0.990135	3.86475
301.665	0.990161	3.86497
301.899	0.990188	3.8652
302.133	0.990215	3.86542
302.368	0.990241	3.86565
302.602	0.990268	3.86588
302.836	0.990294	3.8661
303.07	0.990321	3.86633
303.304	0.990347	3.86655
303.539	0.990374	3.86678
303.773	0.9904	3.867
304.007	0.990427	3.86723
304.241	0.990453	3.86746
304.475	0.990479	3.86768
304.71	0.990506	3.86791
304.944	0.990532	3.86813
305.178	0.990558	3.86836
305.412	0.990585	3.86858
305.647	0.990611	3.86881
305.881	0.990637	3.86904
306.115	0.990664	3.86926
306.349	0.99069	3.86949
306.583	0.990716	3.86971
306.818	0.990742	3.86994
307.052	0.990768	3.87016
307.286	0.990795	3.87039
307.52	0.990821	3.87062
307.754	0.990847	3.87084
307.989	0.990873	3.87107
308.223	0.990899	3.87129
308.457	0.990925	3.87152
308.691	0.990951	3.87174
308.925	0.990977	3.87197
309.16	0.991003	3.8722
309.394	0.991029	3.87242
309.628	0.991055	3.87265
309.862	0.991081	3.87287
310.097	0.991107	3.8731
310.331	0.991133	3.87332
310.565	0.991159	3.87355
310.799	0.991185	3.87378
311.033	0.99121	3.874
311.268	0.991236	3.87423
311.502	0.991262	3.87445
311.736	0.991288	3.87468
311.97	0.991314	3.8749
312.204	0.991339	3.87513
312.439	0.991365	3.87536
312.673	0.991391	3.87558
312.907	0.991416	3.87581
313.141	0.991442	3.87603
313.376	0.991468	3.87626
313.61	0.991493	3.87648
313.844	0.991519	3.87671
314.078	0.991545	3.87694
314.312	0.99157	3.87716
314.547	0.991596	3.87739
314.781	0.991621	3.87761
315.015	0.991647	3.87784
315.249	0.991672	3.87807
315.483	0.991698	3.87829
315.718	0.991723	3.87852
315.952	0.991749	3.87874
316.186	0.991774	3.87897
316.42	0.9918	3.87919
316.654	0.991825	3.87942
316.889	0.99185	3.87965
317.123	0.991876	3.87987
317.357	0.991901	3.8801
317.591	0.991926	3.88032
317.826	0.991952	3.88055
318.06	0.991977	3.88078
318.294	0.992002	3.881
318.528	0.992027	3.88123
318.762	0.992053	3.88145
318.997	0.992078	3.88168
319.231	0.992103	3.88191
319.465	0.992128	3.88213
319.699	0.992153	3.88236
319.933	0.992178	3.88258
320.168	0.992203	3.88281
320.402	0.992229	3.88303
320.636	0.992254	3.88326
320.87	0.992279	3.88349
321.104	0.992304	3.88371
321.339	0.992329	3.88394
321.573	0.992354	3.88416
321.807	0.992379	3.88439
322.041	0.992404	3.88462
322.276	0.992429	3.88484
322.51	0.992454	3.88507
322.744	0.992478	3.88529
322.978	0.992503	3.88552
323.212	0.992528	3.88575
323.447	0.992553	3.88597
323.681	0.992578	3.8862
323.915	0.992603	3.88642
324.149	0.992628	3.88665
324.383	0.992652	3.88688
324.618	0.992677	3.8871
324.852	0.992702	3.88733
325.086	0.992727	3.88755
325.32	0.992751	3.88778
325.555	0.992776	3.88801
325.789	0.992801	3.88823
326.023	0.992825	3.88846
326.257	0.99285	3.88868
326.491	0.992874	3.88891
326.726	0.992899	3.88914
326.96	0.992924	3.88936
327.194	0.992948	3.88959
327.428	0.992973	3.88982
327.662	0.992997	3.89004
327.897	0.993022	3.89027
328.131	0.993046	3.89049
328.365	0.993071	3.89072
328.599	0.993095	3.89095
328.833	0.99312	3.89117
329.068	0.993144	3.8914
329.302	0.993168	3.89162
329.536	0.993193	3.89185
329.77	0.993217	3.89208
330.005	0.993242	3.8923
330.239	0.993266	3.89253
330.473	0.99329	3.89275
330.707	0.993314	3.89298
330.941	0.993339	3.89321
331.176	0.993363	3.89343
331.41	0.993387	3.89366
331.644	0.993411	3.89389
331.878	0.993436	3.89411
332.112	0.99346	3.89434
332.347	0.993484	3.89456
332.581	0.993508	3.89479
332.815	0.993532	3.89502
333.049	0.993556	3.89524
333.284	0.99358	3.89547
333.518	0.993605	3.8957
333.752	0.993629	3.89592
333.986	0.993653	3.89615
334.22	0.993677	3.89637
334.455	0.993701	3.8966
334.689	0.993725	3.89683
334.923	0.993749	3.89705
335.157	0.993773	3.89728
335.391	0.993797	3.89751
335.626	0.993821	3.89773
335.86	0.993844	3.89796
336.094	0.993868	3.89818
336.328	0.993892	3.89841
336.562	0.993916	3.89864
336.797	0.99394	3.89886
337.031	0.993964	3.89909
337.265	0.993987	3.89932
337.499	0.994011	3.89954
337.734	0.994035	3.89977
337.968	0.994059	3.9
338.202	0.994083	3.90022
338.436	0.994106	3.90045
338.67	0.99413	3.90067
338.905	0.994154	3.9009
339.139	0.994177	3.90113
339.373	0.994201	3.90135
339.607	0.994225	3.90158
339.841	0.994248	3.90181
340.076	0.994272	3.90203
340.31	0.994295	3.90226
340.544	0.994319	3.90249
340.781	0.994343	3.90271
341.015	0.994366	3.90294
341.249	0.99439	3.90317
341.483	0.994413	3.90339
341.717	0.994437	3.90362
341.952	0.99446	3.90385
342.186	0.994484	3.90407
342.42	0.994507	3.9043
342.654	0.99453	3.90453
342.889	0.994554	3.90475
343.123	0.994577	3.90498
343.357	0.9946	3.90521
343.591	0.994624	3.90543
343.825	0.994647	3.90566
344.06	0.99467	3.90589
344.294	0.994694	3.90611
344.528	0.994717	3.90634
344.762	0.99474	3.90657
344.996	0.994764	3.90679
345.231	0.994787	3.90702
345.465	0.99481	3.90725
345.699	0.994833	3.90747
345.933	0.994856	3.9077
346.168	0.994879	3.90793
346.402	0.994903	3.90815
346.636	0.994926	3.90838
346.87	0.994949	3.90861
347.104	0.994972	3.90883
347.339	0.994995	3.90906
347.573	0.995018	3.90929
347.807	0.995041	3.90951
348.041	0.995064	3.90974
348.275	0.995087	3.90997
348.51	0.99511	3.91019
348.744	0.995133	3.91042
348.978	0.995156	3.91065
349.212	0.995179	3.91087
349.446	0.995202	3.9111
349.681	0.995225	3.91133
349.915	0.995248	3.91155
350.149	0.995271	3.91178
350.383	0.995293	3.91201
350.618	0.995316	3.91223
350.852	0.995339	3.91246
351.086	0.995362	3.91269
351.32	0.995385	3.91291
351.554	0.995407	3.91314
351.789	0.99543	3.91337
352.023	0.995453	3.91359
352.257	0.995476	3.91382
352.491	0.995498	3.91405
352.725	0.995521	3.91427
352.96	0.995544	3.9145
353.194	0.995566	3.91473
353.428	0.995589	3.91495
353.662	0.995612	3.91518
353.897	0.995634	3.91541
354.131	0.995657	3.91564
354.365	0.995679	3.91586
354.599	0.995702	3.91609
354.833	0.995724	3.91632
355.068	0.995747	3.91654
355.302	0.99577	3.91677
355.536	0.995792	3.917
355.77	0.995815	3.91722
356.004	0.995837	3.91745
356.239	0.995859	3.91768
356.473	0.995882	3.9179
356.707	0.995904	3.91813
356.941	0.995927	3.91836
357.175	0.995949	3.91859
357.41	0.995971	3.91881
357.644	0.995994	3.91904
357.878	0.996016	3.91927
358.112	0.996038	3.91949
358.347	0.996061	3.91972
358.581	0.996083	3.91995
358.815	0.996105	3.92018
359.049	0.996128	3.9204
359.283	0.99615	3.92063
359.518	0.996172	3.92086
359.752	0.996194	3.92108
359.986	0.996216	3.92131
360.22	0.996239	3.92154
360.454	0.996261	3.92176
360.689	0.996283	3.92199
360.923	0.996305	3.92222
361.157	0.996327	3.92245
361.391	0.996349	3.92267
361.625	0.996371	3.9229
361.86	0.996393	3.92313
362.094	0.996415	3.92336
362.328	0.996437	3.92358
362.562	0.996459	3.92381
362.797	0.996481	3.92404
363.031	0.996503	3.92426
363.265	0.996525	3.92449
363.499	0.996547	3.92472
363.733	0.996569	3.92495
363.968	0.996591	3.92517
364.202	0.996613	3.9254
364.436	0.996635	3.92563
364.67	0.996657	3.92586
364.904	0.996679	3.92608
365.139	0.996701	3.92631
365.373	0.996722	3.92654
365.607	0.996744	3.92676
365.841	0.996766	3.92699
366.076	0.996788	3.92722
366.31	0.99681	3.92745
366.544	0.996831	3.92767
366.778	0.996853	3.9279
367.012	0.996875	3.92813
367.247	0.996897	3.92836
367.481	0.996918	3.92858
367.715	0.99694	3.92881
367.949	0.996962	3.92904
368.183	0.996983	3.92927
368.418	0.997005	3.92949
368.652	0.997026	3.92972
368.886	0.997048	3.92995
369.12	0.99707	3.93018
369.354	0.997091	3.9304
369.589	0.997113	3.93063
369.823	0.997134	3.93086
370.057	0.997156	3.93109
370.291	0.997177	3.93131
370.526	0.997199	3.93154
370.76	0.99722	3.93177
370.994	0.997242	3.932
371.228	0.997263	3.93222
371.462	0.997285	3.93245
371.697	0.997306	3.93268
371.931	0.997327	3.93291
372.165	0.997349	3.93313
372.399	0.99737	3.93336
372.633	0.997392	3.93359
372.868	0.997413	3.93382
373.102	0.997434	3.93404
373.336	0.997456	3.93427
373.57	0.997477	3.9345
373.805	0.997498	3.93473
374.039	0.997519	3.93496
374.273	0.997541	3.93518
374.507	0.997562	3.93541
374.741	0.997583	3.93564
374.976	0.997604	3.93587
375.21	0.997625	3.93609
375.444	0.997647	3.93632
375.678	0.997668	3.93655
375.912	0.997689	3.93678
376.147	0.99771	3.93701
376.381	0.997731	3.93723
376.615	0.997752	3.93746
376.849	0.997773	3.93769
377.083	0.997794	3.93792
377.318	0.997816	3.93814
377.552	0.997837	3.93837
377.786	0.997858	3.9386
378.02	0.997879	3.93883
378.255	0.9979	3.93906
378.489	0.997921	3.93928
378.723	0.997942	3.93951
378.957	0.997962	3.93974
379.191	0.997983	3.93997
379.426	0.998004	3.9402
379.66	0.998025	3.94042
379.894	0.998046	3.94065
380.128	0.998067	3.94088
380.362	0.998088	3.94111
380.597	0.998109	3.94134
380.831	0.99813	3.94156
381.065	0.99815	3.94179
381.299	0.998171	3.94202
381.534	0.998192	3.94225
381.768	0.998213	3.94248
382.002	0.998234	3.9427
382.236	0.998254	3.94293
382.47	0.998275	3.94316
382.705	0.998296	3.94339
382.939	0.998316	3.94362
383.173	0.998337	3.94384
383.407	0.998358	3.94407
383.641	0.998378	3.9443
383.876	0.998399	3.94453
384.11	0.99842	3.94476
384.344	0.99844	3.94499
384.578	0.998461	3.94521
384.812	0.998482	3.94544
385.047	0.998502	3.94567
385.281	0.998523	3.9459
385.515	0.998543	3.94613
385.749	0.998564	3.94636
385.984	0.998584	3.94658
386.218	0.998605	3.94681
386.452	0.998625	3.94704
386.686	0.998646	3.94727
386.92	0.998666	3.9475
387.155	0.998687	3.94772
387.389	0.998707	3.94795
387.623	0.998727	3.94818
387.857	0.998748	3.94841
388.091	0.998768	3.94864
388.326	0.998789	3.94887
388.56	0.998809	3.9491
388.794	0.998829	3.94932
389.028	0.99885	3.94955
389.262	0.99887	3.94978
389.497	0.99889	3.95001
389.731	0.998911	3.95024
389.965	0.998931	3.95047
390.199	0.998951	3.95069
390.434	0.998971	3.95092
390.668	0.998992	3.95115
390.902	0.999012	3.95138
391.136	0.999032	3.95161
391.37	0.999052	3.95184
391.605	0.999072	3.95207
391.839	0.999092	3.95229
392.073	0.999113	3.95252
392.307	0.999133	3.95275
392.541	0.999153	3.95298
392.776	0.999173	3.95321
393.01	0.999193	3.95344
393.244	0.999213	3.95367
393.478	0.999233	3.95389
393.713	0.999253	3.95412
393.947	0.999273	3.95435
394.181	0.999293	3.95458
394.415	0.999313	3.95481
394.649	0.999333	3.95504
394.884	0.999353	3.95527
395.118	0.999373	3.9555
395.352	0.999393	3.95572
395.586	0.999413	3.95595
395.82	0.999433	3.95618
396.055	0.999453	3.95641
396.289	0.999473	3.95664
396.523	0.999493	3.95687
396.757	0.999513	3.9571
396.991	0.999532	3.95733
397.226	0.999552	3.95755
397.46	0.999572	3.95778
397.694	0.999592	3.95801
397.928	0.999612	3.95824
398.163	0.999631	3.95847
398.397	0.999651	3.9587
398.631	0.999671	3.95893
398.865	0.999691	3.95916
399.099	0.99971	3.95939
399.334	0.99973	3.95962
399.568	0.99975	3.95984
399.802	0.99977	3.96007
400.036	0.999789	3.9603
400.27	0.999809	3.96053
400.505	0.999829	3.96076
400.739	0.999848	3.96099
400.973	0.999868	3.96122
401.207	0.999887	3.96145
401.442	0.999907	3.96168
401.676	0.999927	3.96191
401.91	0.999946	3.96214
402.144	0.999966	3.96236
402.378	0.999985	3.96259
402.613	1	3.96282
402.847	1.00002	3.96305
403.081	1.00004	3.96328
403.315	1.00006	3.96351
403.549	1.00008	3.96374
403.784	1.0001	3.96397
404.018	1.00012	3.9642
404.252	1.00014	3.96443
404.486	1.00016	3.96466
404.72	1.00018	3.96489
404.955	1.0002	3.96512
405.189	1.00022	3.96534
405.423	1.00024	3.96557
405.657	1.00026	3.9658
405.892	1.00028	3.96603
406.126	1.0003	3.96626
406.36	1.00032	3.96649
406.594	1.00033	3.96672
406.828	1.00035	3.96695
407.063	1.00037	3.96718
407.297	1.00039	3.96741
407.531	1.00041	3.96764
407.765	1.00043	3.96787
407.999	1.00045	3.9681
408.234	1.00047	3.96833
408.468	1.00049	3.96856
408.702	1.00051	3.96879
408.936	1.00053	3.96902
409.171	1.00055	3.96924
409.405	1.00057	3.96947
409.639	1.00058	3.9697
409.873	1.0006	3.96993
410.107	1.00062	3.97016
410.342	1.00064	3.97039
410.576	1.00066	3.97062
410.81	1.00068	3.97085
411.044	1.0007	3.97108
411.278	1.00072	3.97131
411.513	1.00074	3.97154
411.747	1.00076	3.97177
411.981	1.00077	3.972
412.215	1.00079	3.97223
412.449	1.00081	3.97246
412.684	1.00083	3.97269
412.918	1.00085	3.97292
413.152	1.00087	3.97315
413.386	1.00089	3.97338
413.621	1.00091	3.97361
413.855	1.00093	3.97384
414.089	1.00095	3.97407
414.323	1.00096	3.9743
414.557	1.00098	3.97453
414.792	1.001	3.97476
415.026	1.00102	3.97499
415.26	1.00104	3.97522
415.494	1.00106	3.97545
415.728	1.00108	3.97568
415.963	1.0011	3.97591
416.197	1.00111	3.97614
416.431	1.00113	3.97637
416.665	1.00115	3.9766
416.899	1.00117	3.97683
417.134	1.00119	3.97706
417.368	1.00121	3.97729
417.602	1.00123	3.97752
417.836	1.00125	3.97775
418.071	1.00126	3.97798
418.305	1.00128	3.97821
418.539	1.0013	3.97844
418.773	1.00132	3.97867
419.007	1.00134	3.9789
419.242	1.00136	3.97913
419.476	1.00138	3.97936
419.71	1.00139	3.97959
419.944	1.00141	3.97982
420.178	1.00143	3.98005
420.413	1.00145	3.98028
420.647	1.00147	3.98051
420.881	1.00149	3.98074
421.115	1.00151	3.98097
421.35	1.00152	3.9812
421.584	1.00154	3.98143
421.818	1.00156	3.98166
422.052	1.00158	3.98189
422.286	1.0016	3.98212
422.521	1.00162	3.98235
422.755	1.00163	3.98258
422.989	1.00165	3.98281
423.223	1.00167	3.98304
423.457	1.00169	3.98327
423.692	1.00171	3.98351
423.926	1.00173	3.98374
424.16	1.00174	3.98397
424.394	1.00176	3.9842
424.628	1.00178	3.98443
424.863	1.0018	3.98466
425.097	1.00182	3.98489
425.331	1.00184	3.98512
425.565	1.00185	3.98535
425.8	1.00187	3.98558
426.034	1.00189	3.98581
426.268	1.00191	3.98604
426.502	1.00193	3.98627
426.736	1.00195	3.9865
426.971	1.00196	3.98673
427.205	1.00198	3.98696
427.439	1.002	3.98719
427.673	1.00202	3.98743
427.907	1.00204	3.98766
428.142	1.00205	3.98789
428.376	1.00207	3.98812
428.61	1.00209	3.98835
428.844	1.00211	3.98858
429.079	1.00213	3.98881
429.313	1.00214	3.98904
429.547	1.00216	3.98927
429.781	1.00218	3.9895
430.015	1.0022	3.98973
430.25	1.00222	3.98996
430.484	1.00223	3.9902
430.718	1.00225	3.99043
430.952	1.00227	3.99066
431.186	1.00229	3.99089
431.421	1.00231	3.99112
431.655	1.00232	3.99135
431.889	1.00234	3.99158
432.123	1.00236	3.99181
432.357	1.00238	3.99204
432.592	1.0024	3.99227
432.826	1.00241	3.99251
433.06	1.00243	3.99274
433.294	1.00245	3.99297
433.529	1.00247	3.9932
433.763	1.00249	3.99343
433.997	1.0025	3.99366
434.231	1.00252	3.99389
434.465	1.00254	3.99412
434.7	1.00256	3.99436
434.934	1.00257	3.99459
435.168	1.00259	3.99482
435.402	1.00261	3.99505
435.636	1.00263	3.99528
435.871	1.00265	3.99551
436.105	1.00266	3.99574
436.339	1.00268	3.99597
436.573	1.0027	3.99621
436.808	1.00272	3.99644
437.042	1.00273	3.99667
437.276	1.00275	3.9969
437.51	1.00277	3.99713
437.744	1.00279	3.99736
437.979	1.0028	3.99759
438.213	1.00282	3.99783
438.447	1.00284	3.99806
438.681	1.00286	3.99829
438.915	1.00287	3.99852
439.15	1.00289	3.99875
439.384	1.00291	3.99898
439.618	1.00293	3.99921
439.852	1.00294	3.99945
440.086	1.00296	3.99968
440.321	1.00298	3.99991
440.555	1.003	4.00014
440.789	1.00301	4.00037
441.023	1.00303	4.0006
441.258	1.00305	4.00084
441.492	1.00307	4.00107
441.726	1.00308	4.0013
441.96	1.0031	4.00153
442.194	1.00312	4.00176
442.429	1.00314	4.00199
442.663	1.00315	4.00223
442.897	1.00317	4.00246
443.131	1.00319	4.00269
443.365	1.00321	4.00292
443.6	1.00322	4.00315
443.834	1.00324	4.00339
444.068	1.00326	4.00362
444.302	1.00327	4.00385
444.537	1.00329	4.00408
444.771	1.00331	4.00431
445.005	1.00333	4.00454
445.239	1.00334	4.00478
445.473	1.00336	4.00501
445.708	1.00338	4.00524
445.942	1.0034	4.00547
446.176	1.00341	4.0057
446.41	1.00343	4.00594
446.644	1.00345	4.00617
446.879	1.00346	4.0064
447.113	1.00348	4.00663
447.347	1.0035	4.00687
447.581	1.00352	4.0071
447.815	1.00353	4.00733
448.05	1.00355	4.00756
448.284	1.00357	4.00779
448.518	1.00358	4.00803
448.752	1.0036	4.00826
448.987	1.00362	4.00849
449.221	1.00364	4.00872
449.455	1.00365	4.00896
449.689	1.00367	4.00919
449.923	1.00369	4.00942
450.158	1.0037	4.00965
450.392	1.00372	4.00988
450.626	1.00374	4.01012
450.86	1.00375	4.01035
451.094	1.00377	4.01058
451.329	1.00379	4.01081
451.563	1.00381	4.01105
451.797	1.00382	4.01128
452.031	1.00384	4.01151
452.265	1.00386	4.01174
452.5	1.00387	4.01198
452.734	1.00389	4.01221
452.968	1.00391	4.01244
453.202	1.00392	4.01267
453.437	1.00394	4.01291
453.671	1.00396	4.01314
453.905	1.00397	4.01337
454.139	1.00399	4.0136
454.373	1.00401	4.01384
454.608	1.00402	4.01407
454.842	1.00404	4.0143
455.076	1.00406	4.01454
455.31	1.00407	4.01477
455.544	1.00409	4.015
455.779	1.00411	4.01523
456.013	1.00412	4.01547
456.247	1.00414	4.0157
456.481	1.00416	4.01593
456.716	1.00417	4.01617
456.95	1.00419	4.0164
457.184	1.00421	4.01663
457.418	1.00422	4.01686
457.652	1.00424	4.0171
457.887	1.00426	4.01733
458.121	1.00427	4.01756
458.355	1.00429	4.0178
458.589	1.00431	4.01803
458.823	1.00432	4.01826
459.058	1.00434	4.01849
459.292	1.00436	4.01873
459.526	1.00437	4.01896
459.76	1.00439	4.01919
459.994	1.00441	4.01943
460.229	1.00442	4.01966
460.463	1.00444	4.01989
460.697	1.00446	4.02013
460.931	1.00447	4.02036
461.166	1.00449	4.02059
461.4	1.00451	4.02083
461.634	1.00452	4.02106
461.868	1.00454	4.02129
462.102	1.00456	4.02153
462.337	1.00457	4.02176
462.571	1.00459	4.02199
462.805	1.0046	4.02223
463.039	1.00462	4.02246
463.273	1.00464	4.02269
463.508	1.00465	4.02293
463.742	1.00467	4.02316
463.976	1.00469	4.02339
464.21	1.0047	4.02363
464.445	1.00472	4.02386
464.679	1.00474	4.02409
464.913	1.00475	4.02433
465.147	1.00477	4.02456
465.381	1.00478	4.02479
465.616	1.0048	4.02503
465.85	1.00482	4.02526
466.084	1.00483	4.02549
466.318	1.00485	4.02573
466.552	1.00487	4.02596
466.787	1.00488	4.0262
467.021	1.0049	4.02643
467.255	1.00491	4.02666
467.489	1.00493	4.0269
467.723	1.00495	4.02713
467.958	1.00496	4.02736
468.192	1.00498	4.0276
468.426	1.00499	4.02783
468.66	1.00501	4.02807
468.895	1.00503	4.0283
469.129	1.00504	4.02853
469.363	1.00506	4.02877
469.597	1.00508	4.029
469.831	1.00509	4.02924
470.066	1.00511	4.02947
470.3	1.00512	4.0297
470.534	1.00514	4.02994
470.768	1.00516	4.03017
471.002	1.00517	4.03041
471.237	1.00519	4.03064
471.471	1.0052	4.03087
471.705	1.00522	4.03111
471.939	1.00524	4.03134
472.174	1.00525	4.03158
472.408	1.00527	4.03181
472.642	1.00528	4.03204
472.876	1.0053	4.03228
473.11	1.00532	4.03251
473.345	1.00533	4.03275
473.579	1.00535	4.03298
473.813	1.00536	4.03321
474.047	1.00538	4.03345
474.281	1.00539	4.03368
474.516	1.00541	4.03392
474.75	1.00543	4.03415
474.984	1.00544	4.03439
475.218	1.00546	4.03462
475.452	1.00547	4.03486
475.687	1.00549	4.03509
475.921	1.00551	4.03532
476.155	1.00552	4.03556
476.389	1.00554	4.03579
476.624	1.00555	4.03603
476.858	1.00557	4.03626
477.092	1.00558	4.0365
477.326	1.0056	4.03673
477.56	1.00562	4.03697
477.795	1.00563	4.0372
478.029	1.00565	4.03743
478.263	1.00566	4.03767
478.497	1.00568	4.0379
478.731	1.00569	4.03814
478.966	1.00571	4.03837
479.2	1.00573	4.03861
479.434	1.00574	4.03884
479.668	1.00576	4.03908
479.902	1.00577	4.03931
480.137	1.00579	4.03955
480.371	1.0058	4.03978
480.605	1.00582	4.04002
480.839	1.00584	4.04025
481.074	1.00585	4.04049
481.308	1.00587	4.04072
481.542	1.00588	4.04096
481.776	1.0059	4.04119
482.01	1.00591	4.04143
482.245	1.00593	4.04166
482.479	1.00594	4.0419
482.713	1.00596	4.04213
482.947	1.00597	4.04237
483.181	1.00599	4.0426
483.416	1.00601	4.04284
483.65	1.00602	4.04307
483.884	1.00604	4.04331
484.118	1.00605	4.04354
484.353	1.00607	4.04378
484.587	1.00608	4.04401
484.821	1.0061	4.04425
485.055	1.00611	4.04448
485.289	1.00613	4.04472
485.524	1.00614	4.04495
485.758	1.00616	4.04519
485.992	1.00618	4.04542
486.226	1.00619	4.04566
486.46	1.00621	4.04589
486.695	1.00622	4.04613
486.929	1.00624	4.04637
487.163	1.00625	4.0466
487.397	1.00627	4.04684
487.631	1.00628	4.04707
487.866	1.0063	4.04731
488.1	1.00631	4.04754
488.334	1.00633	4.04778
488.568	1.00634	4.04801
488.803	1.00636	4.04825
489.037	1.00637	4.04849
489.271	1.00639	4.04872
489.505	1.0064	4.04896
489.739	1.00642	4.04919
489.974	1.00643	4.04943
490.208	1.00645	4.04966
490.442	1.00647	4.0499
490.676	1.00648	4.05014
490.91	1.0065	4.05037
491.145	1.00651	4.05061
491.379	1.00653	4.05084
491.613	1.00654	4.05108
491.847	1.00656	4.05131
492.082	1.00657	4.05155
492.316	1.00659	4.05179
492.55	1.0066	4.05202
492.784	1.00662	4.05226
493.018	1.00663	4.05249
493.253	1.00665	4.05273
493.487	1.00666	4.05297
493.721	1.00668	4.0532
493.955	1.00669	4.05344
494.189	1.00671	4.05367
494.424	1.00672	4.05391
494.658	1.00674	4.05415
494.892	1.00675	4.05438
495.126	1.00677	4.05462
495.36	1.00678	4.05485
495.595	1.0068	4.05509
495.829	1.00681	4.05533
496.063	1.00683	4.05556
496.297	1.00684	4.0558
496.532	1.00686	4.05604
496.766	1.00687	4.05627
497	1.00689	4.05651
497.234	1.0069	4.05675
497.468	1.00692	4.05698
497.703	1.00693	4.05722
497.937	1.00695	4.05745
498.171	1.00696	4.05769
498.405	1.00698	4.05793
498.639	1.00699	4.05816
498.874	1.007	4.0584
499.108	1.00702	4.05864
499.342	1.00703	4.05887
499.576	1.00705	4.05911
499.811	1.00706	4.05935
