0	1.00149	3.55791
0	1.00149	3.55791
1.48129	1.00875	3.57094
2.97738	1.00645	3.5684
4.45867	1.00456	3.568
5.93996	1.00305	3.56938
7.42124	0.999945	3.56889
8.90253	0.996947	3.56943
10.369	0.99339	3.56957
11.8503	0.989518	3.56975
13.3316	0.985439	3.56996
14.8129	0.981164	3.5701
16.2941	0.976786	3.57027
17.7754	0.972332	3.57041
19.2567	0.967845	3.57055
20.7528	0.963313	3.57068
22.2341	0.958853	3.57081
23.7154	0.954442	3.57093
25.1967	0.950099	3.57104
26.678	0.94584	3.57115
28.1592	0.941675	3.57126
29.6405	0.937617	3.57136
31.1218	0.93367	3.57146
32.6031	0.929842	3.57156
34.0844	0.926136	3.57165
35.5657	0.922554	3.57174
37.047	0.919098	3.57183
38.5134	0.915802	3.57192
39.9947	0.912597	3.572
41.476	0.909516	3.57209
42.9573	0.906559	3.57217
44.4386	0.903723	3.57225
45.9199	0.901005	3.57234
47.4012	0.898403	3.57242
48.8824	0.895913	3.5725
50.3637	0.893532	3.57258
51.845	0.891257	3.57265
53.3263	0.889085	3.57273
54.8076	0.887012	3.57281
56.2889	0.885034	3.57289
57.7702	0.883148	3.57296
59.2514	0.881351	3.57304
60.7327	0.879639	3.57311
62.214	0.878009	3.57319
63.6953	0.876457	3.57326
65.1766	0.87498	3.57334
66.6579	0.873575	3.57341
68.1392	0.872239	3.57349
69.6204	0.870968	3.57356
71.1017	0.869761	3.57363
72.583	0.868614	3.57371
74.0643	0.867524	3.57378
75.5456	0.866489	3.57386
77.0269	0.865507	3.57393
78.5082	0.864574	3.574
79.9894	0.863689	3.57408
81.4707	0.862849	3.57415
82.952	0.862053	3.57422
84.4333	0.861297	3.57429
85.9146	0.860581	3.57437
87.3959	0.859903	3.57444
88.8772	0.859259	3.57451
90.3584	0.85865	3.57459
91.8397	0.858072	3.57466
93.321	0.857526	3.57473
94.8023	0.857008	3.5748
96.2836	0.856518	3.57488
97.7649	0.856054	3.57495
99.2462	0.855615	3.57502
100.727	0.8552	3.57509
102.209	0.854808	3.57517
103.69	0.854437	3.57524
105.171	0.854086	3.57531
106.653	0.853755	3.57538
108.134	0.853442	3.57546
109.615	0.853146	3.57553
111.096	0.852867	3.5756
112.578	0.852604	3.57567
114.059	0.852356	3.57574
115.54	0.852122	3.57582
117.022	0.851901	3.57589
118.503	0.851693	3.57596
119.984	0.851498	3.57603
121.465	0.851313	3.57611
122.947	0.85114	3.57618
124.428	0.850977	3.57625
125.909	0.850824	3.57632
127.391	0.85068	3.5764
128.872	0.850545	3.57647
130.353	0.850419	3.57654
131.834	0.8503	3.57661
133.316	0.850189	3.57668
134.797	0.850085	3.57676
136.278	0.849988	3.57683
137.76	0.849898	3.5769
139.241	0.849813	3.57697
140.722	0.849734	3.57705
142.203	0.849661	3.57712
143.685	0.849593	3.57719
145.166	0.84953	3.57726
146.647	0.849472	3.57733
148.129	0.849418	3.57741
149.61	0.849368	3.57748
151.091	0.849322	3.57755
152.572	0.84928	3.57762
154.054	0.849242	3.5777
155.535	0.849207	3.57777
157.016	0.849175	3.57784
158.498	0.849147	3.57791
159.979	0.849121	3.57798
161.46	0.849098	3.57806
162.941	0.849077	3.57813
164.423	0.849059	3.5782
165.904	0.849044	3.57827
167.385	0.84903	3.57834
168.867	0.849019	3.57842
170.348	0.84901	3.57849
171.829	0.849002	3.57856
173.31	0.848996	3.57863
174.792	0.848992	3.57871
176.273	0.84899	3.57878
177.754	0.848989	3.57885
179.236	0.84899	3.57892
180.717	0.848992	3.57899
182.198	0.848995	3.57907
183.679	0.848999	3.57914
185.161	0.849005	3.57921
186.642	0.849011	3.57928
188.123	0.849019	3.57936
189.605	0.849028	3.57943
191.086	0.849037	3.5795
192.567	0.849048	3.57957
194.048	0.849059	3.57964
195.53	0.849071	3.57972
197.011	0.849084	3.57979
198.492	0.849098	3.57986
199.974	0.849112	3.57993
201.455	0.849127	3.58001
202.936	0.849142	3.58008
204.417	0.849158	3.58015
205.899	0.849175	3.58022
207.38	0.849192	3.5803
208.861	0.84921	3.58037
210.343	0.849228	3.58044
211.824	0.849246	3.58051
213.305	0.849265	3.58058
214.786	0.849284	3.58066
216.268	0.849304	3.58073
217.749	0.849324	3.5808
219.23	0.849344	3.58087
220.712	0.849365	3.58095
222.193	0.849386	3.58102
223.674	0.849407	3.58109
225.155	0.849428	3.58116
226.637	0.84945	3.58124
228.118	0.849472	3.58131
229.599	0.849494	3.58138
231.081	0.849516	3.58145
232.562	0.849539	3.58152
234.043	0.849562	3.5816
235.524	0.849584	3.58167
237.006	0.849608	3.58174
238.487	0.849631	3.58181
239.968	0.849654	3.58189
241.45	0.849678	3.58196
242.931	0.849701	3.58203
244.412	0.849725	3.5821
245.893	0.849749	3.58218
247.375	0.849773	3.58225
248.856	0.849797	3.58232
250.337	0.849821	3.58239
251.819	0.849845	3.58246
253.3	0.84987	3.58254
254.781	0.849894	3.58261
256.262	0.849919	3.58268
257.744	0.849943	3.58275
259.225	0.849968	3.58283
260.706	0.849993	3.5829
262.188	0.850018	3.58297
263.669	0.850043	3.58304
265.15	0.850067	3.58312
266.631	0.850092	3.58319
268.113	0.850117	3.58326
269.594	0.850143	3.58333
271.075	0.850168	3.58341
272.557	0.850193	3.58348
274.038	0.850218	3.58355
275.519	0.850243	3.58362
277.015	0.850269	3.5837
278.497	0.850294	3.58377
279.978	0.850319	3.58384
281.459	0.850345	3.58391
282.94	0.85037	3.58399
284.422	0.850396	3.58406
285.903	0.850421	3.58413
287.384	0.850446	3.5842
288.866	0.850472	3.58428
290.347	0.850497	3.58435
291.828	0.850523	3.58442
293.309	0.850548	3.58449
294.791	0.850574	3.58457
296.272	0.8506	3.58464
297.753	0.850625	3.58471
299.235	0.850651	3.58478
300.716	0.850676	3.58486
302.197	0.850702	3.58493
303.678	0.850728	3.585
305.16	0.850753	3.58507
306.641	0.850779	3.58515
308.122	0.850805	3.58522
309.604	0.85083	3.58529
311.085	0.850856	3.58536
312.566	0.850882	3.58544
314.047	0.850907	3.58551
315.529	0.850933	3.58558
317.01	0.850959	3.58565
318.491	0.850984	3.58573
319.973	0.85101	3.5858
321.454	0.851036	3.58587
322.935	0.851062	3.58594
324.416	0.851087	3.58602
325.898	0.851113	3.58609
327.379	0.851139	3.58616
328.86	0.851165	3.58623
330.342	0.85119	3.58631
331.823	0.851216	3.58638
333.304	0.851242	3.58645
334.785	0.851268	3.58652
336.267	0.851293	3.5866
337.748	0.851319	3.58667
339.229	0.851345	3.58674
340.711	0.851371	3.58681
342.192	0.851396	3.58689
343.673	0.851422	3.58696
345.154	0.851448	3.58703
346.636	0.851474	3.5871
348.117	0.851499	3.58718
349.598	0.851525	3.58725
351.08	0.851551	3.58732
352.561	0.851577	3.58739
354.042	0.851603	3.58747
355.523	0.851628	3.58754
357.005	0.851654	3.58761
358.486	0.85168	3.58769
359.967	0.851706	3.58776
361.449	0.851731	3.58783
362.93	0.851757	3.5879
364.411	0.851783	3.58798
365.892	0.851809	3.58805
367.374	0.851835	3.58812
368.855	0.85186	3.58819
370.336	0.851886	3.58827
371.818	0.851912	3.58834
373.299	0.851938	3.58841
374.78	0.851964	3.58848
376.261	0.851989	3.58856
377.743	0.852015	3.58863
379.224	0.852041	3.5887
380.705	0.852067	3.58878
382.187	0.852092	3.58885
383.668	0.852118	3.58892
385.149	0.852144	3.58899
386.63	0.85217	3.58907
388.112	0.852196	3.58914
389.593	0.852221	3.58921
391.074	0.852247	3.58928
392.556	0.852273	3.58936
394.037	0.852299	3.58943
395.518	0.852325	3.5895
396.999	0.85235	3.58958
398.481	0.852376	3.58965
399.962	0.852402	3.58972
401.443	0.852428	3.58979
402.925	0.852454	3.58987
404.406	0.852479	3.58994
405.887	0.852505	3.59001
407.368	0.852531	3.59008
408.85	0.852557	3.59016
410.331	0.852583	3.59023
411.812	0.852608	3.5903
413.294	0.852634	3.59038
414.775	0.85266	3.59045
416.256	0.852686	3.59052
417.737	0.852712	3.59059
419.219	0.852738	3.59067
420.7	0.852763	3.59074
422.181	0.852789	3.59081
423.663	0.852815	3.59089
425.144	0.852841	3.59096
426.625	0.852867	3.59103
428.106	0.852892	3.5911
429.588	0.852918	3.59118
431.069	0.852944	3.59125
432.55	0.85297	3.59132
434.032	0.852996	3.5914
435.513	0.853022	3.59147
436.994	0.853047	3.59154
438.475	0.853073	3.59161
439.957	0.853099	3.59169
441.438	0.853125	3.59176
442.919	0.853151	3.59183
444.401	0.853176	3.59191
445.882	0.853202	3.59198
447.363	0.853228	3.59205
448.844	0.853254	3.59212
450.326	0.85328	3.5922
451.807	0.853306	3.59227
453.288	0.853331	3.59234
454.77	0.853357	3.59242
456.251	0.853383	3.59249
457.732	0.853409	3.59256
459.213	0.853435	3.59263
460.695	0.853461	3.59271
462.176	0.853486	3.59278
463.657	0.853512	3.59285
465.139	0.853538	3.59293
466.62	0.853564	3.593
468.101	0.85359	3.59307
469.582	0.853616	3.59314
471.064	0.853641	3.59322
472.545	0.853667	3.59329
474.026	0.853693	3.59336
475.508	0.853719	3.59344
476.989	0.853745	3.59351
478.47	0.853771	3.59358
479.951	0.853797	3.59366
481.433	0.853822	3.59373
482.914	0.853848	3.5938
484.395	0.853874	3.59387
485.877	0.8539	3.59395
487.358	0.853926	3.59402
488.839	0.853952	3.59409
490.32	0.853978	3.59417
491.802	0.854003	3.59424
493.283	0.854029	3.59431
494.764	0.854055	3.59438
496.246	0.854081	3.59446
497.727	0.854107	3.59453
499.208	0.854133	3.5946
