0	1.00149	3.55791
0	1.00149	3.55791
0.331226	1.0023	3.55931
0.662451	1.00422	3.56267
0.996989	1.0064	3.56661
1.32821	1.0081	3.56973
1.65944	1.00897	3.57144
1.99067	1.00896	3.57166
2.31858	1.00832	3.57085
2.6498	1.0074	3.56962
2.98103	1.00652	3.56854
3.31226	1.00586	3.56792
3.64348	1.00549	3.56789
3.97471	1.00538	3.56835
4.30593	1.00542	3.56916
4.63716	1.00546	3.57006
4.96838	1.0054	3.5708
5.29961	1.00516	3.57128
5.63084	1.00476	3.57152
5.96206	1.00426	3.57163
6.29329	1.00369	3.57168
6.62451	1.00311	3.57176
6.95574	1.00255	3.57189
7.28696	1.00201	3.57213
7.61819	1.00151	3.57246
7.94941	1.00101	3.57285
8.28064	1.00049	3.57324
8.61187	0.99993	3.5736
8.94309	0.999333	3.57392
9.27432	0.9987	3.57421
9.60554	0.998036	3.57448
9.93677	0.99735	3.57474
10.268	0.99665	3.575
10.5992	0.995943	3.57527
10.9304	0.995234	3.57556
11.2617	0.99452	3.57587
11.5929	0.993798	3.57619
11.9241	0.993065	3.5765
12.2553	0.992321	3.57682
12.5866	0.991565	3.57713
12.9178	0.990798	3.57743
13.249	0.990021	3.57773
13.5803	0.989237	3.57803
13.9115	0.988447	3.57833
14.2427	0.987654	3.57863
14.5739	0.986859	3.57894
14.9052	0.98606	3.57925
15.2364	0.985259	3.57956
15.5676	0.984456	3.57987
15.8988	0.983651	3.58018
16.2301	0.982844	3.5805
16.5613	0.982036	3.58081
16.8925	0.981228	3.58112
17.2237	0.980419	3.58143
17.555	0.979612	3.58174
17.8895	0.978798	3.58206
18.2207	0.977995	3.58237
18.5519	0.977194	3.58268
18.8832	0.976395	3.583
19.2144	0.9756	3.58331
19.5456	0.974809	3.58363
19.8768	0.974021	3.58394
20.2081	0.973237	3.58426
20.5393	0.972458	3.58457
20.8705	0.971684	3.58489
21.2018	0.970915	3.5852
21.533	0.970152	3.58552
21.8642	0.969395	3.58584
22.1954	0.968643	3.58615
22.5267	0.967898	3.58647
22.8579	0.96716	3.58679
23.1891	0.966428	3.5871
23.5203	0.965704	3.58742
23.8516	0.964987	3.58774
24.1828	0.964277	3.58805
24.514	0.963574	3.58837
24.8452	0.962879	3.58869
25.1765	0.962193	3.58901
25.5077	0.961514	3.58932
25.8389	0.960843	3.58964
26.1701	0.960181	3.58996
26.5014	0.959527	3.59028
26.8326	0.958881	3.5906
27.1638	0.958244	3.59091
27.495	0.957615	3.59123
27.8263	0.956995	3.59155
28.1575	0.956384	3.59187
28.4887	0.955782	3.59219
28.8199	0.955188	3.5925
29.1512	0.954604	3.59282
29.4824	0.954028	3.59314
29.8136	0.953461	3.59346
30.1448	0.952903	3.59378
30.4761	0.952353	3.5941
30.8073	0.951813	3.59441
31.1385	0.951282	3.59473
31.4697	0.950759	3.59505
31.801	0.950245	3.59537
32.1322	0.949741	3.59569
32.4634	0.949244	3.596
32.7946	0.948757	3.59632
33.1259	0.948279	3.59664
33.4571	0.947809	3.59696
33.7883	0.947347	3.59728
34.1196	0.946895	3.5976
34.4508	0.946451	3.59791
34.782	0.946015	3.59823
35.1132	0.945588	3.59855
35.4445	0.945169	3.59887
35.7757	0.944758	3.59918
36.1069	0.944356	3.5995
36.4381	0.943961	3.59982
36.7694	0.943575	3.60014
37.1006	0.943197	3.60045
37.4318	0.942827	3.60077
37.763	0.942464	3.60109
38.0943	0.94211	3.60141
38.4255	0.941762	3.60172
38.7567	0.941423	3.60204
39.0879	0.941091	3.60236
39.4192	0.940766	3.60268
39.7504	0.940449	3.60299
40.0816	0.940139	3.60331
40.4128	0.939836	3.60363
40.7441	0.939541	3.60395
41.0753	0.939252	3.60426
41.4065	0.93897	3.60458
41.7377	0.938695	3.6049
42.069	0.938426	3.60521
42.4002	0.938164	3.60553
42.7314	0.937909	3.60585
43.0626	0.93766	3.60616
43.3939	0.937417	3.60648
43.7251	0.937181	3.6068
44.0563	0.936951	3.60711
44.3875	0.936727	3.60743
44.7188	0.936508	3.60775
45.05	0.936296	3.60806
45.3812	0.936089	3.60838
45.7124	0.935888	3.6087
46.0437	0.935693	3.60901
46.3749	0.935503	3.60933
46.7061	0.935319	3.60964
47.0374	0.93514	3.60996
47.3686	0.934966	3.61028
47.6998	0.934797	3.61059
48.031	0.934634	3.61091
48.3623	0.934475	3.61122
48.6935	0.934322	3.61154
49.0247	0.934173	3.61186
49.3559	0.934029	3.61217
49.6872	0.933889	3.61249
50.0184	0.933754	3.6128
50.3496	0.933624	3.61312
50.6808	0.933498	3.61343
51.0121	0.933376	3.61375
51.3433	0.933259	3.61407
51.6745	0.933146	3.61438
52.0057	0.933037	3.6147
52.337	0.932932	3.61501
52.6682	0.932831	3.61533
52.9994	0.932733	3.61564
53.3306	0.93264	3.61596
53.6619	0.932551	3.61627
53.9931	0.932465	3.61659
54.3243	0.932382	3.6169
54.6555	0.932303	3.61722
54.9868	0.932228	3.61753
55.318	0.932156	3.61785
55.6492	0.932088	3.61816
55.9804	0.932022	3.61848
56.3117	0.93196	3.61879
56.6429	0.931902	3.61911
56.9741	0.931846	3.61942
57.3053	0.931793	3.61974
57.6366	0.931743	3.62005
57.9678	0.931696	3.62037
58.299	0.931652	3.62068
58.6302	0.931611	3.621
58.9615	0.931573	3.62131
59.2927	0.931537	3.62163
59.6239	0.931504	3.62194
59.9552	0.931473	3.62226
60.2864	0.931445	3.62257
60.6176	0.93142	3.62289
60.9488	0.931396	3.6232
61.2801	0.931376	3.62352
61.6113	0.931357	3.62383
61.9425	0.931341	3.62415
62.2737	0.931328	3.62446
62.605	0.931316	3.62477
62.9362	0.931306	3.62509
63.2674	0.931299	3.6254
63.5986	0.931294	3.62572
63.9299	0.93129	3.62603
64.2611	0.931289	3.62635
64.5923	0.93129	3.62666
64.9235	0.931292	3.62698
65.2548	0.931297	3.62729
65.586	0.931303	3.6276
65.9172	0.931311	3.62792
66.2484	0.931321	3.62823
66.5797	0.931332	3.62855
66.9109	0.931345	3.62886
67.2421	0.93136	3.62918
67.5733	0.931376	3.62949
67.9046	0.931394	3.6298
68.2358	0.931413	3.63012
68.567	0.931434	3.63043
68.8982	0.931457	3.63075
69.2295	0.931481	3.63106
69.5607	0.931506	3.63137
69.8919	0.931533	3.63169
70.2231	0.931561	3.632
70.5544	0.93159	3.63232
70.8856	0.93162	3.63263
71.2168	0.931652	3.63294
71.548	0.931685	3.63326
71.8793	0.93172	3.63357
72.2105	0.931755	3.63389
72.5417	0.931792	3.6342
72.8729	0.931829	3.63451
73.2042	0.931868	3.63483
73.5354	0.931908	3.63514
73.8666	0.931949	3.63546
74.1979	0.931991	3.63577
74.5291	0.932034	3.63608
74.8603	0.932078	3.6364
75.1915	0.932123	3.63671
75.5228	0.932169	3.63702
75.854	0.932216	3.63734
76.1852	0.932264	3.63765
76.5164	0.932312	3.63797
76.8477	0.932362	3.63828
77.1789	0.932412	3.63859
77.5068	0.932463	3.6389
77.838	0.932515	3.63922
78.1692	0.932567	3.63953
78.5005	0.932621	3.63984
78.8317	0.932675	3.64016
79.1629	0.93273	3.64047
79.4941	0.932786	3.64079
79.8254	0.932842	3.6411
80.1566	0.932899	3.64141
80.4878	0.932957	3.64173
80.8191	0.933016	3.64204
81.1503	0.933075	3.64235
81.4815	0.933134	3.64267
81.8127	0.933195	3.64298
82.144	0.933255	3.64329
82.4752	0.933317	3.64361
82.8064	0.933379	3.64392
83.1376	0.933441	3.64423
83.4689	0.933505	3.64455
83.8001	0.933568	3.64486
84.1313	0.933632	3.64517
84.4625	0.933697	3.64549
84.7938	0.933762	3.6458
85.125	0.933828	3.64612
85.4562	0.933894	3.64643
85.7874	0.93396	3.64674
86.1187	0.934027	3.64706
86.4499	0.934095	3.64737
86.7811	0.934163	3.64768
87.1123	0.934231	3.648
87.4436	0.9343	3.64831
87.7748	0.934369	3.64862
88.106	0.934438	3.64894
88.4372	0.934508	3.64925
88.7685	0.934578	3.64956
89.0997	0.934649	3.64988
89.4309	0.93472	3.65019
89.7621	0.934791	3.6505
90.0934	0.934862	3.65082
90.4246	0.934934	3.65113
90.7558	0.935006	3.65144
91.087	0.935079	3.65176
91.4183	0.935152	3.65207
91.7495	0.935225	3.65238
92.0807	0.935298	3.6527
92.4119	0.935372	3.65301
92.7432	0.935446	3.65332
93.0744	0.93552	3.65363
93.4056	0.935594	3.65395
93.7369	0.935669	3.65426
94.0681	0.935744	3.65457
94.3993	0.935819	3.65489
94.7305	0.935894	3.6552
95.0618	0.93597	3.65551
95.393	0.936046	3.65583
95.7242	0.936122	3.65614
96.0554	0.936198	3.65645
96.3867	0.936275	3.65677
96.7179	0.936351	3.65708
97.0491	0.936428	3.65739
97.3803	0.936505	3.65771
97.7116	0.936582	3.65802
98.0428	0.936659	3.65833
98.374	0.936737	3.65865
98.7052	0.936815	3.65896
99.0365	0.936892	3.65927
99.3677	0.93697	3.65958
99.6989	0.937049	3.6599
100.03	0.937127	3.66021
100.361	0.937205	3.66052
100.693	0.937284	3.66084
101.024	0.937363	3.66115
101.355	0.937441	3.66146
101.686	0.93752	3.66178
102.017	0.937599	3.66209
102.349	0.937679	3.6624
102.68	0.937758	3.66272
103.011	0.937837	3.66303
103.342	0.937917	3.66334
103.674	0.937996	3.66365
104.005	0.938076	3.66397
104.336	0.938156	3.66428
104.667	0.938236	3.66459
104.999	0.938316	3.66491
105.33	0.938396	3.66522
105.661	0.938476	3.66553
105.992	0.938556	3.66585
106.323	0.938636	3.66616
106.655	0.938717	3.66647
106.986	0.938797	3.66679
107.317	0.938878	3.6671
107.648	0.938958	3.66741
107.98	0.939039	3.66772
108.311	0.93912	3.66804
108.642	0.9392	3.66835
108.973	0.939281	3.66866
109.304	0.939362	3.66898
109.636	0.939443	3.66929
109.967	0.939524	3.6696
110.298	0.939605	3.66991
110.629	0.939686	3.67023
110.961	0.939767	3.67054
111.292	0.939848	3.67085
111.623	0.93993	3.67117
111.954	0.940011	3.67148
112.285	0.940092	3.67179
112.617	0.940173	3.67211
112.948	0.940255	3.67242
113.279	0.940336	3.67273
113.61	0.940417	3.67304
113.942	0.940499	3.67336
114.273	0.94058	3.67367
114.604	0.940662	3.67398
114.935	0.940743	3.6743
115.267	0.940825	3.67461
115.598	0.940906	3.67492
115.929	0.940988	3.67523
116.26	0.941069	3.67555
116.591	0.941151	3.67586
116.923	0.941232	3.67617
117.254	0.941314	3.67649
117.585	0.941395	3.6768
117.916	0.941477	3.67711
118.248	0.941559	3.67743
118.579	0.94164	3.67774
118.91	0.941722	3.67805
119.241	0.941803	3.67836
119.572	0.941885	3.67868
119.904	0.941967	3.67899
120.235	0.942048	3.6793
120.566	0.94213	3.67962
120.897	0.942211	3.67993
121.229	0.942293	3.68024
121.56	0.942375	3.68055
121.891	0.942456	3.68087
122.222	0.942538	3.68118
122.553	0.942619	3.68149
122.885	0.942701	3.68181
123.216	0.942782	3.68212
123.547	0.942864	3.68243
123.878	0.942945	3.68274
124.21	0.943027	3.68306
124.541	0.943108	3.68337
124.872	0.94319	3.68368
125.203	0.943271	3.684
125.535	0.943353	3.68431
125.866	0.943434	3.68462
126.197	0.943516	3.68493
126.528	0.943597	3.68525
126.859	0.943678	3.68556
127.191	0.94376	3.68587
127.522	0.943841	3.68619
127.853	0.943922	3.6865
128.184	0.944004	3.68681
128.516	0.944085	3.68712
128.847	0.944166	3.68744
129.178	0.944247	3.68775
129.509	0.944329	3.68806
129.84	0.94441	3.68837
130.172	0.944491	3.68869
130.503	0.944572	3.689
130.834	0.944653	3.68931
131.165	0.944734	3.68963
131.497	0.944815	3.68994
131.828	0.944896	3.69025
132.159	0.944977	3.69056
132.49	0.945058	3.69088
132.821	0.945139	3.69119
133.153	0.94522	3.6915
133.484	0.945301	3.69182
133.815	0.945382	3.69213
134.146	0.945462	3.69244
134.478	0.945543	3.69275
134.809	0.945624	3.69307
135.14	0.945705	3.69338
135.471	0.945785	3.69369
135.803	0.945866	3.69401
136.134	0.945947	3.69432
136.465	0.946027	3.69463
136.796	0.946108	3.69494
137.127	0.946188	3.69526
137.459	0.946269	3.69557
137.79	0.946349	3.69588
138.121	0.946429	3.6962
138.452	0.94651	3.69651
138.784	0.94659	3.69682
139.115	0.94667	3.69713
139.446	0.946751	3.69745
139.777	0.946831	3.69776
140.108	0.946911	3.69807
140.44	0.946991	3.69839
140.771	0.947071	3.6987
141.102	0.947151	3.69901
141.433	0.947231	3.69932
141.765	0.947311	3.69964
142.096	0.947391	3.69995
142.427	0.947471	3.70026
142.758	0.947551	3.70057
143.089	0.947631	3.70089
143.421	0.947711	3.7012
143.752	0.94779	3.70151
144.083	0.94787	3.70183
144.414	0.94795	3.70214
144.746	0.948029	3.70245
145.077	0.948109	3.70276
145.408	0.948189	3.70308
145.739	0.948268	3.70339
146.071	0.948348	3.7037
146.402	0.948427	3.70402
146.733	0.948506	3.70433
147.064	0.948586	3.70464
147.395	0.948665	3.70495
147.727	0.948744	3.70527
148.058	0.948823	3.70558
148.389	0.948903	3.70589
148.72	0.948982	3.70621
149.052	0.949061	3.70652
149.383	0.94914	3.70683
149.714	0.949219	3.70714
150.045	0.949298	3.70746
150.376	0.949377	3.70777
150.708	0.949456	3.70808
151.039	0.949534	3.7084
151.37	0.949613	3.70871
151.701	0.949692	3.70902
152.033	0.949771	3.70933
152.364	0.949849	3.70965
152.695	0.949928	3.70996
153.026	0.950006	3.71027
153.357	0.950085	3.71059
153.689	0.950163	3.7109
154.02	0.950242	3.71121
154.351	0.95032	3.71152
154.682	0.950399	3.71184
155.014	0.950477	3.71215
155.345	0.950555	3.71246
155.676	0.950633	3.71278
156.007	0.950712	3.71309
156.338	0.95079	3.7134
156.67	0.950868	3.71371
157.001	0.950946	3.71403
157.332	0.951024	3.71434
157.663	0.951102	3.71465
157.995	0.95118	3.71497
158.326	0.951257	3.71528
158.657	0.951335	3.71559
158.988	0.951413	3.7159
159.32	0.951491	3.71622
159.651	0.951568	3.71653
159.982	0.951646	3.71684
160.317	0.951724	3.71716
160.648	0.951802	3.71747
160.979	0.951879	3.71778
161.31	0.951957	3.7181
161.641	0.952034	3.71841
161.973	0.952111	3.71872
162.304	0.952189	3.71904
162.635	0.952266	3.71935
162.966	0.952343	3.71966
163.298	0.95242	3.71997
163.629	0.952497	3.72029
163.96	0.952575	3.7206
164.291	0.952652	3.72091
164.622	0.952729	3.72123
164.954	0.952805	3.72154
165.285	0.952882	3.72185
165.616	0.952959	3.72216
165.947	0.953036	3.72248
166.279	0.953113	3.72279
166.61	0.953189	3.7231
166.941	0.953266	3.72342
167.272	0.953343	3.72373
167.603	0.953419	3.72404
167.935	0.953496	3.72436
168.266	0.953572	3.72467
168.597	0.953649	3.72498
168.928	0.953725	3.72529
169.26	0.953801	3.72561
169.591	0.953878	3.72592
169.922	0.953954	3.72623
170.253	0.95403	3.72655
170.585	0.954106	3.72686
170.916	0.954182	3.72717
171.247	0.954258	3.72749
171.578	0.954334	3.7278
171.909	0.95441	3.72811
172.241	0.954486	3.72842
172.572	0.954562	3.72874
172.903	0.954638	3.72905
173.234	0.954714	3.72936
173.566	0.954789	3.72968
173.897	0.954865	3.72999
174.228	0.954941	3.7303
174.559	0.955016	3.73062
174.89	0.955092	3.73093
175.222	0.955167	3.73124
175.553	0.955243	3.73155
175.884	0.955318	3.73187
176.215	0.955393	3.73218
176.547	0.955469	3.73249
176.878	0.955544	3.73281
177.209	0.955619	3.73312
177.54	0.955694	3.73343
177.871	0.955769	3.73375
178.203	0.955844	3.73406
178.534	0.955919	3.73437
178.865	0.955994	3.73468
179.196	0.956069	3.735
179.528	0.956144	3.73531
179.859	0.956219	3.73562
180.19	0.956294	3.73594
180.521	0.956368	3.73625
180.853	0.956443	3.73656
181.184	0.956518	3.73688
181.515	0.956592	3.73719
181.846	0.956667	3.7375
182.177	0.956741	3.73782
182.509	0.956816	3.73813
182.84	0.95689	3.73844
183.171	0.956965	3.73876
183.502	0.957039	3.73907
183.834	0.957113	3.73938
184.165	0.957187	3.73969
184.496	0.957262	3.74001
184.827	0.957336	3.74032
185.158	0.95741	3.74063
185.49	0.957484	3.74095
185.821	0.957558	3.74126
186.152	0.957632	3.74157
186.483	0.957706	3.74189
186.815	0.957779	3.7422
187.146	0.957853	3.74251
187.477	0.957927	3.74283
187.808	0.958001	3.74314
188.139	0.958074	3.74345
188.471	0.958148	3.74377
188.802	0.958222	3.74408
189.133	0.958295	3.74439
189.464	0.958369	3.74471
189.796	0.958442	3.74502
190.127	0.958515	3.74533
190.458	0.958589	3.74565
190.789	0.958662	3.74596
191.12	0.958735	3.74627
191.452	0.958808	3.74659
191.783	0.958882	3.7469
192.114	0.958955	3.74721
192.445	0.959028	3.74752
192.777	0.959101	3.74784
193.108	0.959174	3.74815
193.439	0.959247	3.74846
193.77	0.959319	3.74878
194.102	0.959392	3.74909
194.433	0.959465	3.7494
194.764	0.959538	3.74972
195.095	0.95961	3.75003
195.426	0.959683	3.75034
195.758	0.959756	3.75066
196.089	0.959828	3.75097
196.42	0.959901	3.75128
196.751	0.959973	3.7516
197.083	0.960046	3.75191
197.414	0.960118	3.75222
197.745	0.96019	3.75254
198.076	0.960263	3.75285
198.407	0.960335	3.75317
198.739	0.960407	3.75348
199.07	0.960479	3.75379
199.401	0.960551	3.75411
199.732	0.960623	3.75442
200.064	0.960695	3.75473
200.395	0.960767	3.75505
200.726	0.960839	3.75536
201.057	0.960911	3.75567
201.388	0.960983	3.75599
201.72	0.961054	3.7563
202.051	0.961126	3.75661
202.382	0.961198	3.75693
202.713	0.961269	3.75724
203.045	0.961341	3.75755
203.376	0.961413	3.75787
203.707	0.961484	3.75818
204.038	0.961555	3.75849
204.37	0.961627	3.75881
204.701	0.961698	3.75912
205.032	0.961769	3.75943
205.363	0.961841	3.75975
205.694	0.961912	3.76006
206.026	0.961983	3.76038
206.357	0.962054	3.76069
206.688	0.962125	3.761
207.019	0.962196	3.76132
207.351	0.962267	3.76163
207.682	0.962338	3.76194
208.013	0.962409	3.76226
208.344	0.96248	3.76257
208.675	0.962551	3.76288
209.007	0.962622	3.7632
209.338	0.962692	3.76351
209.669	0.962763	3.76382
210	0.962834	3.76414
210.332	0.962904	3.76445
210.663	0.962975	3.76477
210.994	0.963045	3.76508
211.325	0.963116	3.76539
211.656	0.963186	3.76571
211.988	0.963256	3.76602
212.319	0.963327	3.76633
212.65	0.963397	3.76665
212.981	0.963467	3.76696
213.313	0.963537	3.76728
213.644	0.963607	3.76759
213.975	0.963677	3.7679
214.306	0.963747	3.76822
214.638	0.963817	3.76853
214.969	0.963887	3.76884
215.3	0.963957	3.76916
215.631	0.964027	3.76947
215.962	0.964097	3.76979
216.294	0.964167	3.7701
216.625	0.964236	3.77041
216.956	0.964306	3.77073
217.287	0.964376	3.77104
217.619	0.964445	3.77135
217.95	0.964515	3.77167
218.281	0.964584	3.77198
218.612	0.964654	3.7723
218.943	0.964723	3.77261
219.275	0.964792	3.77292
219.606	0.964862	3.77324
219.937	0.964931	3.77355
220.268	0.965	3.77387
220.6	0.965069	3.77418
220.931	0.965138	3.77449
221.262	0.965207	3.77481
221.593	0.965276	3.77512
221.924	0.965345	3.77544
222.256	0.965414	3.77575
222.587	0.965483	3.77606
222.918	0.965552	3.77638
223.249	0.965621	3.77669
223.581	0.96569	3.77701
223.912	0.965758	3.77732
224.243	0.965827	3.77763
224.574	0.965896	3.77795
224.906	0.965964	3.77826
225.237	0.966033	3.77858
225.568	0.966101	3.77889
225.899	0.96617	3.7792
226.23	0.966238	3.77952
226.562	0.966307	3.77983
226.893	0.966375	3.78015
227.224	0.966443	3.78046
227.555	0.966511	3.78077
227.887	0.96658	3.78109
228.218	0.966648	3.7814
228.549	0.966716	3.78172
228.88	0.966784	3.78203
229.211	0.966852	3.78234
229.543	0.96692	3.78266
229.874	0.966988	3.78297
230.205	0.967056	3.78329
230.536	0.967123	3.7836
230.868	0.967191	3.78392
231.199	0.967259	3.78423
231.53	0.967327	3.78454
231.861	0.967394	3.78486
232.192	0.967462	3.78517
232.524	0.96753	3.78549
232.855	0.967597	3.7858
233.186	0.967665	3.78612
233.517	0.967732	3.78643
233.849	0.967799	3.78674
234.18	0.967867	3.78706
234.511	0.967934	3.78737
234.842	0.968001	3.78769
235.174	0.968068	3.788
235.505	0.968136	3.78832
235.836	0.968203	3.78863
236.167	0.96827	3.78895
236.498	0.968337	3.78926
236.83	0.968404	3.78957
237.161	0.968471	3.78989
237.492	0.968538	3.7902
237.823	0.968605	3.79052
238.155	0.968671	3.79083
238.486	0.968738	3.79115
238.817	0.968805	3.79146
239.148	0.968872	3.79178
239.479	0.968938	3.79209
239.811	0.969005	3.7924
240.142	0.969071	3.79272
240.473	0.969138	3.79303
240.804	0.969204	3.79335
241.136	0.969271	3.79366
241.467	0.969337	3.79398
241.798	0.969403	3.79429
242.129	0.96947	3.79461
242.46	0.969536	3.79492
242.792	0.969602	3.79524
243.123	0.969668	3.79555
243.454	0.969734	3.79586
243.785	0.969801	3.79618
244.117	0.969867	3.79649
244.448	0.969933	3.79681
244.779	0.969999	3.79712
245.11	0.970064	3.79744
245.442	0.97013	3.79775
245.773	0.970196	3.79807
246.104	0.970262	3.79838
246.435	0.970328	3.7987
246.766	0.970393	3.79901
247.098	0.970459	3.79933
247.429	0.970525	3.79964
247.76	0.97059	3.79996
248.091	0.970656	3.80027
248.423	0.970721	3.80059
248.754	0.970786	3.8009
249.085	0.970852	3.80122
249.416	0.970917	3.80153
249.747	0.970982	3.80185
250.079	0.971048	3.80216
250.41	0.971113	3.80248
250.741	0.971178	3.80279
251.072	0.971243	3.80311
251.404	0.971308	3.80342
251.735	0.971373	3.80374
252.066	0.971438	3.80405
252.397	0.971503	3.80437
252.728	0.971568	3.80468
253.06	0.971633	3.805
253.391	0.971698	3.80531
253.722	0.971763	3.80563
254.053	0.971827	3.80594
254.385	0.971892	3.80626
254.716	0.971957	3.80657
255.047	0.972021	3.80689
255.378	0.972086	3.8072
255.709	0.97215	3.80752
256.041	0.972215	3.80783
256.372	0.972279	3.80815
256.703	0.972344	3.80846
257.034	0.972408	3.80878
257.366	0.972472	3.80909
257.697	0.972537	3.80941
258.028	0.972601	3.80972
258.359	0.972665	3.81004
258.691	0.972729	3.81035
259.022	0.972793	3.81067
259.353	0.972857	3.81098
259.684	0.972921	3.8113
260.015	0.972985	3.81161
260.347	0.973049	3.81193
260.678	0.973113	3.81224
261.009	0.973177	3.81256
261.34	0.973241	3.81288
261.672	0.973305	3.81319
262.003	0.973368	3.81351
262.334	0.973432	3.81382
262.665	0.973496	3.81414
262.996	0.973559	3.81445
263.328	0.973623	3.81477
263.659	0.973686	3.81508
263.99	0.97375	3.8154
264.321	0.973813	3.81571
264.653	0.973876	3.81603
264.984	0.97394	3.81635
265.315	0.974003	3.81666
265.646	0.974066	3.81698
265.977	0.97413	3.81729
266.309	0.974193	3.81761
266.64	0.974256	3.81792
266.971	0.974319	3.81824
267.302	0.974382	3.81855
267.634	0.974445	3.81887
267.965	0.974508	3.81919
268.296	0.974571	3.8195
268.627	0.974634	3.81982
268.959	0.974696	3.82013
269.29	0.974759	3.82045
269.621	0.974822	3.82076
269.952	0.974885	3.82108
270.283	0.974947	3.8214
270.615	0.97501	3.82171
270.946	0.975073	3.82203
271.277	0.975135	3.82234
271.608	0.975198	3.82266
271.94	0.97526	3.82297
272.271	0.975322	3.82329
272.602	0.975385	3.82361
272.933	0.975447	3.82392
273.264	0.975509	3.82424
273.596	0.975572	3.82455
273.927	0.975634	3.82487
274.258	0.975696	3.82519
274.589	0.975758	3.8255
274.921	0.97582	3.82582
275.252	0.975882	3.82613
275.583	0.975944	3.82645
275.914	0.976006	3.82677
276.245	0.976068	3.82708
276.577	0.97613	3.8274
276.908	0.976192	3.82771
277.239	0.976254	3.82803
277.57	0.976315	3.82835
277.902	0.976377	3.82866
278.233	0.976439	3.82898
278.564	0.9765	3.82929
278.895	0.976562	3.82961
279.227	0.976624	3.82993
279.558	0.976685	3.83024
279.889	0.976746	3.83056
280.22	0.976808	3.83088
280.551	0.976869	3.83119
280.883	0.976931	3.83151
281.214	0.976992	3.83182
281.545	0.977053	3.83214
281.876	0.977114	3.83246
282.208	0.977176	3.83277
282.539	0.977237	3.83309
282.87	0.977298	3.83341
283.201	0.977359	3.83372
283.532	0.97742	3.83404
283.864	0.977481	3.83436
284.195	0.977542	3.83467
284.526	0.977603	3.83499
284.857	0.977663	3.83531
285.189	0.977724	3.83562
285.52	0.977785	3.83594
285.851	0.977846	3.83625
286.182	0.977906	3.83657
286.513	0.977967	3.83689
286.845	0.978028	3.8372
287.176	0.978088	3.83752
287.507	0.978149	3.83784
287.838	0.978209	3.83815
288.17	0.97827	3.83847
288.501	0.97833	3.83879
288.832	0.97839	3.8391
289.163	0.978451	3.83942
289.495	0.978511	3.83974
289.826	0.978571	3.84005
290.157	0.978631	3.84037
290.488	0.978692	3.84069
290.819	0.978752	3.841
291.151	0.978812	3.84132
291.482	0.978872	3.84164
291.813	0.978932	3.84196
292.144	0.978992	3.84227
292.476	0.979052	3.84259
292.807	0.979111	3.84291
293.138	0.979171	3.84322
293.469	0.979231	3.84354
293.8	0.979291	3.84386
294.132	0.979351	3.84417
294.463	0.97941	3.84449
294.794	0.97947	3.84481
295.125	0.979529	3.84512
295.457	0.979589	3.84544
295.788	0.979648	3.84576
296.119	0.979708	3.84608
296.45	0.979767	3.84639
296.781	0.979827	3.84671
297.113	0.979886	3.84703
297.444	0.979945	3.84734
297.775	0.980005	3.84766
298.106	0.980064	3.84798
298.434	0.980123	3.84829
298.766	0.980182	3.84861
299.097	0.980241	3.84893
299.428	0.9803	3.84924
299.759	0.980359	3.84956
300.09	0.980418	3.84988
300.422	0.980477	3.8502
300.753	0.980536	3.85051
301.084	0.980595	3.85083
301.415	0.980653	3.85115
301.747	0.980712	3.85147
302.078	0.980771	3.85178
302.409	0.98083	3.8521
302.74	0.980888	3.85242
303.071	0.980947	3.85274
303.403	0.981006	3.85305
303.734	0.981064	3.85337
304.065	0.981123	3.85369
304.396	0.981181	3.85401
304.728	0.981239	3.85432
305.059	0.981298	3.85464
305.39	0.981356	3.85496
305.721	0.981415	3.85528
306.052	0.981473	3.85559
306.384	0.981531	3.85591
306.715	0.981589	3.85623
307.046	0.981647	3.85655
307.377	0.981705	3.85687
307.709	0.981764	3.85718
308.04	0.981822	3.8575
308.371	0.98188	3.85782
308.702	0.981938	3.85814
309.034	0.981995	3.85845
309.365	0.982053	3.85877
309.696	0.982111	3.85909
310.027	0.982169	3.85941
310.358	0.982227	3.85973
310.69	0.982284	3.86004
311.021	0.982342	3.86036
311.352	0.9824	3.86068
311.683	0.982457	3.861
312.015	0.982515	3.86132
312.346	0.982572	3.86163
312.677	0.98263	3.86195
313.008	0.982687	3.86227
313.339	0.982745	3.86259
313.671	0.982802	3.86291
314.002	0.98286	3.86322
314.333	0.982917	3.86354
314.664	0.982974	3.86386
314.996	0.983031	3.86418
315.327	0.983088	3.8645
315.658	0.983146	3.86482
315.989	0.983203	3.86513
316.32	0.98326	3.86545
316.652	0.983317	3.86577
316.983	0.983374	3.86609
317.314	0.983431	3.86641
317.645	0.983488	3.86673
317.977	0.983544	3.86704
318.308	0.983601	3.86736
318.639	0.983658	3.86768
318.97	0.983715	3.868
319.302	0.983772	3.86832
319.633	0.983828	3.86864
319.964	0.983885	3.86896
320.295	0.983941	3.86927
320.626	0.983998	3.86959
320.958	0.984054	3.86991
321.289	0.984111	3.87023
321.62	0.984167	3.87055
321.951	0.984224	3.87087
322.283	0.98428	3.87119
322.614	0.984336	3.8715
322.945	0.984393	3.87182
323.276	0.984449	3.87214
323.607	0.984505	3.87246
323.939	0.984561	3.87278
324.27	0.984618	3.8731
324.601	0.984674	3.87342
324.932	0.98473	3.87374
325.264	0.984786	3.87406
325.595	0.984842	3.87437
325.926	0.984898	3.87469
326.257	0.984954	3.87501
326.588	0.985009	3.87533
326.92	0.985065	3.87565
327.251	0.985121	3.87597
327.582	0.985177	3.87629
327.913	0.985232	3.87661
328.245	0.985288	3.87693
328.576	0.985344	3.87725
328.907	0.985399	3.87756
329.238	0.985455	3.87788
329.569	0.98551	3.8782
329.901	0.985566	3.87852
330.232	0.985621	3.87884
330.563	0.985677	3.87916
330.894	0.985732	3.87948
331.226	0.985787	3.8798
331.557	0.985843	3.88012
331.888	0.985898	3.88044
332.219	0.985953	3.88076
332.551	0.986008	3.88108
332.882	0.986064	3.8814
333.213	0.986119	3.88172
333.544	0.986174	3.88204
333.875	0.986229	3.88235
334.207	0.986284	3.88267
334.538	0.986339	3.88299
334.869	0.986394	3.88331
335.2	0.986448	3.88363
335.532	0.986503	3.88395
335.863	0.986558	3.88427
336.194	0.986613	3.88459
336.525	0.986668	3.88491
336.856	0.986722	3.88523
337.188	0.986777	3.88555
337.519	0.986832	3.88587
337.85	0.986886	3.88619
338.181	0.986941	3.88651
338.513	0.986995	3.88683
338.844	0.98705	3.88715
339.175	0.987104	3.88747
339.506	0.987158	3.88779
339.837	0.987213	3.88811
340.169	0.987267	3.88843
340.5	0.987321	3.88875
340.831	0.987376	3.88907
341.162	0.98743	3.88939
341.494	0.987484	3.88971
341.825	0.987538	3.89003
342.156	0.987592	3.89035
342.487	0.987646	3.89067
342.819	0.9877	3.89099
343.15	0.987754	3.89131
343.481	0.987808	3.89163
343.812	0.987862	3.89195
344.143	0.987916	3.89227
344.475	0.98797	3.89259
344.806	0.988024	3.89291
345.137	0.988077	3.89323
345.468	0.988131	3.89355
345.8	0.988185	3.89387
346.131	0.988238	3.89419
346.462	0.988292	3.89451
346.793	0.988346	3.89483
347.124	0.988399	3.89515
347.456	0.988453	3.89548
347.787	0.988506	3.8958
348.118	0.98856	3.89612
348.449	0.988613	3.89644
348.781	0.988666	3.89676
349.112	0.98872	3.89708
349.443	0.988773	3.8974
349.774	0.988826	3.89772
350.105	0.988879	3.89804
350.437	0.988933	3.89836
350.768	0.988986	3.89868
351.099	0.989039	3.899
351.43	0.989092	3.89932
351.762	0.989145	3.89964
352.093	0.989198	3.89997
352.424	0.989251	3.90029
352.755	0.989304	3.90061
353.087	0.989357	3.90093
353.418	0.989409	3.90125
353.749	0.989462	3.90157
354.08	0.989515	3.90189
354.411	0.989568	3.90221
354.743	0.98962	3.90253
355.074	0.989673	3.90285
355.405	0.989726	3.90318
355.736	0.989778	3.9035
356.068	0.989831	3.90382
356.399	0.989883	3.90414
356.73	0.989936	3.90446
357.061	0.989988	3.90478
357.392	0.990041	3.9051
357.724	0.990093	3.90542
358.055	0.990145	3.90575
358.386	0.990198	3.90607
358.717	0.99025	3.90639
359.049	0.990302	3.90671
359.38	0.990354	3.90703
359.711	0.990407	3.90735
360.042	0.990459	3.90767
360.373	0.990511	3.908
360.705	0.990563	3.90832
361.036	0.990615	3.90864
361.367	0.990667	3.90896
361.698	0.990719	3.90928
362.03	0.990771	3.9096
362.361	0.990822	3.90993
362.692	0.990874	3.91025
363.023	0.990926	3.91057
363.355	0.990978	3.91089
363.686	0.99103	3.91121
364.017	0.991081	3.91153
364.348	0.991133	3.91186
364.679	0.991185	3.91218
365.011	0.991236	3.9125
365.342	0.991288	3.91282
365.673	0.991339	3.91314
366.004	0.991391	3.91347
366.336	0.991442	3.91379
366.667	0.991493	3.91411
366.998	0.991545	3.91443
367.329	0.991596	3.91475
367.66	0.991647	3.91508
367.992	0.991699	3.9154
368.323	0.99175	3.91572
368.654	0.991801	3.91604
368.985	0.991852	3.91637
369.317	0.991903	3.91669
369.648	0.991954	3.91701
369.979	0.992005	3.91733
370.31	0.992057	3.91765
370.641	0.992107	3.91798
370.973	0.992158	3.9183
371.304	0.992209	3.91862
371.635	0.99226	3.91894
371.966	0.992311	3.91927
372.298	0.992362	3.91959
372.629	0.992413	3.91991
372.96	0.992463	3.92023
373.291	0.992514	3.92056
373.623	0.992565	3.92088
373.954	0.992615	3.9212
374.285	0.992666	3.92153
374.616	0.992716	3.92185
374.947	0.992767	3.92217
375.279	0.992817	3.92249
375.61	0.992868	3.92282
375.941	0.992918	3.92314
376.272	0.992969	3.92346
376.604	0.993019	3.92379
376.935	0.993069	3.92411
377.266	0.99312	3.92443
377.597	0.99317	3.92475
377.928	0.99322	3.92508
378.26	0.99327	3.9254
378.591	0.99332	3.92572
378.922	0.99337	3.92605
379.253	0.99342	3.92637
379.585	0.993471	3.92669
379.916	0.993521	3.92702
380.247	0.99357	3.92734
380.578	0.99362	3.92766
380.909	0.99367	3.92799
381.241	0.99372	3.92831
381.572	0.99377	3.92863
381.903	0.99382	3.92896
382.234	0.993869	3.92928
382.566	0.993919	3.9296
382.897	0.993969	3.92993
383.228	0.994019	3.93025
383.559	0.994068	3.93057
383.89	0.994118	3.9309
384.222	0.994167	3.93122
384.553	0.994217	3.93154
384.884	0.994266	3.93187
385.215	0.994316	3.93219
385.547	0.994365	3.93252
385.878	0.994414	3.93284
386.209	0.994464	3.93316
386.54	0.994513	3.93349
386.872	0.994562	3.93381
387.203	0.994612	3.93414
387.534	0.994661	3.93446
387.865	0.99471	3.93478
388.196	0.994759	3.93511
388.528	0.994808	3.93543
388.859	0.994857	3.93576
389.19	0.994906	3.93608
389.521	0.994955	3.9364
389.853	0.995004	3.93673
390.184	0.995053	3.93705
390.515	0.995102	3.93738
390.846	0.995151	3.9377
391.177	0.9952	3.93802
391.509	0.995249	3.93835
391.84	0.995297	3.93867
392.171	0.995346	3.939
392.502	0.995395	3.93932
392.834	0.995443	3.93965
393.165	0.995492	3.93997
393.496	0.995541	3.9403
393.827	0.995589	3.94062
394.158	0.995638	3.94094
394.49	0.995686	3.94127
394.821	0.995735	3.94159
395.152	0.995783	3.94192
395.483	0.995831	3.94224
395.815	0.99588	3.94257
396.146	0.995928	3.94289
396.477	0.995976	3.94322
396.808	0.996025	3.94354
397.14	0.996073	3.94387
397.471	0.996121	3.94419
397.802	0.996169	3.94452
398.133	0.996217	3.94484
398.464	0.996265	3.94517
398.796	0.996313	3.94549
399.127	0.996361	3.94582
399.458	0.996409	3.94614
399.789	0.996457	3.94647
400.121	0.996505	3.94679
400.452	0.996553	3.94712
400.783	0.996601	3.94744
401.114	0.996649	3.94777
401.445	0.996697	3.94809
401.777	0.996744	3.94842
402.108	0.996792	3.94874
402.439	0.99684	3.94907
402.77	0.996887	3.94939
403.102	0.996935	3.94972
403.433	0.996982	3.95004
403.764	0.99703	3.95037
404.095	0.997078	3.9507
404.426	0.997125	3.95102
404.758	0.997172	3.95135
405.089	0.99722	3.95167
405.42	0.997267	3.952
405.751	0.997315	3.95232
406.083	0.997362	3.95265
406.414	0.997409	3.95298
406.745	0.997456	3.9533
407.076	0.997504	3.95363
407.408	0.997551	3.95395
407.739	0.997598	3.95428
408.07	0.997645	3.9546
408.401	0.997692	3.95493
408.732	0.997739	3.95526
409.064	0.997786	3.95558
409.395	0.997833	3.95591
409.726	0.99788	3.95624
410.057	0.997927	3.95656
410.389	0.997974	3.95689
410.72	0.998021	3.95721
411.051	0.998068	3.95754
411.382	0.998114	3.95787
411.713	0.998161	3.95819
412.045	0.998208	3.95852
412.376	0.998255	3.95885
412.707	0.998301	3.95917
413.038	0.998348	3.9595
413.37	0.998394	3.95982
413.701	0.998441	3.96015
414.032	0.998488	3.96048
414.363	0.998534	3.9608
414.694	0.998581	3.96113
415.026	0.998627	3.96146
415.357	0.998673	3.96178
415.688	0.99872	3.96211
416.019	0.998766	3.96244
416.351	0.998812	3.96276
416.682	0.998859	3.96309
417.013	0.998905	3.96342
417.344	0.998951	3.96375
417.676	0.998997	3.96407
418.007	0.999043	3.9644
418.338	0.999089	3.96473
418.669	0.999136	3.96505
419	0.999182	3.96538
419.332	0.999228	3.96571
419.663	0.999274	3.96603
419.994	0.999319	3.96636
420.325	0.999365	3.96669
420.657	0.999411	3.96702
420.988	0.999457	3.96734
421.319	0.999503	3.96767
421.65	0.999549	3.968
421.981	0.999594	3.96833
422.313	0.99964	3.96865
422.644	0.999686	3.96898
422.975	0.999731	3.96931
423.306	0.999777	3.96964
423.638	0.999823	3.96996
423.969	0.999868	3.97029
424.3	0.999914	3.97062
424.631	0.999959	3.97095
424.962	1	3.97127
425.294	1.00005	3.9716
425.625	1.0001	3.97193
425.956	1.00014	3.97226
426.287	1.00019	3.97258
426.619	1.00023	3.97291
426.95	1.00028	3.97324
427.281	1.00032	3.97357
427.612	1.00037	3.9739
427.944	1.00041	3.97422
428.275	1.00046	3.97455
428.606	1.0005	3.97488
428.937	1.00055	3.97521
429.268	1.00059	3.97554
429.6	1.00064	3.97587
429.931	1.00068	3.97619
430.262	1.00073	3.97652
430.593	1.00077	3.97685
430.925	1.00082	3.97718
431.256	1.00086	3.97751
431.587	1.00091	3.97784
431.918	1.00095	3.97816
432.249	1.001	3.97849
432.581	1.00104	3.97882
432.912	1.00109	3.97915
433.243	1.00113	3.97948
433.574	1.00118	3.97981
433.906	1.00122	3.98014
434.237	1.00126	3.98046
434.568	1.00131	3.98079
434.899	1.00135	3.98112
435.23	1.0014	3.98145
435.562	1.00144	3.98178
435.893	1.00149	3.98211
436.224	1.00153	3.98244
436.555	1.00158	3.98277
436.887	1.00162	3.9831
437.218	1.00166	3.98343
437.549	1.00171	3.98375
437.88	1.00175	3.98408
438.212	1.0018	3.98441
438.543	1.00184	3.98474
438.874	1.00189	3.98507
439.205	1.00193	3.9854
439.536	1.00197	3.98573
439.868	1.00202	3.98606
440.199	1.00206	3.98639
440.53	1.00211	3.98672
440.861	1.00215	3.98705
441.193	1.00219	3.98738
441.524	1.00224	3.98771
441.855	1.00228	3.98804
442.186	1.00233	3.98837
442.517	1.00237	3.9887
442.849	1.00241	3.98903
443.18	1.00246	3.98936
443.511	1.0025	3.98969
443.842	1.00254	3.99002
444.174	1.00259	3.99035
444.505	1.00263	3.99068
444.836	1.00267	3.99101
445.167	1.00272	3.99134
445.498	1.00276	3.99167
445.83	1.00281	3.992
446.161	1.00285	3.99233
446.492	1.00289	3.99266
446.823	1.00294	3.99299
447.155	1.00298	3.99332
447.486	1.00302	3.99365
447.817	1.00307	3.99398
448.148	1.00311	3.99431
448.479	1.00315	3.99464
448.811	1.0032	3.99497
449.142	1.00324	3.9953
449.473	1.00328	3.99563
449.804	1.00332	3.99596
450.136	1.00337	3.99629
450.467	1.00341	3.99662
450.798	1.00345	3.99695
451.129	1.0035	3.99728
451.461	1.00354	3.99761
451.792	1.00358	3.99794
452.123	1.00363	3.99827
452.454	1.00367	3.99861
452.785	1.00371	3.99894
453.117	1.00375	3.99927
453.448	1.0038	3.9996
453.779	1.00384	3.99993
454.11	1.00388	4.00026
454.442	1.00393	4.00059
454.773	1.00397	4.00092
455.104	1.00401	4.00125
455.435	1.00405	4.00159
455.766	1.0041	4.00192
456.098	1.00414	4.00225
456.429	1.00418	4.00258
456.76	1.00422	4.00291
457.091	1.00427	4.00324
457.423	1.00431	4.00357
457.754	1.00435	4.00391
458.085	1.00439	4.00424
458.416	1.00444	4.00457
458.747	1.00448	4.0049
459.079	1.00452	4.00523
459.41	1.00456	4.00556
459.741	1.0046	4.0059
460.072	1.00465	4.00623
460.404	1.00469	4.00656
460.735	1.00473	4.00689
461.066	1.00477	4.00722
461.397	1.00481	4.00756
461.729	1.00486	4.00789
462.06	1.0049	4.00822
462.391	1.00494	4.00855
462.722	1.00498	4.00888
463.053	1.00502	4.00922
463.385	1.00507	4.00955
463.716	1.00511	4.00988
464.047	1.00515	4.01021
464.378	1.00519	4.01054
464.71	1.00523	4.01088
465.041	1.00528	4.01121
465.372	1.00532	4.01154
465.703	1.00536	4.01187
466.034	1.0054	4.01221
466.366	1.00544	4.01254
466.697	1.00548	4.01287
467.028	1.00553	4.01321
467.359	1.00557	4.01354
467.691	1.00561	4.01387
468.022	1.00565	4.0142
468.353	1.00569	4.01454
468.684	1.00573	4.01487
469.015	1.00577	4.0152
469.347	1.00582	4.01554
469.678	1.00586	4.01587
470.009	1.0059	4.0162
470.34	1.00594	4.01653
470.672	1.00598	4.01687
471.003	1.00602	4.0172
471.334	1.00606	4.01753
471.665	1.0061	4.01787
471.997	1.00615	4.0182
472.328	1.00619	4.01853
472.659	1.00623	4.01887
472.99	1.00627	4.0192
473.321	1.00631	4.01953
473.653	1.00635	4.01987
473.984	1.00639	4.0202
474.315	1.00643	4.02054
474.646	1.00647	4.02087
474.978	1.00651	4.0212
475.309	1.00656	4.02154
475.64	1.0066	4.02187
475.971	1.00664	4.0222
476.302	1.00668	4.02254
476.634	1.00672	4.02287
476.965	1.00676	4.02321
477.296	1.0068	4.02354
477.627	1.00684	4.02387
477.959	1.00688	4.02421
478.29	1.00692	4.02454
478.621	1.00696	4.02488
478.952	1.007	4.02521
479.283	1.00704	4.02555
479.615	1.00708	4.02588
479.946	1.00712	4.02621
480.277	1.00716	4.02655
480.608	1.0072	4.02688
480.94	1.00724	4.02722
481.271	1.00729	4.02755
481.602	1.00733	4.02789
481.933	1.00737	4.02822
482.265	1.00741	4.02856
482.596	1.00745	4.02889
482.927	1.00749	4.02923
483.258	1.00753	4.02956
483.589	1.00757	4.0299
483.921	1.00761	4.03023
484.252	1.00765	4.03057
484.583	1.00769	4.0309
484.914	1.00773	4.03124
485.246	1.00777	4.03157
485.577	1.00781	4.03191
485.908	1.00785	4.03224
486.239	1.00789	4.03258
486.57	1.00793	4.03291
486.902	1.00797	4.03325
487.233	1.00801	4.03358
487.564	1.00805	4.03392
487.895	1.00809	4.03425
488.227	1.00813	4.03459
488.558	1.00816	4.03492
488.889	1.0082	4.03526
489.22	1.00824	4.0356
489.551	1.00828	4.03593
489.883	1.00832	4.03627
490.214	1.00836	4.0366
490.545	1.0084	4.03694
490.876	1.00844	4.03727
491.208	1.00848	4.03761
491.539	1.00852	4.03795
491.87	1.00856	4.03828
492.201	1.0086	4.03862
492.533	1.00864	4.03895
492.864	1.00868	4.03929
493.195	1.00872	4.03963
493.526	1.00876	4.03996
493.857	1.0088	4.0403
494.189	1.00884	4.04064
494.52	1.00887	4.04097
494.851	1.00891	4.04131
495.182	1.00895	4.04164
495.514	1.00899	4.04198
495.845	1.00903	4.04232
496.176	1.00907	4.04265
496.507	1.00911	4.04299
496.838	1.00915	4.04333
497.17	1.00919	4.04366
497.501	1.00923	4.044
497.832	1.00926	4.04434
498.163	1.0093	4.04467
498.495	1.00934	4.04501
498.826	1.00938	4.04535
499.157	1.00942	4.04569
499.488	1.00946	4.04602
499.819	1.0095	4.04636
