0	1.00149	3.55791
0	1.00149	3.55791
0.165613	1.0017	3.55827
0.331226	1.00228	3.55927
0.498495	1.00314	3.56076
0.664107	1.00413	3.56251
0.82972	1.00517	3.56438
0.995333	1.00616	3.56617
1.15929	1.007	3.56771
1.3249	1.00766	3.56895
1.49052	1.00811	3.56982
1.65613	1.00833	3.57032
1.82174	1.00835	3.57045
1.98735	1.00818	3.57029
2.15297	1.00789	3.56991
2.31858	1.0075	3.5694
2.48419	1.00709	3.56885
2.6498	1.00668	3.56834
2.81542	1.00631	3.56793
2.98103	1.006	3.56764
3.14664	1.00577	3.5675
3.31226	1.00562	3.56752
3.47787	1.00555	3.5677
3.64348	1.00554	3.56799
3.80909	1.00558	3.56839
3.97471	1.00565	3.56887
4.14032	1.00575	3.56939
4.30593	1.00584	3.56994
4.47155	1.00591	3.57047
4.63716	1.00594	3.57095
4.80277	1.00594	3.57136
4.96838	1.00588	3.5717
5.134	1.00578	3.57197
5.29961	1.00564	3.57218
5.46522	1.00546	3.57233
5.63084	1.00526	3.57246
5.79645	1.00504	3.57258
5.96206	1.00482	3.5727
6.12767	1.0046	3.57283
6.29329	1.00438	3.57299
6.4589	1.00417	3.57317
6.62451	1.00396	3.57337
6.79013	1.00377	3.5736
6.95574	1.00358	3.57385
7.12135	1.0034	3.57413
7.28696	1.00323	3.57443
7.45258	1.00306	3.57475
7.61819	1.00289	3.57507
7.7838	1.00271	3.5754
7.94941	1.00253	3.57573
8.11503	1.00233	3.57605
8.28064	1.00213	3.57635
8.44625	1.00191	3.57664
8.61187	1.00168	3.57691
8.77748	1.00144	3.57718
8.94475	1.00119	3.57745
9.11036	1.00094	3.57772
9.27597	1.00068	3.57798
9.44159	1.00042	3.57825
9.6072	1.00016	3.57852
9.77281	0.999891	3.57879
9.93842	0.999626	3.57907
10.104	0.99936	3.57935
10.2697	0.999094	3.57964
10.4353	0.998828	3.57994
10.6009	0.998562	3.58024
10.7665	0.998295	3.58055
10.9321	0.998028	3.58086
11.0977	0.997759	3.58117
11.2633	0.997488	3.58149
11.4289	0.997215	3.5818
11.5946	0.996938	3.58212
11.7602	0.996659	3.58243
11.9258	0.996377	3.58274
12.0914	0.996092	3.58305
12.257	0.995806	3.58336
12.4226	0.995518	3.58367
12.5882	0.995229	3.58398
12.7538	0.994939	3.58429
12.9195	0.994649	3.58461
13.0851	0.994358	3.58492
13.2507	0.994066	3.58524
13.4163	0.993775	3.58555
13.5819	0.993485	3.58587
13.7475	0.993194	3.5862
13.9131	0.992904	3.58652
14.0787	0.992615	3.58685
14.2444	0.992327	3.58717
14.41	0.992039	3.5875
14.5756	0.991751	3.58783
14.7412	0.991464	3.58816
14.9068	0.991177	3.58849
15.0724	0.990891	3.58883
15.238	0.990605	3.58916
15.4036	0.99032	3.58949
15.5693	0.990036	3.58982
15.7349	0.989753	3.59016
15.9005	0.989471	3.59049
16.0661	0.98919	3.59083
16.2317	0.98891	3.59116
16.3973	0.988632	3.5915
16.5629	0.988355	3.59184
16.7286	0.98808	3.59217
16.8942	0.987806	3.59251
17.0598	0.987535	3.59285
17.2254	0.987265	3.59319
17.391	0.986997	3.59354
17.5566	0.986731	3.59388
17.7222	0.986467	3.59422
17.8878	0.986205	3.59456
18.0535	0.985945	3.59491
18.2191	0.985687	3.59525
18.3847	0.985432	3.5956
18.5503	0.985178	3.59594
18.7159	0.984927	3.59629
18.8815	0.984678	3.59663
19.0471	0.984431	3.59698
19.2127	0.984187	3.59733
19.3784	0.983945	3.59768
19.544	0.983705	3.59802
19.7096	0.983468	3.59837
19.8752	0.983234	3.59872
20.0408	0.983002	3.59907
20.2064	0.982773	3.59942
20.372	0.982546	3.59977
20.5376	0.982322	3.60012
20.7033	0.982101	3.60047
20.8689	0.981882	3.60082
21.0345	0.981666	3.60117
21.2001	0.981453	3.60152
21.3657	0.981243	3.60187
21.5313	0.981035	3.60223
21.6969	0.980831	3.60258
21.8625	0.980629	3.60293
22.0282	0.98043	3.60328
22.1938	0.980233	3.60363
22.3594	0.98004	3.60399
22.525	0.979849	3.60434
22.6906	0.979661	3.60469
22.8562	0.979476	3.60505
23.0218	0.979294	3.6054
23.1874	0.979115	3.60575
23.3531	0.978939	3.60611
23.5187	0.978765	3.60646
23.6843	0.978594	3.60682
23.8499	0.978427	3.60717
24.0155	0.978262	3.60752
24.1811	0.9781	3.60788
24.3467	0.97794	3.60823
24.5124	0.977784	3.60859
24.678	0.97763	3.60894
24.8436	0.97748	3.6093
25.0092	0.977332	3.60965
25.1748	0.977186	3.61
25.3404	0.977044	3.61036
25.506	0.976904	3.61071
25.6716	0.976768	3.61107
25.8373	0.976633	3.61142
26.0029	0.976502	3.61178
26.1685	0.976373	3.61213
26.3341	0.976247	3.61249
26.4997	0.976124	3.61284
26.6653	0.976003	3.6132
26.8309	0.975885	3.61355
26.9965	0.97577	3.61391
27.1622	0.975657	3.61426
27.3278	0.975547	3.61462
27.4934	0.975439	3.61497
27.659	0.975334	3.61532
27.8246	0.975231	3.61568
27.9902	0.975131	3.61603
28.1558	0.975034	3.61639
28.3214	0.974938	3.61674
28.4871	0.974846	3.6171
28.6527	0.974755	3.61745
28.8183	0.974667	3.6178
28.9839	0.974582	3.61816
29.1495	0.974498	3.61851
29.3151	0.974417	3.61887
29.4807	0.974339	3.61922
29.6463	0.974262	3.61957
29.812	0.974188	3.61993
29.9776	0.974116	3.62028
30.1432	0.974046	3.62063
30.3088	0.973978	3.62099
30.4744	0.973913	3.62134
30.64	0.973849	3.62169
30.8056	0.973788	3.62205
30.9713	0.973729	3.6224
31.1369	0.973672	3.62275
31.3025	0.973616	3.62311
31.4681	0.973563	3.62346
31.6337	0.973512	3.62381
31.7993	0.973462	3.62416
31.9649	0.973415	3.62451
32.1305	0.973369	3.62487
32.2962	0.973325	3.62522
32.4618	0.973283	3.62557
32.6274	0.973243	3.62592
32.793	0.973205	3.62627
32.9586	0.973168	3.62663
33.1242	0.973133	3.62698
33.2898	0.9731	3.62733
33.4554	0.973069	3.62768
33.6211	0.973039	3.62803
33.7867	0.973011	3.62838
33.9523	0.972984	3.62873
34.1179	0.972959	3.62908
34.2835	0.972935	3.62943
34.4491	0.972913	3.62978
34.6147	0.972893	3.63013
34.7803	0.972874	3.63048
34.946	0.972856	3.63083
35.1116	0.97284	3.63118
35.2772	0.972825	3.63153
35.4428	0.972812	3.63188
35.6084	0.9728	3.63223
35.774	0.972789	3.63258
35.9396	0.97278	3.63293
36.1052	0.972772	3.63328
36.2709	0.972765	3.63363
36.4365	0.97276	3.63398
36.6021	0.972755	3.63432
36.7677	0.972752	3.63467
36.9333	0.972751	3.63502
37.0989	0.97275	3.63537
37.2645	0.97275	3.63572
37.4302	0.972752	3.63606
37.5958	0.972755	3.63641
37.7614	0.972758	3.63676
37.927	0.972763	3.63711
38.0926	0.972769	3.63745
38.2582	0.972776	3.6378
38.4238	0.972784	3.63815
38.5894	0.972793	3.63849
38.7534	0.972803	3.63884
38.919	0.972814	3.63918
39.0846	0.972825	3.63953
39.2502	0.972838	3.63988
39.4158	0.972852	3.64022
39.5815	0.972866	3.64057
39.7471	0.972882	3.64091
39.9127	0.972898	3.64126
40.0783	0.972915	3.64161
40.2439	0.972933	3.64195
40.4095	0.972951	3.6423
40.5751	0.972971	3.64264
40.7408	0.972991	3.64299
40.9064	0.973012	3.64333
41.072	0.973034	3.64368
41.2376	0.973056	3.64402
41.4032	0.973079	3.64436
41.5688	0.973103	3.64471
41.7344	0.973128	3.64505
41.9	0.973153	3.6454
42.0657	0.973179	3.64574
42.2313	0.973205	3.64608
42.3969	0.973232	3.64643
42.5625	0.97326	3.64677
42.7281	0.973288	3.64711
42.8937	0.973317	3.64746
43.0593	0.973347	3.6478
43.2249	0.973377	3.64814
43.3906	0.973407	3.64849
43.5562	0.973438	3.64883
43.7218	0.97347	3.64917
43.8874	0.973502	3.64951
44.053	0.973535	3.64986
44.2186	0.973568	3.6502
44.3842	0.973602	3.65054
44.5498	0.973636	3.65088
44.7155	0.97367	3.65122
44.8811	0.973705	3.65156
45.0467	0.973741	3.6519
45.2123	0.973777	3.65225
45.3779	0.973813	3.65259
45.5435	0.97385	3.65293
45.7091	0.973887	3.65327
45.8747	0.973924	3.65361
46.0404	0.973962	3.65395
46.206	0.974	3.65429
46.3716	0.974039	3.65463
46.5372	0.974078	3.65497
46.7028	0.974117	3.65531
46.8684	0.974156	3.65565
47.034	0.974196	3.65599
47.1997	0.974237	3.65633
47.3653	0.974277	3.65667
47.5309	0.974318	3.65701
47.6965	0.974359	3.65735
47.8621	0.9744	3.65769
48.0277	0.974442	3.65803
48.1933	0.974484	3.65836
48.3589	0.974526	3.6587
48.5246	0.974569	3.65904
48.6902	0.974611	3.65938
48.8558	0.974654	3.65972
49.0214	0.974698	3.66006
49.187	0.974741	3.6604
49.3526	0.974785	3.66073
49.5182	0.974828	3.66107
49.6838	0.974873	3.66141
49.8495	0.974917	3.66175
50.0151	0.974961	3.66208
50.1807	0.975006	3.66242
50.3463	0.975051	3.66276
50.5119	0.975096	3.6631
50.6775	0.975141	3.66343
50.8431	0.975186	3.66377
51.0087	0.975232	3.66411
51.1744	0.975277	3.66444
51.34	0.975323	3.66478
51.5056	0.975369	3.66512
51.6712	0.975415	3.66545
51.8368	0.975461	3.66579
52.0024	0.975508	3.66612
52.168	0.975554	3.66646
52.3336	0.975601	3.6668
52.4993	0.975648	3.66713
52.6649	0.975694	3.66747
52.8305	0.975741	3.6678
52.9961	0.975788	3.66814
53.1617	0.975835	3.66847
53.3273	0.975883	3.66881
53.4929	0.97593	3.66914
53.6586	0.975977	3.66948
53.8242	0.976025	3.66981
53.9898	0.976073	3.67015
54.1554	0.97612	3.67048
54.321	0.976168	3.67082
54.4866	0.976216	3.67115
54.6522	0.976264	3.67148
54.8178	0.976312	3.67182
54.9835	0.97636	3.67215
55.1491	0.976408	3.67249
55.3147	0.976456	3.67282
55.4803	0.976504	3.67315
55.6459	0.976552	3.67349
55.8115	0.9766	3.67382
55.9771	0.976649	3.67415
56.1427	0.976697	3.67449
56.3084	0.976745	3.67482
56.474	0.976794	3.67515
56.6396	0.976842	3.67549
56.8052	0.97689	3.67582
56.9708	0.976939	3.67615
57.1364	0.976987	3.67648
57.302	0.977036	3.67682
57.4676	0.977084	3.67715
57.6333	0.977133	3.67748
57.7989	0.977181	3.67781
57.9645	0.97723	3.67814
58.1301	0.977279	3.67848
58.2957	0.977327	3.67881
58.4613	0.977376	3.67914
58.6269	0.977424	3.67947
58.7925	0.977473	3.6798
58.9582	0.977521	3.68013
59.1238	0.97757	3.68047
59.2894	0.977619	3.6808
59.455	0.977667	3.68113
59.6206	0.977716	3.68146
59.7862	0.977764	3.68179
59.9518	0.977813	3.68212
60.1175	0.977861	3.68245
60.2831	0.97791	3.68278
60.4487	0.977958	3.68311
60.6143	0.978007	3.68344
60.7799	0.978055	3.68377
60.9455	0.978104	3.6841
61.1111	0.978152	3.68443
61.2767	0.9782	3.68476
61.4424	0.978249	3.68509
61.608	0.978297	3.68542
61.7736	0.978345	3.68575
61.9392	0.978393	3.68608
62.1048	0.978442	3.68641
62.2704	0.97849	3.68674
62.436	0.978538	3.68707
62.6016	0.978586	3.6874
62.7673	0.978634	3.68773
62.9329	0.978682	3.68806
63.0985	0.97873	3.68839
63.2641	0.978778	3.68871
63.4297	0.978826	3.68904
63.5953	0.978874	3.68937
63.7609	0.978922	3.6897
63.9265	0.978969	3.69003
64.0922	0.979017	3.69036
64.2578	0.979065	3.69069
64.4234	0.979113	3.69101
64.589	0.97916	3.69134
64.7546	0.979208	3.69167
64.9202	0.979255	3.692
65.0858	0.979303	3.69233
65.2514	0.97935	3.69265
65.4171	0.979397	3.69298
65.5827	0.979445	3.69331
65.7483	0.979492	3.69364
65.9139	0.979539	3.69396
66.0795	0.979586	3.69429
66.2451	0.979633	3.69462
66.4107	0.97968	3.69494
66.5764	0.979727	3.69527
66.742	0.979774	3.6956
66.9076	0.979821	3.69592
67.0732	0.979868	3.69625
67.2388	0.979914	3.69658
67.4044	0.979961	3.6969
67.57	0.980008	3.69723
67.7356	0.980054	3.69756
67.9013	0.980101	3.69788
68.0669	0.980147	3.69821
68.2325	0.980193	3.69854
68.3981	0.98024	3.69886
68.5637	0.980286	3.69919
68.7293	0.980332	3.69951
68.8949	0.980378	3.69984
69.0605	0.980424	3.70016
69.2262	0.98047	3.70049
69.3918	0.980516	3.70082
69.5574	0.980562	3.70114
69.723	0.980608	3.70147
69.8886	0.980654	3.70179
70.0542	0.980699	3.70212
70.2198	0.980745	3.70244
70.3854	0.98079	3.70277
70.5511	0.980836	3.70309
70.7167	0.980881	3.70342
70.8823	0.980927	3.70374
71.0479	0.980972	3.70407
71.2135	0.981017	3.70439
71.3791	0.981062	3.70471
71.5447	0.981107	3.70504
71.7103	0.981152	3.70536
71.876	0.981197	3.70569
72.0416	0.981242	3.70601
72.2072	0.981287	3.70634
72.3728	0.981331	3.70666
72.5384	0.981376	3.70698
72.704	0.981421	3.70731
72.8696	0.981465	3.70763
73.0353	0.981509	3.70796
73.2009	0.981554	3.70828
73.3665	0.981598	3.7086
73.5321	0.981642	3.70893
73.6977	0.981686	3.70925
73.8633	0.98173	3.70957
74.0289	0.981774	3.7099
74.1945	0.981818	3.71022
74.3602	0.981862	3.71054
74.5258	0.981906	3.71086
74.6914	0.98195	3.71119
74.857	0.981993	3.71151
75.0226	0.982037	3.71183
75.1882	0.98208	3.71216
75.3538	0.982124	3.71248
75.5194	0.982167	3.7128
75.6851	0.982211	3.71312
75.8507	0.982254	3.71345
76.0163	0.982297	3.71377
76.1819	0.98234	3.71409
76.3475	0.982383	3.71441
76.5131	0.982426	3.71473
76.6787	0.982469	3.71506
76.8443	0.982512	3.71538
77.01	0.982554	3.7157
77.1756	0.982597	3.71602
77.3412	0.98264	3.71634
77.5068	0.982682	3.71667
77.6724	0.982724	3.71699
77.838	0.982767	3.71731
78.0036	0.982809	3.71763
78.1692	0.982851	3.71795
78.3349	0.982893	3.71827
78.5005	0.982936	3.71859
78.6661	0.982978	3.71891
78.8317	0.983019	3.71924
78.9973	0.983061	3.71956
79.1629	0.983103	3.71988
79.3285	0.983145	3.7202
79.4941	0.983186	3.72052
79.6598	0.983228	3.72084
79.8254	0.983269	3.72116
79.991	0.983311	3.72148
80.1583	0.983353	3.7218
80.3239	0.983394	3.72213
80.4895	0.983435	3.72245
80.6551	0.983476	3.72277
80.8207	0.983517	3.72309
80.9863	0.983558	3.72341
81.1519	0.983599	3.72373
81.3175	0.98364	3.72405
81.4832	0.983681	3.72437
81.6488	0.983722	3.72469
81.8144	0.983762	3.72501
81.98	0.983803	3.72533
82.1456	0.983843	3.72565
82.3112	0.983884	3.72596
82.4768	0.983924	3.72628
82.6424	0.983965	3.7266
82.8081	0.984005	3.72692
82.9737	0.984045	3.72724
83.1393	0.984085	3.72756
83.3049	0.984125	3.72788
83.4705	0.984165	3.7282
83.6361	0.984205	3.72852
83.8017	0.984245	3.72884
83.9674	0.984284	3.72916
84.133	0.984324	3.72948
84.2986	0.984364	3.7298
84.4642	0.984403	3.73011
84.6298	0.984443	3.73043
84.7954	0.984482	3.73075
84.961	0.984521	3.73107
85.1266	0.984561	3.73139
85.2923	0.9846	3.73171
85.4579	0.984639	3.73203
85.6235	0.984678	3.73234
85.7891	0.984717	3.73266
85.9547	0.984756	3.73298
86.1203	0.984795	3.7333
86.2859	0.984834	3.73362
86.4515	0.984872	3.73393
86.6172	0.984911	3.73425
86.7828	0.98495	3.73457
86.9484	0.984988	3.73489
87.114	0.985027	3.73521
87.2796	0.985065	3.73552
87.4452	0.985103	3.73584
87.6108	0.985142	3.73616
87.7764	0.98518	3.73648
87.9421	0.985218	3.73679
88.1077	0.985256	3.73711
88.2733	0.985294	3.73743
88.4389	0.985332	3.73775
88.6045	0.98537	3.73806
88.7701	0.985407	3.73838
88.9357	0.985445	3.7387
89.1013	0.985483	3.73901
89.267	0.98552	3.73933
89.4326	0.985558	3.73965
89.5982	0.985595	3.73997
89.7638	0.985633	3.74028
89.9294	0.98567	3.7406
90.095	0.985707	3.74092
90.2606	0.985745	3.74123
90.4263	0.985782	3.74155
90.5919	0.985819	3.74187
90.7575	0.985856	3.74218
90.9231	0.985893	3.7425
91.0887	0.98593	3.74281
91.2543	0.985967	3.74313
91.4199	0.986003	3.74345
91.5855	0.98604	3.74376
91.7512	0.986077	3.74408
91.9168	0.986113	3.7444
92.0824	0.98615	3.74471
92.248	0.986186	3.74503
92.4136	0.986222	3.74534
92.5792	0.986259	3.74566
92.7448	0.986295	3.74598
92.9104	0.986331	3.74629
93.0761	0.986367	3.74661
93.2417	0.986403	3.74692
93.4073	0.986439	3.74724
93.5729	0.986475	3.74755
93.7385	0.986511	3.74787
93.9041	0.986547	3.74819
94.0697	0.986583	3.7485
94.2353	0.986619	3.74882
94.401	0.986654	3.74913
94.5666	0.98669	3.74945
94.7322	0.986725	3.74976
94.8978	0.986761	3.75008
95.0634	0.986796	3.75039
95.229	0.986831	3.75071
95.3946	0.986867	3.75102
95.5602	0.986902	3.75134
95.7259	0.986937	3.75165
95.8915	0.986972	3.75197
96.0571	0.987007	3.75228
96.2227	0.987042	3.7526
96.3883	0.987077	3.75291
96.5539	0.987112	3.75323
96.7195	0.987147	3.75354
96.8852	0.987181	3.75385
97.0508	0.987216	3.75417
97.2164	0.987251	3.75448
97.382	0.987285	3.7548
97.5476	0.98732	3.75511
97.7132	0.987354	3.75543
97.8788	0.987389	3.75574
98.0444	0.987423	3.75606
98.2101	0.987457	3.75637
98.3757	0.987491	3.75668
98.5413	0.987526	3.757
98.7069	0.98756	3.75731
98.8725	0.987594	3.75763
99.0381	0.987628	3.75794
99.2037	0.987662	3.75825
99.3693	0.987696	3.75857
99.535	0.987729	3.75888
99.7006	0.987763	3.7592
99.8662	0.987797	3.75951
100.032	0.98783	3.75982
100.197	0.987864	3.76014
100.363	0.987898	3.76045
100.529	0.987931	3.76076
100.694	0.987964	3.76108
100.86	0.987998	3.76139
101.025	0.988031	3.7617
101.191	0.988064	3.76202
101.357	0.988098	3.76233
101.522	0.988131	3.76264
101.688	0.988164	3.76296
101.854	0.988197	3.76327
102.019	0.98823	3.76358
102.185	0.988263	3.7639
102.35	0.988295	3.76421
102.516	0.988328	3.76452
102.682	0.988361	3.76483
102.847	0.988394	3.76515
103.013	0.988426	3.76546
103.178	0.988459	3.76577
103.344	0.988492	3.76609
103.51	0.988524	3.7664
103.675	0.988556	3.76671
103.841	0.988589	3.76702
104.007	0.988621	3.76734
104.172	0.988653	3.76765
104.338	0.988686	3.76796
104.503	0.988718	3.76827
104.669	0.98875	3.76859
104.835	0.988782	3.7689
105	0.988814	3.76921
105.166	0.988846	3.76952
105.331	0.988878	3.76984
105.497	0.98891	3.77015
105.663	0.988941	3.77046
105.828	0.988973	3.77077
105.994	0.989005	3.77108
106.159	0.989036	3.7714
106.325	0.989068	3.77171
106.491	0.9891	3.77202
106.656	0.989131	3.77233
106.822	0.989163	3.77264
106.988	0.989194	3.77296
107.153	0.989225	3.77327
107.319	0.989257	3.77358
107.484	0.989288	3.77389
107.65	0.989319	3.7742
107.816	0.98935	3.77451
107.981	0.989381	3.77483
108.147	0.989412	3.77514
108.312	0.989443	3.77545
108.478	0.989474	3.77576
108.644	0.989505	3.77607
108.809	0.989536	3.77638
108.975	0.989567	3.7767
109.14	0.989597	3.77701
109.306	0.989628	3.77732
109.472	0.989659	3.77763
109.637	0.989689	3.77794
109.803	0.98972	3.77825
109.969	0.98975	3.77856
110.134	0.989781	3.77887
110.3	0.989811	3.77919
110.465	0.989841	3.7795
110.631	0.989872	3.77981
110.797	0.989902	3.78012
110.962	0.989932	3.78043
111.128	0.989962	3.78074
111.293	0.989992	3.78105
111.459	0.990022	3.78136
111.625	0.990052	3.78167
111.79	0.990082	3.78198
111.956	0.990112	3.78229
112.122	0.990142	3.7826
112.287	0.990172	3.78292
112.453	0.990201	3.78323
112.618	0.990231	3.78354
112.784	0.990261	3.78385
112.95	0.99029	3.78416
113.115	0.99032	3.78447
113.281	0.99035	3.78478
113.446	0.990379	3.78509
113.612	0.990408	3.7854
113.778	0.990438	3.78571
113.943	0.990467	3.78602
114.109	0.990496	3.78633
114.274	0.990526	3.78664
114.44	0.990555	3.78695
114.606	0.990584	3.78726
114.771	0.990613	3.78757
114.937	0.990642	3.78788
115.103	0.990671	3.78819
115.268	0.9907	3.7885
115.434	0.990729	3.78881
115.599	0.990758	3.78912
115.765	0.990787	3.78943
115.931	0.990816	3.78974
116.096	0.990844	3.79005
116.262	0.990873	3.79036
116.427	0.990902	3.79067
116.593	0.99093	3.79098
116.759	0.990959	3.79129
116.924	0.990987	3.7916
117.09	0.991016	3.79191
117.256	0.991044	3.79222
117.421	0.991073	3.79253
117.587	0.991101	3.79284
117.752	0.991129	3.79315
117.918	0.991157	3.79346
118.084	0.991186	3.79377
118.249	0.991214	3.79408
118.415	0.991242	3.79439
118.58	0.99127	3.7947
118.746	0.991298	3.79501
118.912	0.991326	3.79532
119.077	0.991354	3.79562
119.243	0.991382	3.79593
119.408	0.99141	3.79624
119.574	0.991438	3.79655
119.74	0.991465	3.79686
119.905	0.991493	3.79717
120.071	0.991521	3.79748
120.237	0.991548	3.79779
120.402	0.991576	3.7981
120.568	0.991604	3.79841
120.733	0.991631	3.79872
120.899	0.991658	3.79903
121.065	0.991686	3.79934
121.23	0.991713	3.79964
121.396	0.991741	3.79995
121.561	0.991768	3.80026
121.727	0.991795	3.80057
121.893	0.991822	3.80088
122.058	0.99185	3.80119
122.224	0.991877	3.8015
122.39	0.991904	3.80181
122.555	0.991931	3.80212
122.721	0.991958	3.80242
122.886	0.991985	3.80273
123.052	0.992012	3.80304
123.218	0.992039	3.80335
123.383	0.992066	3.80366
123.549	0.992092	3.80397
123.714	0.992119	3.80428
123.88	0.992146	3.80458
124.046	0.992173	3.80489
124.211	0.992199	3.8052
124.377	0.992226	3.80551
124.542	0.992252	3.80582
124.708	0.992279	3.80613
124.874	0.992305	3.80644
125.039	0.992332	3.80674
125.205	0.992358	3.80705
125.371	0.992385	3.80736
125.536	0.992411	3.80767
125.702	0.992437	3.80798
125.867	0.992463	3.80829
126.033	0.99249	3.80859
126.199	0.992516	3.8089
126.364	0.992542	3.80921
126.53	0.992568	3.80952
126.695	0.992594	3.80983
126.861	0.99262	3.81014
127.027	0.992646	3.81044
127.192	0.992672	3.81075
127.358	0.992698	3.81106
127.524	0.992724	3.81137
127.689	0.99275	3.81168
127.855	0.992775	3.81198
128.02	0.992801	3.81229
128.186	0.992827	3.8126
128.352	0.992853	3.81291
128.517	0.992878	3.81322
128.683	0.992904	3.81352
128.848	0.992929	3.81383
129.014	0.992955	3.81414
129.18	0.99298	3.81445
129.345	0.993006	3.81475
129.511	0.993031	3.81506
129.676	0.993056	3.81537
129.842	0.993082	3.81568
130.008	0.993107	3.81599
130.173	0.993132	3.81629
130.339	0.993158	3.8166
130.505	0.993183	3.81691
130.67	0.993208	3.81722
130.836	0.993233	3.81752
131.001	0.993258	3.81783
131.167	0.993283	3.81814
131.333	0.993308	3.81845
131.498	0.993333	3.81875
131.664	0.993358	3.81906
131.829	0.993383	3.81937
131.995	0.993408	3.81968
132.161	0.993432	3.81998
132.326	0.993457	3.82029
132.492	0.993482	3.8206
132.658	0.993507	3.82091
132.823	0.993531	3.82121
132.989	0.993556	3.82152
133.154	0.993581	3.82183
133.32	0.993605	3.82214
133.486	0.99363	3.82244
133.651	0.993654	3.82275
133.817	0.993679	3.82306
133.982	0.993703	3.82337
134.148	0.993727	3.82367
134.314	0.993752	3.82398
134.479	0.993776	3.82429
134.645	0.9938	3.82459
134.81	0.993824	3.8249
134.976	0.993849	3.82521
135.142	0.993873	3.82552
135.307	0.993897	3.82582
135.473	0.993921	3.82613
135.639	0.993945	3.82644
135.804	0.993969	3.82674
135.97	0.993993	3.82705
136.135	0.994017	3.82736
136.301	0.994041	3.82767
136.467	0.994065	3.82797
136.632	0.994089	3.82828
136.798	0.994113	3.82859
136.963	0.994136	3.82889
137.129	0.99416	3.8292
137.295	0.994184	3.82951
137.46	0.994208	3.82981
137.626	0.994231	3.83012
137.792	0.994255	3.83043
137.957	0.994278	3.83074
138.123	0.994302	3.83104
138.288	0.994325	3.83135
138.454	0.994349	3.83166
138.62	0.994372	3.83196
138.785	0.994396	3.83227
138.951	0.994419	3.83258
139.116	0.994443	3.83288
139.282	0.994466	3.83319
139.448	0.994489	3.8335
139.613	0.994512	3.8338
139.779	0.994536	3.83411
139.944	0.994559	3.83442
140.11	0.994582	3.83472
140.276	0.994605	3.83503
140.441	0.994628	3.83534
140.607	0.994651	3.83564
140.773	0.994674	3.83595
140.938	0.994697	3.83626
141.104	0.99472	3.83656
141.269	0.994743	3.83687
141.435	0.994766	3.83718
141.601	0.994789	3.83748
141.766	0.994812	3.83779
141.932	0.994834	3.8381
142.097	0.994857	3.8384
142.263	0.99488	3.83871
142.429	0.994903	3.83902
142.594	0.994925	3.83932
142.76	0.994948	3.83963
142.926	0.99497	3.83994
143.091	0.994993	3.84024
143.257	0.995016	3.84055
143.422	0.995038	3.84085
143.588	0.995061	3.84116
143.754	0.995083	3.84147
143.919	0.995105	3.84177
144.085	0.995128	3.84208
144.25	0.99515	3.84239
144.416	0.995172	3.84269
144.582	0.995195	3.843
144.747	0.995217	3.84331
144.913	0.995239	3.84361
145.078	0.995261	3.84392
145.244	0.995284	3.84423
145.41	0.995306	3.84453
145.575	0.995328	3.84484
145.741	0.99535	3.84514
145.907	0.995372	3.84545
146.072	0.995394	3.84576
146.238	0.995416	3.84606
146.403	0.995438	3.84637
146.569	0.99546	3.84668
146.735	0.995482	3.84698
146.9	0.995503	3.84729
147.066	0.995525	3.84759
147.231	0.995547	3.8479
147.397	0.995569	3.84821
147.563	0.995591	3.84851
147.728	0.995612	3.84882
147.894	0.995634	3.84913
148.06	0.995656	3.84943
148.225	0.995677	3.84974
148.391	0.995699	3.85004
148.556	0.99572	3.85035
148.722	0.995742	3.85066
148.888	0.995763	3.85096
149.053	0.995785	3.85127
149.217	0.995806	3.85157
149.383	0.995828	3.85188
149.548	0.995849	3.85218
149.714	0.99587	3.85249
149.88	0.995892	3.8528
150.045	0.995913	3.8531
150.211	0.995934	3.85341
150.376	0.995955	3.85371
150.542	0.995977	3.85402
150.708	0.995998	3.85433
150.873	0.996019	3.85463
151.039	0.99604	3.85494
151.204	0.996061	3.85524
151.37	0.996082	3.85555
151.536	0.996103	3.85586
151.701	0.996124	3.85616
151.867	0.996145	3.85647
152.033	0.996166	3.85677
152.198	0.996187	3.85708
152.364	0.996208	3.85739
152.529	0.996229	3.85769
152.695	0.99625	3.858
152.861	0.99627	3.8583
153.026	0.996291	3.85861
153.192	0.996312	3.85892
153.357	0.996333	3.85922
153.523	0.996353	3.85953
153.689	0.996374	3.85983
153.854	0.996395	3.86014
154.02	0.996415	3.86045
154.186	0.996436	3.86075
154.351	0.996456	3.86106
154.517	0.996477	3.86136
154.682	0.996497	3.86167
154.848	0.996518	3.86198
155.014	0.996538	3.86228
155.179	0.996559	3.86259
155.345	0.996579	3.86289
155.51	0.9966	3.8632
155.676	0.99662	3.8635
155.842	0.99664	3.86381
156.007	0.99666	3.86412
156.173	0.996681	3.86442
156.338	0.996701	3.86473
156.504	0.996721	3.86503
156.67	0.996741	3.86534
156.835	0.996761	3.86565
157.001	0.996782	3.86595
157.167	0.996802	3.86626
157.332	0.996822	3.86656
157.498	0.996842	3.86687
157.663	0.996862	3.86717
157.829	0.996882	3.86748
157.995	0.996902	3.86779
158.16	0.996922	3.86809
158.326	0.996942	3.8684
158.491	0.996961	3.8687
158.657	0.996981	3.86901
158.823	0.997001	3.86932
158.988	0.997021	3.86962
159.154	0.997041	3.86993
159.32	0.99706	3.87023
159.485	0.99708	3.87054
159.651	0.9971	3.87084
159.816	0.99712	3.87115
159.982	0.997139	3.87146
160.148	0.997159	3.87176
160.313	0.997178	3.87207
160.479	0.997198	3.87237
160.644	0.997218	3.87268
160.81	0.997237	3.87299
160.976	0.997257	3.87329
161.141	0.997276	3.8736
161.307	0.997295	3.8739
161.472	0.997315	3.87421
161.638	0.997334	3.87451
161.804	0.997354	3.87482
161.969	0.997373	3.87513
162.135	0.997392	3.87543
162.301	0.997412	3.87574
162.466	0.997431	3.87604
162.632	0.99745	3.87635
162.797	0.997469	3.87666
162.963	0.997488	3.87696
163.129	0.997508	3.87727
163.294	0.997527	3.87757
163.46	0.997546	3.87788
163.625	0.997565	3.87818
163.791	0.997584	3.87849
163.957	0.997603	3.8788
164.122	0.997622	3.8791
164.288	0.997641	3.87941
164.454	0.99766	3.87971
164.619	0.997679	3.88002
164.785	0.997698	3.88032
164.95	0.997717	3.88063
165.116	0.997736	3.88094
165.282	0.997755	3.88124
165.447	0.997773	3.88155
165.613	0.997792	3.88185
165.778	0.997811	3.88216
165.944	0.99783	3.88247
166.11	0.997848	3.88277
166.275	0.997867	3.88308
166.441	0.997886	3.88338
166.606	0.997904	3.88369
166.772	0.997923	3.88399
166.938	0.997942	3.8843
167.103	0.99796	3.88461
167.269	0.997979	3.88491
167.435	0.997997	3.88522
167.6	0.998016	3.88552
167.766	0.998034	3.88583
167.931	0.998053	3.88614
168.097	0.998071	3.88644
168.263	0.99809	3.88675
168.428	0.998108	3.88705
168.594	0.998126	3.88736
168.759	0.998145	3.88766
168.925	0.998163	3.88797
169.091	0.998181	3.88828
169.256	0.9982	3.88858
169.422	0.998218	3.88889
169.588	0.998236	3.88919
169.753	0.998254	3.8895
169.919	0.998272	3.88981
170.084	0.998291	3.89011
170.25	0.998309	3.89042
170.416	0.998327	3.89072
170.581	0.998345	3.89103
170.747	0.998363	3.89133
170.912	0.998381	3.89164
171.078	0.998399	3.89195
171.244	0.998417	3.89225
171.409	0.998435	3.89256
171.575	0.998453	3.89286
171.74	0.998471	3.89317
171.906	0.998489	3.89348
172.072	0.998507	3.89378
172.237	0.998524	3.89409
172.403	0.998542	3.89439
172.569	0.99856	3.8947
172.734	0.998578	3.89501
172.9	0.998596	3.89531
173.065	0.998613	3.89562
173.231	0.998631	3.89592
173.397	0.998649	3.89623
173.562	0.998667	3.89654
173.728	0.998684	3.89684
173.893	0.998702	3.89715
174.059	0.998719	3.89745
174.225	0.998737	3.89776
174.39	0.998755	3.89807
174.556	0.998772	3.89837
174.722	0.99879	3.89868
174.887	0.998807	3.89898
175.053	0.998825	3.89929
175.218	0.998842	3.8996
175.384	0.99886	3.8999
175.55	0.998877	3.90021
175.715	0.998894	3.90051
175.881	0.998912	3.90082
176.046	0.998929	3.90113
176.212	0.998946	3.90143
176.378	0.998964	3.90174
176.543	0.998981	3.90204
176.709	0.998998	3.90235
176.874	0.999015	3.90266
177.04	0.999033	3.90296
177.206	0.99905	3.90327
177.371	0.999067	3.90358
177.537	0.999084	3.90388
177.703	0.999101	3.90419
177.868	0.999118	3.90449
178.034	0.999136	3.9048
178.199	0.999153	3.90511
178.365	0.99917	3.90541
178.531	0.999187	3.90572
178.696	0.999204	3.90602
178.862	0.999221	3.90633
179.027	0.999238	3.90664
179.193	0.999255	3.90694
179.359	0.999272	3.90725
179.524	0.999288	3.90756
179.69	0.999305	3.90786
179.856	0.999322	3.90817
180.021	0.999339	3.90847
180.187	0.999356	3.90878
180.352	0.999373	3.90909
180.518	0.999389	3.90939
180.684	0.999406	3.9097
180.849	0.999423	3.91001
181.015	0.99944	3.91031
181.18	0.999456	3.91062
181.346	0.999473	3.91092
181.512	0.99949	3.91123
181.677	0.999506	3.91154
181.843	0.999523	3.91184
182.008	0.99954	3.91215
182.174	0.999556	3.91246
182.34	0.999573	3.91276
182.505	0.999589	3.91307
182.671	0.999606	3.91338
182.837	0.999622	3.91368
183.002	0.999639	3.91399
183.168	0.999655	3.91429
183.333	0.999672	3.9146
183.499	0.999688	3.91491
183.665	0.999704	3.91521
183.83	0.999721	3.91552
183.996	0.999737	3.91583
184.161	0.999753	3.91613
184.327	0.99977	3.91644
184.493	0.999786	3.91675
184.658	0.999802	3.91705
184.824	0.999819	3.91736
184.99	0.999835	3.91767
185.155	0.999851	3.91797
185.321	0.999867	3.91828
185.486	0.999883	3.91859
185.652	0.9999	3.91889
185.818	0.999916	3.9192
185.983	0.999932	3.91951
186.149	0.999948	3.91981
186.314	0.999964	3.92012
186.48	0.99998	3.92043
186.646	0.999996	3.92073
186.811	1.00001	3.92104
186.977	1.00003	3.92135
187.142	1.00004	3.92165
187.308	1.00006	3.92196
187.474	1.00008	3.92227
187.639	1.00009	3.92257
187.805	1.00011	3.92288
187.971	1.00012	3.92319
188.136	1.00014	3.92349
188.302	1.00016	3.9238
188.467	1.00017	3.92411
188.633	1.00019	3.92441
188.799	1.0002	3.92472
188.964	1.00022	3.92503
189.13	1.00023	3.92533
189.295	1.00025	3.92564
189.461	1.00027	3.92595
189.627	1.00028	3.92625
189.792	1.0003	3.92656
189.958	1.00031	3.92687
190.124	1.00033	3.92718
190.289	1.00034	3.92748
190.455	1.00036	3.92779
190.62	1.00038	3.9281
190.786	1.00039	3.9284
190.952	1.00041	3.92871
191.117	1.00042	3.92902
191.283	1.00044	3.92932
191.448	1.00045	3.92963
191.614	1.00047	3.92994
191.78	1.00048	3.93025
191.945	1.0005	3.93055
192.111	1.00051	3.93086
192.276	1.00053	3.93117
192.442	1.00055	3.93147
192.608	1.00056	3.93178
192.773	1.00058	3.93209
192.939	1.00059	3.9324
193.105	1.00061	3.9327
193.27	1.00062	3.93301
193.436	1.00064	3.93332
193.601	1.00065	3.93362
193.767	1.00067	3.93393
193.933	1.00068	3.93424
194.098	1.0007	3.93455
194.264	1.00071	3.93485
194.429	1.00073	3.93516
194.595	1.00074	3.93547
194.761	1.00076	3.93578
194.926	1.00077	3.93608
195.092	1.00079	3.93639
195.258	1.0008	3.9367
195.423	1.00082	3.93701
195.589	1.00083	3.93731
195.754	1.00085	3.93762
195.92	1.00086	3.93793
196.086	1.00088	3.93824
196.251	1.00089	3.93854
196.417	1.00091	3.93885
196.582	1.00092	3.93916
196.748	1.00094	3.93947
196.914	1.00095	3.93977
197.079	1.00097	3.94008
197.245	1.00098	3.94039
197.41	1.001	3.9407
197.576	1.00101	3.941
197.742	1.00103	3.94131
197.907	1.00104	3.94162
198.073	1.00106	3.94193
198.239	1.00107	3.94223
198.404	1.00109	3.94254
198.57	1.0011	3.94285
198.735	1.00112	3.94316
198.901	1.00113	3.94346
199.067	1.00115	3.94377
199.232	1.00116	3.94408
199.398	1.00118	3.94439
199.563	1.00119	3.9447
199.729	1.0012	3.945
199.895	1.00122	3.94531
200.06	1.00123	3.94562
200.226	1.00125	3.94593
200.392	1.00126	3.94624
200.557	1.00128	3.94654
200.723	1.00129	3.94685
200.888	1.00131	3.94716
201.054	1.00132	3.94747
201.22	1.00134	3.94778
201.385	1.00135	3.94808
201.551	1.00136	3.94839
201.716	1.00138	3.9487
201.882	1.00139	3.94901
202.048	1.00141	3.94932
202.213	1.00142	3.94962
202.379	1.00144	3.94993
202.544	1.00145	3.95024
202.71	1.00146	3.95055
202.876	1.00148	3.95086
203.041	1.00149	3.95116
203.207	1.00151	3.95147
203.373	1.00152	3.95178
203.538	1.00154	3.95209
203.704	1.00155	3.9524
203.869	1.00156	3.95271
204.035	1.00158	3.95301
204.201	1.00159	3.95332
204.366	1.00161	3.95363
204.532	1.00162	3.95394
204.697	1.00164	3.95425
204.863	1.00165	3.95456
205.029	1.00166	3.95486
205.194	1.00168	3.95517
205.36	1.00169	3.95548
205.526	1.00171	3.95579
205.691	1.00172	3.9561
205.857	1.00173	3.95641
206.022	1.00175	3.95672
206.188	1.00176	3.95702
206.354	1.00178	3.95733
206.519	1.00179	3.95764
206.685	1.0018	3.95795
206.85	1.00182	3.95826
207.016	1.00183	3.95857
207.182	1.00184	3.95888
207.347	1.00186	3.95919
207.513	1.00187	3.95949
207.678	1.00189	3.9598
207.844	1.0019	3.96011
208.01	1.00191	3.96042
208.175	1.00193	3.96073
208.341	1.00194	3.96104
208.507	1.00196	3.96135
208.672	1.00197	3.96166
208.838	1.00198	3.96196
209.003	1.002	3.96227
209.169	1.00201	3.96258
209.335	1.00202	3.96289
209.5	1.00204	3.9632
209.666	1.00205	3.96351
209.831	1.00206	3.96382
209.997	1.00208	3.96413
210.163	1.00209	3.96444
210.328	1.00211	3.96475
210.494	1.00212	3.96506
210.659	1.00213	3.96536
210.825	1.00215	3.96567
210.991	1.00216	3.96598
211.156	1.00217	3.96629
211.322	1.00219	3.9666
211.488	1.0022	3.96691
211.653	1.00221	3.96722
211.819	1.00223	3.96753
211.984	1.00224	3.96784
212.15	1.00225	3.96815
212.316	1.00227	3.96846
212.481	1.00228	3.96877
212.647	1.00229	3.96908
212.812	1.00231	3.96939
212.978	1.00232	3.9697
213.144	1.00233	3.97
213.309	1.00235	3.97031
213.475	1.00236	3.97062
213.641	1.00237	3.97093
213.806	1.00239	3.97124
213.972	1.0024	3.97155
214.137	1.00241	3.97186
214.303	1.00243	3.97217
214.469	1.00244	3.97248
214.634	1.00245	3.97279
214.8	1.00247	3.9731
214.965	1.00248	3.97341
215.131	1.00249	3.97372
215.297	1.00251	3.97403
215.462	1.00252	3.97434
215.628	1.00253	3.97465
215.793	1.00254	3.97496
215.959	1.00256	3.97527
216.125	1.00257	3.97558
216.29	1.00258	3.97589
216.456	1.0026	3.9762
216.622	1.00261	3.97651
216.787	1.00262	3.97682
216.953	1.00264	3.97713
217.118	1.00265	3.97744
217.284	1.00266	3.97775
217.45	1.00267	3.97806
217.615	1.00269	3.97837
217.781	1.0027	3.97868
217.946	1.00271	3.97899
218.112	1.00273	3.9793
218.278	1.00274	3.97961
218.443	1.00275	3.97992
218.609	1.00277	3.98023
218.775	1.00278	3.98054
218.94	1.00279	3.98085
219.106	1.0028	3.98116
219.271	1.00282	3.98147
219.437	1.00283	3.98178
219.603	1.00284	3.98209
219.768	1.00285	3.98241
219.934	1.00287	3.98272
220.099	1.00288	3.98303
220.265	1.00289	3.98334
220.431	1.00291	3.98365
220.596	1.00292	3.98396
220.762	1.00293	3.98427
220.927	1.00294	3.98458
221.093	1.00296	3.98489
221.259	1.00297	3.9852
221.424	1.00298	3.98551
221.59	1.00299	3.98582
221.756	1.00301	3.98613
221.921	1.00302	3.98644
222.087	1.00303	3.98675
222.252	1.00304	3.98707
222.418	1.00306	3.98738
222.584	1.00307	3.98769
222.749	1.00308	3.988
222.915	1.00309	3.98831
223.08	1.00311	3.98862
223.246	1.00312	3.98893
223.412	1.00313	3.98924
223.577	1.00314	3.98955
223.743	1.00316	3.98986
223.909	1.00317	3.99018
224.074	1.00318	3.99049
224.24	1.00319	3.9908
224.405	1.00321	3.99111
224.571	1.00322	3.99142
224.737	1.00323	3.99173
224.902	1.00324	3.99204
225.068	1.00325	3.99235
225.233	1.00327	3.99267
225.399	1.00328	3.99298
225.565	1.00329	3.99329
225.73	1.0033	3.9936
225.896	1.00332	3.99391
226.061	1.00333	3.99422
226.227	1.00334	3.99454
226.393	1.00335	3.99485
226.558	1.00337	3.99516
226.724	1.00338	3.99547
226.89	1.00339	3.99578
227.055	1.0034	3.99609
227.221	1.00341	3.99641
227.386	1.00343	3.99672
227.552	1.00344	3.99703
227.718	1.00345	3.99734
227.883	1.00346	3.99765
228.049	1.00347	3.99796
228.214	1.00349	3.99828
228.38	1.0035	3.99859
228.546	1.00351	3.9989
228.711	1.00352	3.99921
228.877	1.00353	3.99952
229.043	1.00355	3.99984
229.208	1.00356	4.00015
229.374	1.00357	4.00046
229.539	1.00358	4.00077
229.705	1.00359	4.00108
229.871	1.00361	4.0014
230.036	1.00362	4.00171
230.202	1.00363	4.00202
230.367	1.00364	4.00233
230.533	1.00365	4.00265
230.699	1.00367	4.00296
230.864	1.00368	4.00327
231.03	1.00369	4.00358
231.195	1.0037	4.0039
231.361	1.00371	4.00421
231.527	1.00372	4.00452
231.692	1.00374	4.00483
231.858	1.00375	4.00515
232.024	1.00376	4.00546
232.189	1.00377	4.00577
232.355	1.00378	4.00608
232.52	1.00379	4.0064
232.686	1.00381	4.00671
232.852	1.00382	4.00702
233.017	1.00383	4.00733
233.183	1.00384	4.00765
233.348	1.00385	4.00796
233.514	1.00387	4.00827
233.68	1.00388	4.00859
233.845	1.00389	4.0089
234.011	1.0039	4.00921
234.177	1.00391	4.00952
234.342	1.00392	4.00984
234.508	1.00393	4.01015
234.673	1.00395	4.01046
234.839	1.00396	4.01078
235.005	1.00397	4.01109
235.17	1.00398	4.0114
235.336	1.00399	4.01172
235.501	1.004	4.01203
235.667	1.00402	4.01234
235.833	1.00403	4.01266
235.998	1.00404	4.01297
236.164	1.00405	4.01328
236.329	1.00406	4.0136
236.495	1.00407	4.01391
236.661	1.00408	4.01422
236.826	1.0041	4.01454
236.992	1.00411	4.01485
237.158	1.00412	4.01516
237.323	1.00413	4.01548
237.489	1.00414	4.01579
237.654	1.00415	4.0161
237.82	1.00416	4.01642
237.986	1.00417	4.01673
238.151	1.00419	4.01705
238.317	1.0042	4.01736
238.482	1.00421	4.01767
238.648	1.00422	4.01799
238.814	1.00423	4.0183
238.979	1.00424	4.01862
239.145	1.00425	4.01893
239.311	1.00426	4.01924
239.476	1.00428	4.01956
239.642	1.00429	4.01987
239.807	1.0043	4.02019
239.973	1.00431	4.0205
240.139	1.00432	4.02081
240.304	1.00433	4.02113
240.47	1.00434	4.02144
240.635	1.00435	4.02176
240.801	1.00437	4.02207
240.967	1.00438	4.02239
241.132	1.00439	4.0227
241.298	1.0044	4.02301
241.463	1.00441	4.02333
241.629	1.00442	4.02364
241.795	1.00443	4.02396
241.96	1.00444	4.02427
242.126	1.00445	4.02459
242.292	1.00446	4.0249
242.457	1.00448	4.02522
242.623	1.00449	4.02553
242.788	1.0045	4.02584
242.954	1.00451	4.02616
243.12	1.00452	4.02647
243.285	1.00453	4.02679
243.451	1.00454	4.0271
243.616	1.00455	4.02742
243.782	1.00456	4.02773
243.948	1.00457	4.02805
244.113	1.00459	4.02836
244.279	1.0046	4.02868
244.445	1.00461	4.02899
244.61	1.00462	4.02931
244.776	1.00463	4.02962
244.941	1.00464	4.02994
245.107	1.00465	4.03025
245.273	1.00466	4.03057
245.438	1.00467	4.03088
245.604	1.00468	4.0312
245.769	1.00469	4.03152
245.935	1.0047	4.03183
246.101	1.00471	4.03215
246.266	1.00473	4.03246
246.432	1.00474	4.03278
246.597	1.00475	4.03309
246.763	1.00476	4.03341
246.929	1.00477	4.03372
247.094	1.00478	4.03404
247.26	1.00479	4.03436
247.426	1.0048	4.03467
247.591	1.00481	4.03499
247.757	1.00482	4.0353
247.922	1.00483	4.03562
248.088	1.00484	4.03593
248.254	1.00485	4.03625
248.419	1.00486	4.03657
248.585	1.00487	4.03688
248.75	1.00489	4.0372
248.916	1.0049	4.03751
249.082	1.00491	4.03783
249.247	1.00492	4.03815
249.413	1.00493	4.03846
249.579	1.00494	4.03878
249.744	1.00495	4.03909
249.91	1.00496	4.03941
250.075	1.00497	4.03973
250.241	1.00498	4.04004
250.407	1.00499	4.04036
250.572	1.005	4.04068
250.738	1.00501	4.04099
250.903	1.00502	4.04131
251.069	1.00503	4.04163
251.235	1.00504	4.04194
251.4	1.00505	4.04226
251.566	1.00506	4.04258
251.731	1.00507	4.04289
251.897	1.00508	4.04321
252.063	1.00509	4.04353
252.228	1.0051	4.04384
252.394	1.00511	4.04416
252.56	1.00513	4.04448
252.725	1.00514	4.04479
252.891	1.00515	4.04511
253.056	1.00516	4.04543
253.222	1.00517	4.04574
253.388	1.00518	4.04606
253.553	1.00519	4.04638
253.719	1.0052	4.04669
253.884	1.00521	4.04701
254.05	1.00522	4.04733
254.216	1.00523	4.04765
254.381	1.00524	4.04796
254.547	1.00525	4.04828
254.713	1.00526	4.0486
254.878	1.00527	4.04892
255.044	1.00528	4.04923
255.209	1.00529	4.04955
255.375	1.0053	4.04987
255.541	1.00531	4.05019
255.706	1.00532	4.0505
255.872	1.00533	4.05082
256.037	1.00534	4.05114
256.203	1.00535	4.05146
256.369	1.00536	4.05177
256.534	1.00537	4.05209
256.7	1.00538	4.05241
256.865	1.00539	4.05273
257.031	1.0054	4.05305
257.197	1.00541	4.05336
257.362	1.00542	4.05368
257.528	1.00543	4.054
257.694	1.00544	4.05432
257.859	1.00545	4.05464
258.025	1.00546	4.05495
258.19	1.00547	4.05527
258.356	1.00548	4.05559
258.522	1.00549	4.05591
258.687	1.0055	4.05623
258.853	1.00551	4.05654
259.018	1.00552	4.05686
259.184	1.00553	4.05718
259.35	1.00554	4.0575
259.515	1.00555	4.05782
259.681	1.00556	4.05814
259.847	1.00557	4.05846
260.012	1.00558	4.05877
260.178	1.00559	4.05909
260.343	1.0056	4.05941
260.509	1.00561	4.05973
260.675	1.00562	4.06005
260.84	1.00563	4.06037
261.006	1.00564	4.06069
261.171	1.00565	4.06101
261.337	1.00566	4.06132
261.503	1.00567	4.06164
261.668	1.00568	4.06196
261.834	1.00569	4.06228
261.999	1.0057	4.0626
262.165	1.00571	4.06292
262.331	1.00572	4.06324
262.496	1.00573	4.06356
262.662	1.00574	4.06388
262.828	1.00575	4.0642
262.993	1.00575	4.06452
263.159	1.00576	4.06484
263.324	1.00577	4.06515
263.49	1.00578	4.06547
263.656	1.00579	4.06579
263.821	1.0058	4.06611
263.987	1.00581	4.06643
264.152	1.00582	4.06675
264.318	1.00583	4.06707
264.484	1.00584	4.06739
264.649	1.00585	4.06771
264.815	1.00586	4.06803
264.98	1.00587	4.06835
265.146	1.00588	4.06867
265.312	1.00589	4.06899
265.477	1.0059	4.06931
265.643	1.00591	4.06963
265.809	1.00592	4.06995
265.974	1.00593	4.07027
266.14	1.00594	4.07059
266.305	1.00595	4.07091
266.471	1.00596	4.07123
266.637	1.00597	4.07155
266.802	1.00597	4.07187
266.968	1.00598	4.07219
267.133	1.00599	4.07251
267.299	1.006	4.07283
267.465	1.00601	4.07315
267.63	1.00602	4.07348
267.796	1.00603	4.0738
267.962	1.00604	4.07412
268.127	1.00605	4.07444
268.293	1.00606	4.07476
268.458	1.00607	4.07508
268.624	1.00608	4.0754
268.79	1.00609	4.07572
268.955	1.0061	4.07604
269.121	1.00611	4.07636
269.286	1.00612	4.07668
269.452	1.00612	4.077
269.618	1.00613	4.07732
269.783	1.00614	4.07765
269.949	1.00615	4.07797
270.114	1.00616	4.07829
270.28	1.00617	4.07861
270.446	1.00618	4.07893
270.611	1.00619	4.07925
270.777	1.0062	4.07957
270.943	1.00621	4.07989
271.108	1.00622	4.08022
271.274	1.00623	4.08054
271.439	1.00624	4.08086
271.605	1.00625	4.08118
271.771	1.00625	4.0815
271.936	1.00626	4.08182
272.102	1.00627	4.08215
272.267	1.00628	4.08247
272.433	1.00629	4.08279
272.599	1.0063	4.08311
272.764	1.00631	4.08343
272.93	1.00632	4.08376
273.096	1.00633	4.08408
273.261	1.00634	4.0844
273.427	1.00635	4.08472
273.592	1.00635	4.08504
273.758	1.00636	4.08537
273.924	1.00637	4.08569
274.089	1.00638	4.08601
274.255	1.00639	4.08633
274.42	1.0064	4.08665
274.586	1.00641	4.08698
274.752	1.00642	4.0873
274.917	1.00643	4.08762
275.083	1.00644	4.08794
275.248	1.00644	4.08827
275.414	1.00645	4.08859
275.58	1.00646	4.08891
275.745	1.00647	4.08924
275.911	1.00648	4.08956
276.077	1.00649	4.08988
276.242	1.0065	4.0902
276.408	1.00651	4.09053
276.573	1.00652	4.09085
276.739	1.00653	4.09117
276.905	1.00653	4.0915
277.07	1.00654	4.09182
277.236	1.00655	4.09214
277.401	1.00656	4.09247
277.567	1.00657	4.09279
277.733	1.00658	4.09311
277.898	1.00659	4.09343
278.064	1.0066	4.09376
278.23	1.00661	4.09408
278.395	1.00661	4.09441
278.561	1.00662	4.09473
278.726	1.00663	4.09505
278.892	1.00664	4.09538
279.058	1.00665	4.0957
279.223	1.00666	4.09602
279.389	1.00667	4.09635
279.554	1.00668	4.09667
279.72	1.00668	4.09699
279.886	1.00669	4.09732
280.051	1.0067	4.09764
280.217	1.00671	4.09797
280.382	1.00672	4.09829
280.548	1.00673	4.09861
280.714	1.00674	4.09894
280.879	1.00675	4.09926
281.045	1.00675	4.09959
281.211	1.00676	4.09991
281.376	1.00677	4.10024
281.542	1.00678	4.10056
281.707	1.00679	4.10088
281.873	1.0068	4.10121
282.039	1.00681	4.10153
282.204	1.00681	4.10186
282.37	1.00682	4.10218
282.535	1.00683	4.10251
282.701	1.00684	4.10283
282.867	1.00685	4.10316
283.032	1.00686	4.10348
283.198	1.00687	4.10381
283.364	1.00687	4.10413
283.529	1.00688	4.10446
283.695	1.00689	4.10478
283.86	1.0069	4.10511
284.026	1.00691	4.10543
284.192	1.00692	4.10576
284.357	1.00693	4.10608
284.523	1.00693	4.10641
284.688	1.00694	4.10673
284.854	1.00695	4.10706
285.02	1.00696	4.10738
285.185	1.00697	4.10771
285.351	1.00698	4.10803
285.516	1.00699	4.10836
285.682	1.00699	4.10868
285.848	1.007	4.10901
286.013	1.00701	4.10934
286.179	1.00702	4.10966
286.345	1.00703	4.10999
286.51	1.00704	4.11031
286.676	1.00704	4.11064
286.841	1.00705	4.11096
287.007	1.00706	4.11129
287.173	1.00707	4.11162
287.338	1.00708	4.11194
287.504	1.00709	4.11227
287.669	1.00709	4.1126
287.835	1.0071	4.11292
288.001	1.00711	4.11325
288.166	1.00712	4.11357
288.332	1.00713	4.1139
288.498	1.00714	4.11423
288.663	1.00714	4.11455
288.829	1.00715	4.11488
288.994	1.00716	4.11521
289.16	1.00717	4.11553
289.326	1.00718	4.11586
289.491	1.00719	4.11619
289.657	1.00719	4.11651
289.822	1.0072	4.11684
289.988	1.00721	4.11717
290.154	1.00722	4.11749
290.319	1.00723	4.11782
290.485	1.00724	4.11815
290.65	1.00724	4.11847
290.816	1.00725	4.1188
290.982	1.00726	4.11913
291.147	1.00727	4.11946
291.313	1.00728	4.11978
291.479	1.00728	4.12011
291.644	1.00729	4.12044
291.81	1.0073	4.12077
291.975	1.00731	4.12109
292.141	1.00732	4.12142
292.307	1.00733	4.12175
292.472	1.00733	4.12208
292.638	1.00734	4.1224
292.803	1.00735	4.12273
292.969	1.00736	4.12306
293.135	1.00737	4.12339
293.3	1.00737	4.12371
293.466	1.00738	4.12404
293.632	1.00739	4.12437
293.797	1.0074	4.1247
293.963	1.00741	4.12503
294.128	1.00741	4.12535
294.294	1.00742	4.12568
294.46	1.00743	4.12601
294.625	1.00744	4.12634
294.791	1.00745	4.12667
294.956	1.00745	4.127
295.122	1.00746	4.12732
295.288	1.00747	4.12765
295.453	1.00748	4.12798
295.619	1.00749	4.12831
295.784	1.00749	4.12864
295.95	1.0075	4.12897
296.116	1.00751	4.1293
296.281	1.00752	4.12963
296.447	1.00753	4.12995
296.613	1.00753	4.13028
296.778	1.00754	4.13061
296.944	1.00755	4.13094
297.109	1.00756	4.13127
297.275	1.00757	4.1316
297.441	1.00757	4.13193
297.606	1.00758	4.13226
297.772	1.00759	4.13259
297.937	1.0076	4.13292
298.103	1.0076	4.13325
298.269	1.00761	4.13358
298.434	1.00762	4.13391
298.6	1.00763	4.13423
298.766	1.00764	4.13456
298.931	1.00764	4.13489
299.097	1.00765	4.13522
299.262	1.00766	4.13555
299.428	1.00767	4.13588
299.594	1.00768	4.13621
299.759	1.00768	4.13654
299.925	1.00769	4.13687
300.09	1.0077	4.1372
300.256	1.00771	4.13753
300.422	1.00771	4.13786
300.587	1.00772	4.13819
300.753	1.00773	4.13852
300.918	1.00774	4.13885
301.084	1.00775	4.13918
301.25	1.00775	4.13952
301.415	1.00776	4.13985
301.581	1.00777	4.14018
301.747	1.00778	4.14051
301.912	1.00778	4.14084
302.078	1.00779	4.14117
302.243	1.0078	4.1415
302.409	1.00781	4.14183
302.575	1.00781	4.14216
302.74	1.00782	4.14249
302.906	1.00783	4.14282
303.071	1.00784	4.14315
303.237	1.00784	4.14348
303.403	1.00785	4.14382
303.568	1.00786	4.14415
303.734	1.00787	4.14448
303.9	1.00788	4.14481
304.065	1.00788	4.14514
304.231	1.00789	4.14547
304.396	1.0079	4.1458
304.562	1.00791	4.14614
304.728	1.00791	4.14647
304.893	1.00792	4.1468
305.059	1.00793	4.14713
305.224	1.00794	4.14746
305.39	1.00794	4.14779
305.556	1.00795	4.14813
305.721	1.00796	4.14846
305.887	1.00797	4.14879
306.052	1.00797	4.14912
306.218	1.00798	4.14945
306.384	1.00799	4.14979
306.549	1.008	4.15012
306.715	1.008	4.15045
306.881	1.00801	4.15078
307.046	1.00802	4.15111
307.212	1.00803	4.15145
307.377	1.00803	4.15178
307.543	1.00804	4.15211
307.709	1.00805	4.15244
307.874	1.00806	4.15278
308.04	1.00806	4.15311
308.205	1.00807	4.15344
308.371	1.00808	4.15378
308.537	1.00809	4.15411
308.702	1.00809	4.15444
308.868	1.0081	4.15477
309.034	1.00811	4.15511
309.199	1.00811	4.15544
309.365	1.00812	4.15577
309.53	1.00813	4.15611
309.696	1.00814	4.15644
309.862	1.00814	4.15677
310.027	1.00815	4.15711
310.193	1.00816	4.15744
310.358	1.00817	4.15777
310.524	1.00817	4.15811
310.69	1.00818	4.15844
310.855	1.00819	4.15877
311.021	1.0082	4.15911
311.186	1.0082	4.15944
311.352	1.00821	4.15978
311.518	1.00822	4.16011
311.683	1.00822	4.16044
311.849	1.00823	4.16078
312.015	1.00824	4.16111
312.18	1.00825	4.16145
312.346	1.00825	4.16178
312.511	1.00826	4.16211
312.677	1.00827	4.16245
312.844	1.00828	4.16279
313.01	1.00828	4.16312
313.175	1.00829	4.16345
313.341	1.0083	4.16379
313.507	1.0083	4.16412
313.672	1.00831	4.16446
313.838	1.00832	4.16479
314.004	1.00833	4.16513
314.169	1.00833	4.16546
314.335	1.00834	4.1658
314.5	1.00835	4.16613
314.666	1.00835	4.16647
314.832	1.00836	4.1668
314.997	1.00837	4.16714
315.163	1.00838	4.16747
315.328	1.00838	4.16781
315.494	1.00839	4.16814
315.66	1.0084	4.16848
315.825	1.0084	4.16881
315.991	1.00841	4.16915
316.157	1.00842	4.16949
316.322	1.00843	4.16982
316.488	1.00843	4.17016
316.653	1.00844	4.17049
316.819	1.00845	4.17083
316.985	1.00845	4.17116
317.15	1.00846	4.1715
317.316	1.00847	4.17184
317.481	1.00847	4.17217
317.647	1.00848	4.17251
317.813	1.00849	4.17284
317.978	1.0085	4.17318
318.144	1.0085	4.17352
318.309	1.00851	4.17385
318.475	1.00852	4.17419
318.641	1.00852	4.17453
318.806	1.00853	4.17486
318.972	1.00854	4.1752
319.138	1.00854	4.17553
319.303	1.00855	4.17587
319.469	1.00856	4.17621
319.634	1.00857	4.17654
319.8	1.00857	4.17688
319.966	1.00858	4.17722
320.131	1.00859	4.17756
320.297	1.00859	4.17789
320.462	1.0086	4.17823
320.628	1.00861	4.17857
320.794	1.00861	4.1789
320.959	1.00862	4.17924
321.125	1.00863	4.17958
321.291	1.00863	4.17992
321.456	1.00864	4.18025
321.622	1.00865	4.18059
321.787	1.00866	4.18093
321.953	1.00866	4.18127
322.119	1.00867	4.1816
322.284	1.00868	4.18194
322.45	1.00868	4.18228
322.615	1.00869	4.18262
322.781	1.0087	4.18296
322.947	1.0087	4.18329
323.112	1.00871	4.18363
323.278	1.00872	4.18397
323.443	1.00872	4.18431
323.609	1.00873	4.18465
323.775	1.00874	4.18498
323.94	1.00874	4.18532
324.106	1.00875	4.18566
324.272	1.00876	4.186
324.437	1.00876	4.18634
324.603	1.00877	4.18668
324.768	1.00878	4.18701
324.934	1.00878	4.18735
325.1	1.00879	4.18769
325.265	1.0088	4.18803
325.431	1.0088	4.18837
325.596	1.00881	4.18871
325.762	1.00882	4.18905
325.928	1.00882	4.18939
326.093	1.00883	4.18973
326.259	1.00884	4.19007
326.425	1.00884	4.1904
326.59	1.00885	4.19074
326.756	1.00886	4.19108
326.921	1.00886	4.19142
327.087	1.00887	4.19176
327.253	1.00888	4.1921
327.418	1.00888	4.19244
327.584	1.00889	4.19278
327.749	1.0089	4.19312
327.915	1.0089	4.19346
328.081	1.00891	4.1938
328.246	1.00892	4.19414
328.412	1.00892	4.19448
328.577	1.00893	4.19482
328.743	1.00894	4.19516
328.909	1.00894	4.1955
329.074	1.00895	4.19584
329.24	1.00896	4.19618
329.406	1.00896	4.19652
329.571	1.00897	4.19686
329.737	1.00898	4.1972
329.902	1.00898	4.19754
330.068	1.00899	4.19788
330.234	1.009	4.19823
330.399	1.009	4.19857
330.565	1.00901	4.19891
330.73	1.00902	4.19925
330.896	1.00902	4.19959
331.062	1.00903	4.19993
331.227	1.00904	4.20027
331.393	1.00904	4.20061
331.559	1.00905	4.20095
331.724	1.00906	4.20129
331.89	1.00906	4.20164
332.055	1.00907	4.20198
332.221	1.00907	4.20232
332.387	1.00908	4.20266
332.552	1.00909	4.203
332.718	1.00909	4.20334
332.883	1.0091	4.20369
333.049	1.00911	4.20403
333.215	1.00911	4.20437
333.38	1.00912	4.20471
333.546	1.00913	4.20505
333.711	1.00913	4.2054
333.877	1.00914	4.20574
334.043	1.00915	4.20608
334.208	1.00915	4.20642
334.374	1.00916	4.20676
334.54	1.00916	4.20711
334.705	1.00917	4.20745
334.871	1.00918	4.20779
335.036	1.00918	4.20813
335.202	1.00919	4.20848
335.368	1.0092	4.20882
335.533	1.0092	4.20916
335.699	1.00921	4.20951
335.864	1.00922	4.20985
336.03	1.00922	4.21019
336.196	1.00923	4.21053
336.361	1.00923	4.21088
336.527	1.00924	4.21122
336.693	1.00925	4.21156
336.858	1.00925	4.21191
337.024	1.00926	4.21225
337.189	1.00927	4.21259
337.355	1.00927	4.21294
337.521	1.00928	4.21328
337.686	1.00928	4.21362
337.852	1.00929	4.21397
338.017	1.0093	4.21431
338.183	1.0093	4.21466
338.349	1.00931	4.215
338.514	1.00932	4.21534
338.68	1.00932	4.21569
338.845	1.00933	4.21603
339.011	1.00933	4.21638
339.177	1.00934	4.21672
339.342	1.00935	4.21706
339.508	1.00935	4.21741
339.674	1.00936	4.21775
339.839	1.00937	4.2181
340.005	1.00937	4.21844
340.17	1.00938	4.21879
340.336	1.00938	4.21913
340.502	1.00939	4.21948
340.667	1.0094	4.21982
340.833	1.0094	4.22017
340.998	1.00941	4.22051
341.164	1.00942	4.22086
341.33	1.00942	4.2212
341.495	1.00943	4.22155
341.661	1.00943	4.22189
341.827	1.00944	4.22224
341.992	1.00945	4.22258
342.158	1.00945	4.22293
342.323	1.00946	4.22327
342.489	1.00946	4.22362
342.655	1.00947	4.22396
342.82	1.00948	4.22431
342.986	1.00948	4.22466
343.151	1.00949	4.225
343.317	1.00949	4.22535
343.483	1.0095	4.22569
343.648	1.00951	4.22604
343.814	1.00951	4.22639
343.979	1.00952	4.22673
344.145	1.00952	4.22708
344.311	1.00953	4.22742
344.476	1.00954	4.22777
344.642	1.00954	4.22812
344.808	1.00955	4.22846
344.973	1.00955	4.22881
345.139	1.00956	4.22916
345.304	1.00957	4.2295
345.47	1.00957	4.22985
345.636	1.00958	4.2302
345.801	1.00958	4.23054
345.967	1.00959	4.23089
346.132	1.0096	4.23124
346.298	1.0096	4.23159
346.464	1.00961	4.23193
346.629	1.00961	4.23228
346.795	1.00962	4.23263
346.96	1.00963	4.23297
347.126	1.00963	4.23332
347.292	1.00964	4.23367
347.457	1.00964	4.23402
347.623	1.00965	4.23437
347.789	1.00966	4.23471
347.954	1.00966	4.23506
348.12	1.00967	4.23541
348.285	1.00967	4.23576
348.451	1.00968	4.2361
348.617	1.00969	4.23645
348.782	1.00969	4.2368
348.948	1.0097	4.23715
349.113	1.0097	4.2375
349.279	1.00971	4.23785
349.445	1.00972	4.23819
349.61	1.00972	4.23854
349.776	1.00973	4.23889
349.942	1.00973	4.23924
350.107	1.00974	4.23959
350.273	1.00974	4.23994
350.438	1.00975	4.24029
350.604	1.00976	4.24064
350.77	1.00976	4.24098
350.935	1.00977	4.24133
351.101	1.00977	4.24168
351.266	1.00978	4.24203
351.432	1.00979	4.24238
351.598	1.00979	4.24273
351.763	1.0098	4.24308
351.929	1.0098	4.24343
352.094	1.00981	4.24378
352.26	1.00981	4.24413
352.426	1.00982	4.24448
352.591	1.00983	4.24483
352.757	1.00983	4.24518
352.923	1.00984	4.24553
353.088	1.00984	4.24588
353.254	1.00985	4.24623
353.419	1.00985	4.24658
353.585	1.00986	4.24693
353.751	1.00987	4.24728
353.916	1.00987	4.24763
354.082	1.00988	4.24798
354.247	1.00988	4.24833
354.413	1.00989	4.24868
354.579	1.00989	4.24903
354.744	1.0099	4.24938
354.91	1.00991	4.24973
355.076	1.00991	4.25008
355.241	1.00992	4.25043
355.407	1.00992	4.25079
355.572	1.00993	4.25114
355.738	1.00993	4.25149
355.904	1.00994	4.25184
356.069	1.00995	4.25219
356.235	1.00995	4.25254
356.4	1.00996	4.25289
356.566	1.00996	4.25324
356.732	1.00997	4.2536
356.897	1.00997	4.25395
357.063	1.00998	4.2543
357.228	1.00999	4.25465
357.394	1.00999	4.255
357.56	1.01	4.25535
357.725	1.01	4.25571
357.891	1.01001	4.25606
358.057	1.01001	4.25641
358.222	1.01002	4.25676
358.388	1.01002	4.25712
358.553	1.01003	4.25747
358.719	1.01004	4.25782
358.885	1.01004	4.25817
359.05	1.01005	4.25853
359.216	1.01005	4.25888
359.381	1.01006	4.25923
359.547	1.01006	4.25958
359.713	1.01007	4.25994
359.878	1.01007	4.26029
360.044	1.01008	4.26064
360.21	1.01009	4.261
360.375	1.01009	4.26135
360.541	1.0101	4.2617
360.706	1.0101	4.26205
360.872	1.01011	4.26241
361.038	1.01011	4.26276
361.203	1.01012	4.26312
361.369	1.01012	4.26347
361.534	1.01013	4.26382
361.7	1.01013	4.26418
361.866	1.01014	4.26453
362.031	1.01015	4.26488
362.197	1.01015	4.26524
362.362	1.01016	4.26559
362.528	1.01016	4.26595
362.694	1.01017	4.2663
362.859	1.01017	4.26665
363.025	1.01018	4.26701
363.191	1.01018	4.26736
363.356	1.01019	4.26772
363.522	1.01019	4.26807
363.687	1.0102	4.26843
363.853	1.01021	4.26878
364.019	1.01021	4.26914
364.184	1.01022	4.26949
364.35	1.01022	4.26985
364.515	1.01023	4.2702
364.681	1.01023	4.27056
364.847	1.01024	4.27091
365.012	1.01024	4.27127
365.178	1.01025	4.27162
365.344	1.01025	4.27198
365.509	1.01026	4.27233
365.675	1.01026	4.27269
365.84	1.01027	4.27304
366.006	1.01028	4.2734
366.172	1.01028	4.27376
366.337	1.01029	4.27411
366.503	1.01029	4.27447
366.668	1.0103	4.27482
366.834	1.0103	4.27518
367	1.01031	4.27554
367.165	1.01031	4.27589
367.331	1.01032	4.27625
367.496	1.01032	4.2766
367.662	1.01033	4.27696
367.828	1.01033	4.27732
367.993	1.01034	4.27767
368.159	1.01034	4.27803
368.325	1.01035	4.27839
368.49	1.01035	4.27874
368.656	1.01036	4.2791
368.821	1.01037	4.27946
368.987	1.01037	4.27981
369.153	1.01038	4.28017
369.318	1.01038	4.28053
369.484	1.01039	4.28089
369.649	1.01039	4.28124
369.815	1.0104	4.2816
369.981	1.0104	4.28196
370.146	1.01041	4.28232
370.312	1.01041	4.28267
370.478	1.01042	4.28303
370.643	1.01042	4.28339
370.809	1.01043	4.28375
370.974	1.01043	4.2841
371.14	1.01044	4.28446
371.306	1.01044	4.28482
371.471	1.01045	4.28518
371.637	1.01045	4.28554
371.802	1.01046	4.2859
371.968	1.01046	4.28625
372.134	1.01047	4.28661
372.299	1.01047	4.28697
372.465	1.01048	4.28733
372.63	1.01049	4.28769
372.796	1.01049	4.28805
372.962	1.0105	4.28841
373.127	1.0105	4.28877
373.293	1.01051	4.28912
373.459	1.01051	4.28948
373.624	1.01052	4.28984
373.79	1.01052	4.2902
373.955	1.01053	4.29056
374.121	1.01053	4.29092
374.287	1.01054	4.29128
374.452	1.01054	4.29164
374.618	1.01055	4.292
374.783	1.01055	4.29236
374.949	1.01056	4.29272
375.115	1.01056	4.29308
375.28	1.01057	4.29344
375.446	1.01057	4.2938
375.612	1.01058	4.29416
375.777	1.01058	4.29452
375.943	1.01059	4.29488
376.108	1.01059	4.29524
376.274	1.0106	4.2956
376.44	1.0106	4.29596
376.605	1.01061	4.29632
376.771	1.01061	4.29668
376.936	1.01062	4.29704
377.102	1.01062	4.2974
377.268	1.01063	4.29776
377.433	1.01063	4.29813
377.599	1.01064	4.29849
377.764	1.01064	4.29885
377.93	1.01065	4.29921
378.096	1.01065	4.29957
378.261	1.01066	4.29993
378.427	1.01066	4.30029
378.593	1.01067	4.30065
378.758	1.01067	4.30102
378.924	1.01068	4.30138
379.089	1.01068	4.30174
379.255	1.01069	4.3021
379.421	1.01069	4.30246
379.586	1.0107	4.30283
379.752	1.0107	4.30319
379.917	1.01071	4.30355
380.083	1.01071	4.30391
380.249	1.01072	4.30427
380.414	1.01072	4.30464
380.58	1.01073	4.305
380.746	1.01073	4.30536
380.911	1.01074	4.30572
381.077	1.01074	4.30609
381.242	1.01075	4.30645
381.408	1.01075	4.30681
381.574	1.01076	4.30718
381.739	1.01076	4.30754
381.905	1.01077	4.3079
382.07	1.01077	4.30827
382.236	1.01078	4.30863
382.402	1.01078	4.30899
382.567	1.01079	4.30936
382.733	1.01079	4.30972
382.898	1.0108	4.31008
383.064	1.0108	4.31045
383.23	1.01081	4.31081
383.395	1.01081	4.31117
383.561	1.01081	4.31154
383.727	1.01082	4.3119
383.892	1.01082	4.31227
384.058	1.01083	4.31263
384.223	1.01083	4.31299
384.389	1.01084	4.31336
384.555	1.01084	4.31372
384.72	1.01085	4.31409
384.886	1.01085	4.31445
385.051	1.01086	4.31482
385.217	1.01086	4.31518
385.383	1.01087	4.31555
385.548	1.01087	4.31591
385.714	1.01088	4.31628
385.88	1.01088	4.31664
386.045	1.01089	4.31701
386.211	1.01089	4.31737
386.376	1.0109	4.31774
386.542	1.0109	4.3181
386.708	1.01091	4.31847
386.873	1.01091	4.31883
387.039	1.01092	4.3192
387.204	1.01092	4.31956
387.37	1.01092	4.31993
387.536	1.01093	4.3203
387.701	1.01093	4.32066
387.867	1.01094	4.32103
388.032	1.01094	4.32139
388.198	1.01095	4.32176
388.364	1.01095	4.32213
388.529	1.01096	4.32249
388.695	1.01096	4.32286
388.861	1.01097	4.32323
389.026	1.01097	4.32359
389.192	1.01098	4.32396
389.357	1.01098	4.32433
389.523	1.01099	4.32469
389.689	1.01099	4.32506
389.854	1.011	4.32543
390.02	1.011	4.32579
390.185	1.011	4.32616
390.351	1.01101	4.32653
390.517	1.01101	4.3269
390.682	1.01102	4.32726
390.848	1.01102	4.32763
391.014	1.01103	4.328
391.179	1.01103	4.32837
391.345	1.01104	4.32873
391.51	1.01104	4.3291
391.676	1.01105	4.32947
391.842	1.01105	4.32984
392.007	1.01106	4.33021
392.173	1.01106	4.33058
392.338	1.01106	4.33094
392.504	1.01107	4.33131
392.67	1.01107	4.33168
392.835	1.01108	4.33205
393.001	1.01108	4.33242
393.166	1.01109	4.33279
393.332	1.01109	4.33315
393.498	1.0111	4.33352
393.663	1.0111	4.33389
393.829	1.01111	4.33426
393.995	1.01111	4.33463
394.16	1.01112	4.335
394.326	1.01112	4.33537
394.491	1.01112	4.33574
394.657	1.01113	4.33611
394.823	1.01113	4.33648
394.988	1.01114	4.33685
395.154	1.01114	4.33722
395.319	1.01115	4.33759
395.485	1.01115	4.33796
395.651	1.01116	4.33833
395.816	1.01116	4.3387
395.982	1.01117	4.33907
396.148	1.01117	4.33944
396.313	1.01117	4.33981
396.479	1.01118	4.34018
396.644	1.01118	4.34055
396.81	1.01119	4.34092
396.976	1.01119	4.34129
397.141	1.0112	4.34166
397.307	1.0112	4.34203
397.472	1.01121	4.3424
397.638	1.01121	4.34277
397.804	1.01121	4.34314
397.969	1.01122	4.34352
398.135	1.01122	4.34389
398.3	1.01123	4.34426
398.466	1.01123	4.34463
398.632	1.01124	4.345
398.797	1.01124	4.34537
398.963	1.01125	4.34574
399.129	1.01125	4.34612
399.294	1.01125	4.34649
399.46	1.01126	4.34686
399.625	1.01126	4.34723
399.791	1.01127	4.3476
399.957	1.01127	4.34798
400.122	1.01128	4.34835
400.288	1.01128	4.34872
400.453	1.01129	4.34909
400.619	1.01129	4.34947
400.785	1.01129	4.34984
400.95	1.0113	4.35021
401.116	1.0113	4.35058
401.282	1.01131	4.35096
401.447	1.01131	4.35133
401.613	1.01132	4.3517
401.778	1.01132	4.35208
401.944	1.01132	4.35245
402.11	1.01133	4.35282
402.275	1.01133	4.3532
402.441	1.01134	4.35357
402.606	1.01134	4.35394
402.772	1.01135	4.35432
402.938	1.01135	4.35469
403.103	1.01136	4.35507
403.269	1.01136	4.35544
403.434	1.01136	4.35581
403.6	1.01137	4.35619
403.766	1.01137	4.35656
403.931	1.01138	4.35694
404.097	1.01138	4.35731
404.263	1.01139	4.35768
404.428	1.01139	4.35806
404.594	1.01139	4.35843
404.759	1.0114	4.35881
404.925	1.0114	4.35918
405.091	1.01141	4.35956
405.256	1.01141	4.35993
405.422	1.01142	4.36031
405.587	1.01142	4.36068
405.753	1.01142	4.36106
405.919	1.01143	4.36143
406.084	1.01143	4.36181
406.25	1.01144	4.36219
406.415	1.01144	4.36256
406.581	1.01145	4.36294
406.747	1.01145	4.36331
406.912	1.01145	4.36369
407.078	1.01146	4.36406
407.244	1.01146	4.36444
407.409	1.01147	4.36482
407.575	1.01147	4.36519
407.74	1.01147	4.36557
407.906	1.01148	4.36595
408.072	1.01148	4.36632
408.237	1.01149	4.3667
408.403	1.01149	4.36708
408.568	1.0115	4.36745
408.734	1.0115	4.36783
408.9	1.0115	4.36821
409.065	1.01151	4.36858
409.231	1.01151	4.36896
409.397	1.01152	4.36934
409.562	1.01152	4.36971
409.728	1.01153	4.37009
409.893	1.01153	4.37047
410.059	1.01153	4.37085
410.225	1.01154	4.37122
410.39	1.01154	4.3716
410.556	1.01155	4.37198
410.721	1.01155	4.37236
410.887	1.01155	4.37274
411.053	1.01156	4.37311
411.218	1.01156	4.37349
411.384	1.01157	4.37387
411.549	1.01157	4.37425
411.715	1.01158	4.37463
411.881	1.01158	4.37501
412.046	1.01158	4.37539
412.212	1.01159	4.37576
412.378	1.01159	4.37614
412.543	1.0116	4.37652
412.709	1.0116	4.3769
412.874	1.0116	4.37728
413.04	1.01161	4.37766
413.206	1.01161	4.37804
413.371	1.01162	4.37842
413.537	1.01162	4.3788
413.702	1.01162	4.37918
413.868	1.01163	4.37956
414.034	1.01163	4.37994
414.199	1.01164	4.38032
414.365	1.01164	4.3807
414.531	1.01164	4.38108
414.696	1.01165	4.38146
414.862	1.01165	4.38184
415.027	1.01166	4.38222
415.193	1.01166	4.3826
415.359	1.01166	4.38298
415.524	1.01167	4.38336
415.69	1.01167	4.38374
415.855	1.01168	4.38412
416.021	1.01168	4.3845
416.187	1.01168	4.38488
416.352	1.01169	4.38526
416.518	1.01169	4.38564
416.683	1.0117	4.38603
416.849	1.0117	4.38641
417.015	1.0117	4.38679
417.18	1.01171	4.38717
417.346	1.01171	4.38755
417.512	1.01172	4.38793
417.677	1.01172	4.38831
417.843	1.01172	4.3887
418.008	1.01173	4.38908
418.174	1.01173	4.38946
418.34	1.01174	4.38984
418.505	1.01174	4.39022
418.671	1.01174	4.39061
418.836	1.01175	4.39099
419.002	1.01175	4.39137
419.168	1.01176	4.39175
419.333	1.01176	4.39214
419.499	1.01176	4.39252
419.665	1.01177	4.3929
419.83	1.01177	4.39329
419.996	1.01178	4.39367
420.161	1.01178	4.39405
420.327	1.01178	4.39444
420.493	1.01179	4.39482
420.658	1.01179	4.3952
420.824	1.0118	4.39559
420.989	1.0118	4.39597
421.155	1.0118	4.39635
421.321	1.01181	4.39674
421.486	1.01181	4.39712
421.652	1.01182	4.39751
421.817	1.01182	4.39789
421.983	1.01182	4.39827
422.149	1.01183	4.39866
422.314	1.01183	4.39904
422.48	1.01183	4.39943
422.646	1.01184	4.39981
422.811	1.01184	4.4002
422.977	1.01185	4.40058
423.142	1.01185	4.40097
423.308	1.01185	4.40135
423.474	1.01186	4.40174
423.639	1.01186	4.40212
423.805	1.01187	4.40251
423.97	1.01187	4.40289
424.136	1.01187	4.40328
424.302	1.01188	4.40366
424.467	1.01188	4.40405
424.633	1.01188	4.40443
424.799	1.01189	4.40482
424.964	1.01189	4.40521
425.13	1.0119	4.40559
425.295	1.0119	4.40598
425.461	1.0119	4.40636
425.627	1.01191	4.40675
425.792	1.01191	4.40714
425.958	1.01192	4.40752
426.123	1.01192	4.40791
426.289	1.01192	4.4083
426.455	1.01193	4.40868
426.62	1.01193	4.40907
426.786	1.01193	4.40946
426.951	1.01194	4.40984
427.117	1.01194	4.41023
427.283	1.01195	4.41062
427.448	1.01195	4.41101
427.614	1.01195	4.41139
427.78	1.01196	4.41178
427.945	1.01196	4.41217
428.111	1.01196	4.41256
428.276	1.01197	4.41294
428.442	1.01197	4.41333
428.608	1.01198	4.41372
428.773	1.01198	4.41411
428.939	1.01198	4.4145
429.104	1.01199	4.41488
429.27	1.01199	4.41527
429.436	1.01199	4.41566
429.601	1.012	4.41605
429.767	1.012	4.41644
429.933	1.01201	4.41683
430.098	1.01201	4.41722
430.264	1.01201	4.41761
430.429	1.01202	4.41799
430.595	1.01202	4.41838
430.761	1.01202	4.41877
430.926	1.01203	4.41916
431.092	1.01203	4.41955
431.257	1.01203	4.41994
431.423	1.01204	4.42033
431.589	1.01204	4.42072
431.754	1.01205	4.42111
431.92	1.01205	4.4215
432.085	1.01205	4.42189
432.251	1.01206	4.42228
432.417	1.01206	4.42267
432.582	1.01206	4.42306
432.748	1.01207	4.42345
432.914	1.01207	4.42384
433.079	1.01207	4.42423
433.245	1.01208	4.42462
433.41	1.01208	4.42502
433.576	1.01209	4.42541
433.742	1.01209	4.4258
433.907	1.01209	4.42619
434.073	1.0121	4.42658
434.238	1.0121	4.42697
434.404	1.0121	4.42736
434.57	1.01211	4.42775
434.735	1.01211	4.42815
434.901	1.01211	4.42854
435.067	1.01212	4.42893
435.232	1.01212	4.42932
435.398	1.01213	4.42971
435.563	1.01213	4.43011
435.729	1.01213	4.4305
435.895	1.01214	4.43089
436.06	1.01214	4.43128
436.226	1.01214	4.43167
436.391	1.01215	4.43207
436.557	1.01215	4.43246
436.723	1.01215	4.43285
436.888	1.01216	4.43325
437.054	1.01216	4.43364
437.219	1.01216	4.43403
437.385	1.01217	4.43443
437.551	1.01217	4.43482
437.716	1.01218	4.43521
437.882	1.01218	4.43561
438.048	1.01218	4.436
438.213	1.01219	4.43639
438.379	1.01219	4.43679
438.544	1.01219	4.43718
438.71	1.0122	4.43757
438.876	1.0122	4.43797
439.041	1.0122	4.43836
439.207	1.01221	4.43876
439.372	1.01221	4.43915
439.538	1.01221	4.43955
439.704	1.01222	4.43994
439.869	1.01222	4.44034
440.035	1.01222	4.44073
440.201	1.01223	4.44113
440.366	1.01223	4.44152
440.532	1.01223	4.44192
440.697	1.01224	4.44231
440.863	1.01224	4.44271
441.029	1.01225	4.4431
441.194	1.01225	4.4435
441.36	1.01225	4.44389
441.525	1.01226	4.44429
441.691	1.01226	4.44468
441.857	1.01226	4.44508
442.022	1.01227	4.44548
442.188	1.01227	4.44587
442.353	1.01227	4.44627
442.519	1.01228	4.44667
442.685	1.01228	4.44706
442.85	1.01228	4.44746
443.016	1.01229	4.44786
443.182	1.01229	4.44825
443.347	1.01229	4.44865
443.513	1.0123	4.44905
443.678	1.0123	4.44944
443.844	1.0123	4.44984
444.01	1.01231	4.45024
444.175	1.01231	4.45063
444.341	1.01231	4.45103
444.506	1.01232	4.45143
444.672	1.01232	4.45183
444.838	1.01232	4.45223
445.003	1.01233	4.45262
445.169	1.01233	4.45302
445.335	1.01233	4.45342
445.5	1.01234	4.45382
445.666	1.01234	4.45422
445.831	1.01234	4.45461
445.997	1.01235	4.45501
446.163	1.01235	4.45541
446.328	1.01235	4.45581
446.494	1.01236	4.45621
446.659	1.01236	4.45661
446.825	1.01236	4.45701
446.991	1.01237	4.45741
447.156	1.01237	4.4578
447.322	1.01237	4.4582
447.487	1.01238	4.4586
447.653	1.01238	4.459
447.819	1.01238	4.4594
447.984	1.01239	4.4598
448.15	1.01239	4.4602
448.316	1.01239	4.4606
448.481	1.0124	4.461
448.647	1.0124	4.4614
448.812	1.0124	4.4618
448.978	1.01241	4.4622
449.144	1.01241	4.4626
449.309	1.01241	4.463
449.475	1.01242	4.4634
449.64	1.01242	4.46381
449.806	1.01242	4.46421
449.972	1.01243	4.46461
450.137	1.01243	4.46501
450.303	1.01243	4.46541
450.469	1.01244	4.46581
450.634	1.01244	4.46621
450.8	1.01244	4.46661
450.965	1.01245	4.46702
451.131	1.01245	4.46742
451.297	1.01245	4.46782
451.462	1.01246	4.46822
451.628	1.01246	4.46862
451.793	1.01246	4.46903
451.959	1.01247	4.46943
452.125	1.01247	4.46983
452.29	1.01247	4.47023
452.456	1.01248	4.47064
452.621	1.01248	4.47104
452.787	1.01248	4.47144
452.953	1.01249	4.47184
453.118	1.01249	4.47225
453.284	1.01249	4.47265
453.45	1.0125	4.47305
453.615	1.0125	4.47346
453.781	1.0125	4.47386
453.946	1.01251	4.47426
454.112	1.01251	4.47467
454.278	1.01251	4.47507
454.443	1.01251	4.47547
454.609	1.01252	4.47588
454.774	1.01252	4.47628
454.94	1.01252	4.47669
455.106	1.01253	4.47709
455.271	1.01253	4.47749
455.437	1.01253	4.4779
455.603	1.01254	4.4783
455.768	1.01254	4.47871
455.934	1.01254	4.47911
456.099	1.01255	4.47952
456.265	1.01255	4.47992
456.431	1.01255	4.48033
456.596	1.01256	4.48073
456.762	1.01256	4.48114
456.927	1.01256	4.48154
457.093	1.01257	4.48195
457.259	1.01257	4.48236
457.424	1.01257	4.48276
457.59	1.01257	4.48317
457.755	1.01258	4.48357
457.921	1.01258	4.48398
458.087	1.01258	4.48439
458.252	1.01259	4.48479
458.418	1.01259	4.4852
458.584	1.01259	4.4856
458.749	1.0126	4.48601
458.915	1.0126	4.48642
459.08	1.0126	4.48683
459.246	1.01261	4.48723
459.412	1.01261	4.48764
459.577	1.01261	4.48805
459.743	1.01262	4.48845
459.908	1.01262	4.48886
460.074	1.01262	4.48927
460.24	1.01262	4.48968
460.405	1.01263	4.49008
460.571	1.01263	4.49049
460.737	1.01263	4.4909
460.902	1.01264	4.49131
461.068	1.01264	4.49172
461.233	1.01264	4.49212
461.399	1.01265	4.49253
461.565	1.01265	4.49294
461.73	1.01265	4.49335
461.896	1.01266	4.49376
462.061	1.01266	4.49417
462.227	1.01266	4.49458
462.393	1.01266	4.49498
462.558	1.01267	4.49539
462.724	1.01267	4.4958
462.889	1.01267	4.49621
463.055	1.01268	4.49662
463.221	1.01268	4.49703
463.386	1.01268	4.49744
463.552	1.01269	4.49785
463.718	1.01269	4.49826
463.883	1.01269	4.49867
464.049	1.01269	4.49908
464.214	1.0127	4.49949
464.38	1.0127	4.4999
464.546	1.0127	4.50031
464.711	1.01271	4.50072
464.877	1.01271	4.50113
465.042	1.01271	4.50154
465.208	1.01272	4.50195
465.374	1.01272	4.50237
465.539	1.01272	4.50278
465.705	1.01272	4.50319
465.87	1.01273	4.5036
466.036	1.01273	4.50401
466.202	1.01273	4.50442
466.367	1.01274	4.50483
466.533	1.01274	4.50525
466.699	1.01274	4.50566
466.864	1.01275	4.50607
467.03	1.01275	4.50648
467.195	1.01275	4.50689
467.361	1.01275	4.50731
467.527	1.01276	4.50772
467.692	1.01276	4.50813
467.858	1.01276	4.50854
468.023	1.01277	4.50896
468.189	1.01277	4.50937
468.355	1.01277	4.50978
468.52	1.01277	4.5102
468.686	1.01278	4.51061
468.852	1.01278	4.51102
469.017	1.01278	4.51144
469.183	1.01279	4.51185
469.348	1.01279	4.51226
469.514	1.01279	4.51268
469.68	1.01279	4.51309
469.845	1.0128	4.5135
470.011	1.0128	4.51392
470.176	1.0128	4.51433
470.342	1.01281	4.51475
470.508	1.01281	4.51516
470.673	1.01281	4.51558
470.839	1.01281	4.51599
471.004	1.01282	4.51641
471.17	1.01282	4.51682
471.336	1.01282	4.51724
471.501	1.01283	4.51765
471.667	1.01283	4.51807
471.833	1.01283	4.51848
471.998	1.01284	4.5189
472.164	1.01284	4.51931
472.329	1.01284	4.51973
472.495	1.01284	4.52014
472.661	1.01285	4.52056
472.826	1.01285	4.52098
472.992	1.01285	4.52139
473.157	1.01285	4.52181
473.323	1.01286	4.52222
473.489	1.01286	4.52264
473.654	1.01286	4.52306
473.82	1.01287	4.52347
473.986	1.01287	4.52389
474.151	1.01287	4.52431
474.317	1.01287	4.52473
474.482	1.01288	4.52514
474.648	1.01288	4.52556
474.814	1.01288	4.52598
474.979	1.01289	4.52639
475.145	1.01289	4.52681
475.31	1.01289	4.52723
475.476	1.01289	4.52765
475.642	1.0129	4.52807
475.807	1.0129	4.52848
475.973	1.0129	4.5289
476.138	1.01291	4.52932
476.304	1.01291	4.52974
476.47	1.01291	4.53016
476.635	1.01291	4.53058
476.801	1.01292	4.531
476.967	1.01292	4.53141
477.132	1.01292	4.53183
477.298	1.01292	4.53225
477.463	1.01293	4.53267
477.629	1.01293	4.53309
477.795	1.01293	4.53351
477.96	1.01294	4.53393
478.126	1.01294	4.53435
478.291	1.01294	4.53477
478.457	1.01294	4.53519
478.623	1.01295	4.53561
478.788	1.01295	4.53603
478.954	1.01295	4.53645
479.12	1.01295	4.53687
479.285	1.01296	4.53729
479.451	1.01296	4.53771
479.616	1.01296	4.53813
479.782	1.01297	4.53855
479.948	1.01297	4.53897
480.113	1.01297	4.5394
480.279	1.01297	4.53982
480.444	1.01298	4.54024
480.61	1.01298	4.54066
480.776	1.01298	4.54108
480.941	1.01298	4.5415
481.107	1.01299	4.54192
481.272	1.01299	4.54235
481.438	1.01299	4.54277
481.604	1.013	4.54319
481.769	1.013	4.54361
481.935	1.013	4.54403
482.101	1.013	4.54446
482.266	1.01301	4.54488
482.432	1.01301	4.5453
482.597	1.01301	4.54573
482.763	1.01301	4.54615
482.929	1.01302	4.54657
483.094	1.01302	4.547
483.26	1.01302	4.54742
483.425	1.01302	4.54784
483.591	1.01303	4.54827
483.757	1.01303	4.54869
483.922	1.01303	4.54911
484.088	1.01304	4.54954
484.254	1.01304	4.54996
484.419	1.01304	4.55038
484.585	1.01304	4.55081
484.75	1.01305	4.55123
484.916	1.01305	4.55166
485.082	1.01305	4.55208
485.247	1.01305	4.55251
485.413	1.01306	4.55293
485.578	1.01306	4.55336
485.744	1.01306	4.55378
485.91	1.01306	4.55421
486.075	1.01307	4.55463
486.241	1.01307	4.55506
486.406	1.01307	4.55548
486.572	1.01307	4.55591
486.738	1.01308	4.55634
486.903	1.01308	4.55676
487.069	1.01308	4.55719
487.235	1.01308	4.55761
487.4	1.01309	4.55804
487.566	1.01309	4.55847
487.731	1.01309	4.55889
487.897	1.0131	4.55932
488.063	1.0131	4.55975
488.228	1.0131	4.56017
488.394	1.0131	4.5606
488.559	1.01311	4.56103
488.725	1.01311	4.56145
488.891	1.01311	4.56188
489.056	1.01311	4.56231
489.222	1.01312	4.56274
489.388	1.01312	4.56317
489.553	1.01312	4.56359
489.719	1.01312	4.56402
489.884	1.01313	4.56445
490.05	1.01313	4.56488
490.216	1.01313	4.56531
490.381	1.01313	4.56573
490.547	1.01314	4.56616
490.712	1.01314	4.56659
490.878	1.01314	4.56702
491.044	1.01314	4.56745
491.209	1.01315	4.56788
491.375	1.01315	4.56831
491.54	1.01315	4.56874
491.706	1.01315	4.56917
491.872	1.01316	4.5696
492.037	1.01316	4.57003
492.203	1.01316	4.57046
492.369	1.01316	4.57089
492.534	1.01317	4.57132
492.7	1.01317	4.57175
492.865	1.01317	4.57218
493.031	1.01317	4.57261
493.197	1.01318	4.57304
493.362	1.01318	4.57347
493.528	1.01318	4.5739
493.693	1.01318	4.57433
493.859	1.01319	4.57476
494.025	1.01319	4.57519
494.19	1.01319	4.57562
494.356	1.01319	4.57605
494.522	1.0132	4.57649
494.687	1.0132	4.57692
494.853	1.0132	4.57735
495.018	1.0132	4.57778
495.184	1.01321	4.57821
495.35	1.01321	4.57864
495.515	1.01321	4.57908
495.681	1.01321	4.57951
495.846	1.01322	4.57994
496.012	1.01322	4.58037
496.178	1.01322	4.58081
496.343	1.01322	4.58124
496.509	1.01322	4.58167
496.674	1.01323	4.58211
496.84	1.01323	4.58254
497.006	1.01323	4.58297
497.171	1.01323	4.58341
497.337	1.01324	4.58384
497.503	1.01324	4.58427
497.668	1.01324	4.58471
497.834	1.01324	4.58514
497.999	1.01325	4.58558
498.165	1.01325	4.58601
498.331	1.01325	4.58644
498.496	1.01325	4.58688
498.662	1.01326	4.58731
498.827	1.01326	4.58775
498.993	1.01326	4.58818
499.159	1.01326	4.58862
499.324	1.01327	4.58905
499.49	1.01327	4.58949
499.656	1.01327	4.58992
499.821	1.01327	4.59036
499.987	1.01328	4.59079
