0	1.00149	3.55791
0	1.00149	3.55791
0.236554	1.00192	3.55864
0.470766	1.00301	3.56054
0.702636	1.00445	3.56307
0.936848	1.00595	3.56579
1.17106	1.00726	3.56818
1.40761	1.00819	3.56993
1.64183	1.00867	3.5709
1.87604	1.00869	3.5711
2.11025	1.00834	3.57068
2.34212	1.00775	3.56986
2.57633	1.00704	3.56888
2.81054	1.00633	3.56795
3.04475	1.0057	3.5672
3.27897	1.00521	3.56673
3.51318	1.00488	3.56657
3.74739	1.00468	3.56667
3.9816	1.00459	3.56699
4.21581	1.00458	3.56748
4.45003	1.00457	3.56803
4.68424	1.00454	3.56855
4.91845	1.00443	3.56897
5.155	1.00422	3.56925
5.38922	1.00394	3.56939
5.62343	1.00358	3.56942
5.85764	1.00316	3.56939
6.09185	1.00272	3.56933
6.32606	1.00226	3.56928
6.56027	1.0018	3.56924
6.79449	1.00135	3.56924
7.0287	1.00091	3.56929
7.26291	1.00049	3.56938
7.49712	1.00009	3.56953
7.73133	0.999688	3.56971
7.96555	0.999287	3.56991
8.19976	0.998872	3.5701
8.43397	0.998437	3.57027
8.66818	0.997982	3.57041
8.90239	0.997506	3.57054
9.13661	0.997012	3.57066
9.37082	0.996503	3.57076
9.60503	0.995982	3.57086
9.83924	0.995452	3.57095
10.0735	0.994915	3.57104
10.3077	0.994374	3.57114
10.5419	0.993832	3.57125
10.7761	0.993289	3.57137
11.0103	0.992746	3.5715
11.2445	0.9922	3.57163
11.4787	0.991651	3.57176
11.7129	0.991096	3.5719
11.9471	0.990537	3.57203
12.1814	0.989972	3.57216
12.4156	0.989402	3.57229
12.6498	0.988827	3.57241
12.884	0.988248	3.57254
13.1182	0.987665	3.57266
13.3524	0.98708	3.57278
13.5866	0.986493	3.57289
13.8208	0.985904	3.57301
14.0551	0.985315	3.57314
14.2893	0.984727	3.57326
14.5235	0.984138	3.57339
14.7577	0.983549	3.57351
14.9919	0.98296	3.57364
15.2261	0.98237	3.57376
15.4603	0.981782	3.57389
15.6945	0.981193	3.57401
15.9288	0.980605	3.57413
16.163	0.980018	3.57426
16.3972	0.979431	3.57438
16.6314	0.978846	3.5745
16.8656	0.978262	3.57462
17.0998	0.97768	3.57474
17.334	0.977101	3.57486
17.5682	0.976523	3.57498
17.8024	0.975948	3.5751
18.0367	0.975376	3.57522
18.2685	0.974812	3.57534
18.5027	0.974246	3.57546
18.737	0.973682	3.57558
18.9712	0.973122	3.5757
19.2054	0.972565	3.57582
19.4396	0.972012	3.57594
19.6738	0.971462	3.57605
19.908	0.970916	3.57617
20.1422	0.970374	3.57629
20.3764	0.969836	3.5764
20.6106	0.969302	3.57652
20.8449	0.968772	3.57663
21.0791	0.968247	3.57674
21.3133	0.967726	3.57686
21.5475	0.96721	3.57697
21.7817	0.966698	3.57708
22.0159	0.966191	3.5772
22.2501	0.965689	3.57731
22.4843	0.965192	3.57742
22.7186	0.964699	3.57753
22.9528	0.964212	3.57764
23.187	0.963729	3.57775
23.4212	0.963252	3.57786
23.6554	0.96278	3.57796
23.8896	0.962313	3.57807
24.1238	0.961851	3.57818
24.358	0.961395	3.57828
24.5922	0.960944	3.57839
24.8265	0.960498	3.5785
25.0607	0.960057	3.5786
25.2949	0.959622	3.5787
25.5291	0.959192	3.57881
25.7633	0.958768	3.57891
25.9975	0.958349	3.57901
26.2317	0.957935	3.57912
26.4659	0.957527	3.57922
26.7002	0.957124	3.57932
26.9344	0.956727	3.57942
27.1686	0.956335	3.57952
27.4028	0.955949	3.57962
27.637	0.955568	3.57972
27.8712	0.955192	3.57981
28.1054	0.954821	3.57991
28.3396	0.954456	3.58001
28.5739	0.954097	3.58011
28.8081	0.953742	3.5802
29.0423	0.953393	3.5803
29.2765	0.953049	3.58039
29.5107	0.95271	3.58049
29.7449	0.952377	3.58058
29.9791	0.952048	3.58067
30.2133	0.951725	3.58077
30.4475	0.951407	3.58086
30.6818	0.951094	3.58095
30.916	0.950786	3.58104
31.1502	0.950483	3.58113
31.3844	0.950185	3.58122
31.6186	0.949891	3.58131
31.8528	0.949603	3.5814
32.087	0.949319	3.58149
32.3212	0.94904	3.58158
32.5555	0.948766	3.58167
32.7897	0.948497	3.58176
33.0239	0.948232	3.58185
33.2581	0.947971	3.58193
33.4923	0.947716	3.58202
33.7265	0.947464	3.58211
33.9607	0.947218	3.58219
34.1949	0.946975	3.58228
34.4291	0.946737	3.58236
34.6634	0.946503	3.58245
34.8976	0.946273	3.58253
35.1318	0.946048	3.58262
35.366	0.945827	3.5827
35.6002	0.945609	3.58278
35.8344	0.945396	3.58287
36.0686	0.945187	3.58295
36.3028	0.944982	3.58303
36.5371	0.94478	3.58311
36.7713	0.944583	3.58319
37.0055	0.944389	3.58327
37.2397	0.944199	3.58335
37.4739	0.944012	3.58344
37.7081	0.943829	3.58352
37.9423	0.94365	3.5836
38.1765	0.943474	3.58367
38.4107	0.943302	3.58375
38.645	0.943133	3.58383
38.8792	0.942968	3.58391
39.1134	0.942806	3.58399
39.3476	0.942647	3.58407
39.5818	0.942491	3.58414
39.816	0.942339	3.58422
40.0502	0.942189	3.5843
40.2844	0.942043	3.58438
40.5187	0.941899	3.58445
40.7529	0.941759	3.58453
40.9871	0.941622	3.58461
41.2213	0.941487	3.58468
41.4555	0.941356	3.58476
41.6897	0.941227	3.58483
41.9239	0.9411	3.58491
42.1605	0.940976	3.58498
42.3947	0.940855	3.58506
42.6289	0.940737	3.58513
42.8631	0.940621	3.58521
43.0973	0.940508	3.58528
43.3315	0.940398	3.58535
43.5658	0.94029	3.58543
43.8	0.940184	3.5855
44.0342	0.94008	3.58557
44.2684	0.939979	3.58565
44.5026	0.939881	3.58572
44.7368	0.939784	3.58579
44.971	0.93969	3.58586
45.2052	0.939598	3.58594
45.4394	0.939508	3.58601
45.6737	0.93942	3.58608
45.9079	0.939334	3.58615
46.1421	0.93925	3.58622
46.3763	0.939168	3.58629
46.6105	0.939088	3.58636
46.8447	0.93901	3.58644
47.0789	0.938934	3.58651
47.3131	0.93886	3.58658
47.5474	0.938787	3.58665
47.7816	0.938716	3.58672
48.0158	0.938647	3.58679
48.25	0.93858	3.58686
48.4842	0.938515	3.58693
48.7184	0.938451	3.587
48.9526	0.938388	3.58707
49.1868	0.938327	3.58714
49.421	0.938268	3.5872
49.6553	0.938211	3.58727
49.8895	0.938154	3.58734
50.1237	0.9381	3.58741
50.3579	0.938047	3.58748
50.5921	0.937995	3.58755
50.8263	0.937944	3.58762
51.0605	0.937895	3.58769
51.2947	0.937848	3.58775
51.529	0.937801	3.58782
51.7632	0.937756	3.58789
51.9974	0.937712	3.58796
52.2316	0.937669	3.58803
52.4658	0.937628	3.58809
52.7	0.937588	3.58816
52.9342	0.937549	3.58823
53.1684	0.937511	3.5883
53.4027	0.937474	3.58836
53.6369	0.937438	3.58843
53.8711	0.937404	3.5885
54.1053	0.93737	3.58856
54.3395	0.937338	3.58863
54.5737	0.937306	3.5887
54.8079	0.937276	3.58877
55.0421	0.937246	3.58883
55.2763	0.937218	3.5889
55.5106	0.93719	3.58896
55.7448	0.937164	3.58903
55.979	0.937138	3.5891
56.2132	0.937113	3.58916
56.4474	0.937089	3.58923
56.6816	0.937066	3.5893
56.9158	0.937044	3.58936
57.15	0.937022	3.58943
57.3843	0.937001	3.58949
57.6185	0.936982	3.58956
57.8527	0.936962	3.58963
58.0869	0.936944	3.58969
58.3211	0.936926	3.58976
58.5553	0.936909	3.58982
58.7895	0.936893	3.58989
59.0237	0.936878	3.58995
59.2579	0.936863	3.59002
59.4922	0.936849	3.59008
59.7264	0.936835	3.59015
59.9606	0.936822	3.59021
60.1948	0.93681	3.59028
60.429	0.936799	3.59035
60.6632	0.936788	3.59041
60.8974	0.936777	3.59048
61.1316	0.936767	3.59054
61.3659	0.936758	3.59061
61.6001	0.936749	3.59067
61.8343	0.936741	3.59073
62.0685	0.936734	3.5908
62.3027	0.936727	3.59086
62.5369	0.93672	3.59093
62.7711	0.936714	3.59099
63.0053	0.936708	3.59106
63.2396	0.936703	3.59112
63.4738	0.936699	3.59119
63.708	0.936694	3.59125
63.9422	0.936691	3.59132
64.1764	0.936687	3.59138
64.4106	0.936685	3.59144
64.6448	0.936682	3.59151
64.879	0.93668	3.59157
65.1132	0.936679	3.59164
65.3475	0.936677	3.5917
65.5817	0.936677	3.59177
65.8159	0.936676	3.59183
66.0501	0.936676	3.59189
66.2843	0.936676	3.59196
66.5185	0.936677	3.59202
66.7527	0.936678	3.59209
66.9869	0.936679	3.59215
67.2212	0.936681	3.59221
67.4554	0.936683	3.59228
67.6896	0.936686	3.59234
67.9238	0.936688	3.59241
68.158	0.936691	3.59247
68.3922	0.936695	3.59253
68.6264	0.936698	3.5926
68.8606	0.936702	3.59266
69.0948	0.936706	3.59272
69.3291	0.936711	3.59279
69.5633	0.936715	3.59285
69.7975	0.93672	3.59291
70.0317	0.936726	3.59298
70.2659	0.936731	3.59304
70.5001	0.936737	3.59311
70.7343	0.936743	3.59317
70.9685	0.936749	3.59323
71.2028	0.936756	3.5933
71.437	0.936762	3.59336
71.6712	0.936769	3.59342
71.9054	0.936777	3.59349
72.1396	0.936784	3.59355
72.3738	0.936791	3.59361
72.608	0.936799	3.59368
72.8422	0.936807	3.59374
73.0765	0.936816	3.5938
73.3107	0.936824	3.59387
73.5449	0.936832	3.59393
73.7791	0.936841	3.59399
74.0133	0.93685	3.59406
74.2475	0.936859	3.59412
74.4817	0.936869	3.59418
74.7159	0.936878	3.59425
74.9501	0.936888	3.59431
75.1844	0.936898	3.59437
75.4186	0.936908	3.59444
75.6528	0.936918	3.5945
75.887	0.936928	3.59456
76.1212	0.936938	3.59462
76.3554	0.936949	3.59469
76.5896	0.93696	3.59475
76.8238	0.936971	3.59481
77.0581	0.936982	3.59488
77.2923	0.936993	3.59494
77.5265	0.937004	3.595
77.7607	0.937015	3.59507
77.9949	0.937027	3.59513
78.2291	0.937038	3.59519
78.4633	0.93705	3.59525
78.6975	0.937062	3.59532
78.9317	0.937074	3.59538
79.166	0.937086	3.59544
79.4002	0.937098	3.59551
79.6344	0.937111	3.59557
79.8686	0.937123	3.59563
80.1028	0.937136	3.59569
80.337	0.937148	3.59576
80.5712	0.937161	3.59582
80.8054	0.937174	3.59588
81.0397	0.937187	3.59595
81.2739	0.9372	3.59601
81.5081	0.937213	3.59607
81.7423	0.937226	3.59613
81.9765	0.937239	3.5962
82.2107	0.937253	3.59626
82.4449	0.937266	3.59632
82.6791	0.93728	3.59639
82.9133	0.937293	3.59645
83.1476	0.937307	3.59651
83.3818	0.937321	3.59657
83.616	0.937335	3.59664
83.8502	0.937349	3.5967
84.0844	0.937362	3.59676
84.3186	0.937377	3.59682
84.5528	0.937391	3.59689
84.787	0.937405	3.59695
85.0213	0.937419	3.59701
85.2555	0.937433	3.59707
85.4897	0.937448	3.59714
85.7239	0.937462	3.5972
85.9581	0.937477	3.59726
86.1923	0.937491	3.59733
86.4265	0.937506	3.59739
86.6607	0.93752	3.59745
86.895	0.937535	3.59751
87.1292	0.93755	3.59758
87.3634	0.937565	3.59764
87.5976	0.93758	3.5977
87.8318	0.937594	3.59776
88.066	0.937609	3.59783
88.3002	0.937624	3.59789
88.5344	0.937639	3.59795
88.7686	0.937655	3.59801
89.0029	0.93767	3.59808
89.2371	0.937685	3.59814
89.4713	0.9377	3.5982
89.7055	0.937715	3.59826
89.9397	0.937731	3.59833
90.1739	0.937746	3.59839
90.4081	0.937761	3.59845
90.6423	0.937777	3.59851
90.8766	0.937792	3.59858
91.1108	0.937808	3.59864
91.345	0.937823	3.5987
91.5792	0.937839	3.59876
91.8134	0.937854	3.59883
92.0476	0.93787	3.59889
92.2818	0.937885	3.59895
92.516	0.937901	3.59901
92.7502	0.937917	3.59908
92.9845	0.937933	3.59914
93.2187	0.937948	3.5992
93.4529	0.937964	3.59926
93.6871	0.93798	3.59933
93.9213	0.937996	3.59939
94.1555	0.938012	3.59945
94.3897	0.938028	3.59951
94.6239	0.938043	3.59958
94.8582	0.938059	3.59964
95.0924	0.938075	3.5997
95.3266	0.938091	3.59976
95.5608	0.938107	3.59982
95.795	0.938123	3.59989
96.0292	0.938139	3.59995
96.2634	0.938155	3.60001
96.4976	0.938171	3.60007
96.7319	0.938188	3.60014
96.9661	0.938204	3.6002
97.2003	0.93822	3.60026
97.4345	0.938236	3.60032
97.6687	0.938252	3.60039
97.9029	0.938268	3.60045
98.1371	0.938285	3.60051
98.3713	0.938301	3.60057
98.6055	0.938317	3.60064
98.8398	0.938333	3.6007
99.074	0.938349	3.60076
99.3082	0.938366	3.60082
99.5424	0.938382	3.60088
99.7766	0.938398	3.60095
100.011	0.938415	3.60101
100.245	0.938431	3.60107
100.479	0.938447	3.60113
100.713	0.938464	3.6012
100.948	0.93848	3.60126
101.182	0.938496	3.60132
101.416	0.938513	3.60138
101.65	0.938529	3.60145
101.885	0.938546	3.60151
102.119	0.938562	3.60157
102.353	0.938578	3.60163
102.587	0.938595	3.60169
102.821	0.938611	3.60176
103.056	0.938628	3.60182
103.29	0.938644	3.60188
103.524	0.938661	3.60194
103.758	0.938677	3.60201
103.992	0.938694	3.60207
104.227	0.93871	3.60213
104.461	0.938727	3.60219
104.695	0.938743	3.60225
104.929	0.93876	3.60232
105.163	0.938776	3.60238
105.398	0.938793	3.60244
105.632	0.938809	3.6025
105.866	0.938826	3.60257
106.1	0.938842	3.60263
106.335	0.938859	3.60269
106.569	0.938875	3.60275
106.803	0.938892	3.60281
107.037	0.938908	3.60288
107.271	0.938925	3.60294
107.506	0.938942	3.603
107.74	0.938958	3.60306
107.974	0.938975	3.60313
108.208	0.938991	3.60319
108.442	0.939008	3.60325
108.677	0.939024	3.60331
108.911	0.939041	3.60337
109.145	0.939058	3.60344
109.379	0.939074	3.6035
109.614	0.939091	3.60356
109.848	0.939107	3.60362
110.082	0.939124	3.60368
110.316	0.939141	3.60375
110.55	0.939157	3.60381
110.785	0.939174	3.60387
111.019	0.93919	3.60393
111.253	0.939207	3.604
111.487	0.939224	3.60406
111.721	0.93924	3.60412
111.956	0.939257	3.60418
112.19	0.939273	3.60424
112.424	0.93929	3.60431
112.658	0.939307	3.60437
112.892	0.939323	3.60443
113.127	0.93934	3.60449
113.361	0.939356	3.60455
113.595	0.939373	3.60462
113.829	0.93939	3.60468
114.064	0.939406	3.60474
114.298	0.939423	3.6048
114.532	0.93944	3.60487
114.766	0.939456	3.60493
115	0.939473	3.60499
115.235	0.939489	3.60505
115.469	0.939506	3.60511
115.703	0.939523	3.60518
115.937	0.939539	3.60524
116.171	0.939556	3.6053
116.406	0.939572	3.60536
116.64	0.939589	3.60542
116.874	0.939606	3.60549
117.108	0.939622	3.60555
117.342	0.939639	3.60561
117.577	0.939655	3.60567
117.811	0.939672	3.60573
118.045	0.939689	3.6058
118.279	0.939705	3.60586
118.514	0.939722	3.60592
118.748	0.939738	3.60598
118.982	0.939755	3.60605
119.216	0.939772	3.60611
119.45	0.939788	3.60617
119.685	0.939805	3.60623
119.919	0.939821	3.60629
120.153	0.939838	3.60636
120.387	0.939855	3.60642
120.621	0.939871	3.60648
120.856	0.939888	3.60654
121.09	0.939904	3.6066
121.324	0.939921	3.60667
121.558	0.939938	3.60673
121.793	0.939954	3.60679
122.027	0.939971	3.60685
122.261	0.939987	3.60691
122.495	0.940004	3.60698
122.729	0.94002	3.60704
122.964	0.940037	3.6071
123.198	0.940053	3.60716
123.432	0.94007	3.60722
123.666	0.940087	3.60729
123.9	0.940103	3.60735
124.135	0.94012	3.60741
124.369	0.940136	3.60747
124.603	0.940153	3.60753
124.837	0.940169	3.6076
125.071	0.940186	3.60766
125.306	0.940202	3.60772
125.54	0.940219	3.60778
125.774	0.940236	3.60784
126.008	0.940252	3.60791
126.243	0.940269	3.60797
126.477	0.940285	3.60803
126.711	0.940302	3.60809
126.945	0.940318	3.60815
127.179	0.940335	3.60822
127.414	0.940351	3.60828
127.648	0.940368	3.60834
127.882	0.940384	3.6084
128.116	0.940401	3.60846
128.35	0.940417	3.60853
128.585	0.940434	3.60859
128.819	0.94045	3.60865
129.053	0.940467	3.60871
129.287	0.940483	3.60877
129.522	0.9405	3.60884
129.756	0.940516	3.6089
129.99	0.940533	3.60896
130.224	0.940549	3.60902
130.458	0.940566	3.60908
130.693	0.940582	3.60914
130.927	0.940598	3.60921
131.161	0.940615	3.60927
131.395	0.940631	3.60933
131.629	0.940648	3.60939
131.864	0.940664	3.60945
132.098	0.940681	3.60952
132.332	0.940697	3.60958
132.566	0.940714	3.60964
132.8	0.94073	3.6097
133.035	0.940746	3.60976
133.269	0.940763	3.60983
133.503	0.940779	3.60989
133.737	0.940796	3.60995
133.972	0.940812	3.61001
134.206	0.940829	3.61007
134.44	0.940845	3.61014
134.674	0.940861	3.6102
134.908	0.940878	3.61026
135.143	0.940894	3.61032
135.377	0.940911	3.61038
135.611	0.940927	3.61045
135.845	0.940943	3.61051
136.079	0.94096	3.61057
136.314	0.940976	3.61063
136.548	0.940993	3.61069
136.782	0.941009	3.61075
137.016	0.941025	3.61082
137.251	0.941042	3.61088
137.485	0.941058	3.61094
137.719	0.941074	3.611
137.953	0.941091	3.61106
138.187	0.941107	3.61113
138.422	0.941123	3.61119
138.656	0.94114	3.61125
138.89	0.941156	3.61131
139.124	0.941173	3.61137
139.358	0.941189	3.61144
139.593	0.941205	3.6115
139.827	0.941222	3.61156
140.061	0.941238	3.61162
140.295	0.941254	3.61168
140.529	0.941271	3.61174
140.764	0.941287	3.61181
140.998	0.941303	3.61187
141.232	0.941319	3.61193
141.466	0.941336	3.61199
141.701	0.941352	3.61205
141.935	0.941368	3.61212
142.169	0.941385	3.61218
142.403	0.941401	3.61224
142.635	0.941417	3.6123
142.869	0.941433	3.61236
143.103	0.94145	3.61242
143.338	0.941466	3.61249
143.572	0.941482	3.61255
143.806	0.941498	3.61261
144.04	0.941515	3.61267
144.275	0.941531	3.61273
144.509	0.941547	3.61279
144.743	0.941563	3.61286
144.977	0.94158	3.61292
145.211	0.941596	3.61298
145.446	0.941612	3.61304
145.68	0.941628	3.6131
145.914	0.941645	3.61317
146.148	0.941661	3.61323
146.382	0.941677	3.61329
146.617	0.941693	3.61335
146.851	0.94171	3.61341
147.085	0.941726	3.61347
147.319	0.941742	3.61354
147.553	0.941758	3.6136
147.788	0.941774	3.61366
148.022	0.941791	3.61372
148.256	0.941807	3.61378
148.49	0.941823	3.61385
148.725	0.941839	3.61391
148.959	0.941855	3.61397
149.193	0.941871	3.61403
149.427	0.941888	3.61409
149.661	0.941904	3.61415
149.896	0.94192	3.61422
150.13	0.941936	3.61428
150.364	0.941952	3.61434
150.598	0.941968	3.6144
150.832	0.941985	3.61446
151.067	0.942001	3.61452
151.301	0.942017	3.61459
151.535	0.942033	3.61465
151.769	0.942049	3.61471
152.004	0.942065	3.61477
152.238	0.942081	3.61483
152.472	0.942098	3.6149
152.706	0.942114	3.61496
152.94	0.94213	3.61502
153.175	0.942146	3.61508
153.409	0.942162	3.61514
153.643	0.942178	3.6152
153.877	0.942194	3.61527
154.111	0.94221	3.61533
154.346	0.942226	3.61539
154.58	0.942243	3.61545
154.814	0.942259	3.61551
155.048	0.942275	3.61557
155.282	0.942291	3.61564
155.517	0.942307	3.6157
155.751	0.942323	3.61576
155.985	0.942339	3.61582
156.219	0.942355	3.61588
156.454	0.942371	3.61594
156.688	0.942387	3.61601
156.922	0.942403	3.61607
157.156	0.942419	3.61613
157.39	0.942435	3.61619
157.625	0.942451	3.61625
157.859	0.942467	3.61631
158.093	0.942483	3.61638
158.327	0.9425	3.61644
158.561	0.942516	3.6165
158.796	0.942532	3.61656
159.03	0.942548	3.61662
159.264	0.942564	3.61668
159.498	0.94258	3.61675
159.733	0.942596	3.61681
159.967	0.942612	3.61687
160.201	0.942628	3.61693
160.435	0.942644	3.61699
160.669	0.94266	3.61705
160.904	0.942676	3.61712
161.138	0.942692	3.61718
161.372	0.942708	3.61724
161.606	0.942724	3.6173
161.84	0.94274	3.61736
162.075	0.942756	3.61742
162.309	0.942771	3.61749
162.543	0.942787	3.61755
162.777	0.942803	3.61761
163.011	0.942819	3.61767
163.246	0.942835	3.61773
163.48	0.942851	3.61779
163.714	0.942867	3.61786
163.948	0.942883	3.61792
164.183	0.942899	3.61798
164.417	0.942915	3.61804
164.651	0.942931	3.6181
164.885	0.942947	3.61816
165.119	0.942963	3.61823
165.354	0.942979	3.61829
165.588	0.942995	3.61835
165.822	0.943011	3.61841
166.056	0.943026	3.61847
166.29	0.943042	3.61853
166.525	0.943058	3.6186
166.759	0.943074	3.61866
166.993	0.94309	3.61872
167.227	0.943106	3.61878
167.461	0.943122	3.61884
167.696	0.943138	3.6189
167.93	0.943154	3.61896
168.164	0.943169	3.61903
168.398	0.943185	3.61909
168.633	0.943201	3.61915
168.867	0.943217	3.61921
169.101	0.943233	3.61927
169.335	0.943249	3.61933
169.569	0.943265	3.6194
169.804	0.943281	3.61946
170.038	0.943296	3.61952
170.272	0.943312	3.61958
170.506	0.943328	3.61964
170.74	0.943344	3.6197
170.975	0.94336	3.61977
171.209	0.943376	3.61983
171.443	0.943391	3.61989
171.677	0.943407	3.61995
171.912	0.943423	3.62001
172.146	0.943439	3.62007
172.38	0.943455	3.62013
172.614	0.94347	3.6202
172.848	0.943486	3.62026
173.083	0.943502	3.62032
173.317	0.943518	3.62038
173.551	0.943534	3.62044
173.785	0.943549	3.6205
174.019	0.943565	3.62057
174.254	0.943581	3.62063
174.488	0.943597	3.62069
174.722	0.943613	3.62075
174.956	0.943628	3.62081
175.19	0.943644	3.62087
175.425	0.94366	3.62093
175.659	0.943676	3.621
175.893	0.943691	3.62106
176.127	0.943707	3.62112
176.362	0.943723	3.62118
176.596	0.943739	3.62124
176.83	0.943754	3.6213
177.064	0.94377	3.62137
177.298	0.943786	3.62143
177.533	0.943802	3.62149
177.767	0.943817	3.62155
178.001	0.943833	3.62161
178.235	0.943849	3.62167
178.469	0.943864	3.62173
178.704	0.94388	3.6218
178.938	0.943896	3.62186
179.172	0.943912	3.62192
179.406	0.943927	3.62198
179.641	0.943943	3.62204
179.875	0.943959	3.6221
180.109	0.943974	3.62217
180.343	0.94399	3.62223
180.577	0.944006	3.62229
180.812	0.944021	3.62235
181.046	0.944037	3.62241
181.28	0.944053	3.62247
181.514	0.944068	3.62253
181.748	0.944084	3.6226
181.983	0.9441	3.62266
182.217	0.944115	3.62272
182.451	0.944131	3.62278
182.685	0.944147	3.62284
182.919	0.944162	3.6229
183.154	0.944178	3.62296
183.388	0.944194	3.62303
183.622	0.944209	3.62309
183.856	0.944225	3.62315
184.091	0.944241	3.62321
184.325	0.944256	3.62327
184.559	0.944272	3.62333
184.793	0.944288	3.62339
185.027	0.944303	3.62346
185.262	0.944319	3.62352
185.496	0.944334	3.62358
185.73	0.94435	3.62364
185.964	0.944366	3.6237
186.198	0.944381	3.62376
186.433	0.944397	3.62382
186.667	0.944412	3.62389
186.901	0.944428	3.62395
187.135	0.944444	3.62401
187.37	0.944459	3.62407
187.604	0.944475	3.62413
187.838	0.94449	3.62419
188.072	0.944506	3.62425
188.306	0.944521	3.62432
188.541	0.944537	3.62438
188.775	0.944553	3.62444
189.009	0.944568	3.6245
189.243	0.944584	3.62456
189.477	0.944599	3.62462
189.712	0.944615	3.62468
189.946	0.94463	3.62475
190.18	0.944646	3.62481
190.414	0.944661	3.62487
190.648	0.944677	3.62493
190.883	0.944692	3.62499
191.117	0.944708	3.62505
191.351	0.944724	3.62511
191.585	0.944739	3.62518
191.82	0.944755	3.62524
192.054	0.94477	3.6253
192.288	0.944786	3.62536
192.522	0.944801	3.62542
192.756	0.944817	3.62548
192.991	0.944832	3.62554
193.225	0.944848	3.62561
193.459	0.944863	3.62567
193.693	0.944879	3.62573
193.927	0.944894	3.62579
194.162	0.94491	3.62585
194.396	0.944925	3.62591
194.63	0.944941	3.62597
194.864	0.944956	3.62603
195.099	0.944972	3.6261
195.333	0.944987	3.62616
195.567	0.945002	3.62622
195.801	0.945018	3.62628
196.035	0.945033	3.62634
196.27	0.945049	3.6264
196.504	0.945064	3.62646
196.738	0.94508	3.62653
196.972	0.945095	3.62659
197.206	0.945111	3.62665
197.441	0.945126	3.62671
197.675	0.945141	3.62677
197.909	0.945157	3.62683
198.143	0.945172	3.62689
198.377	0.945188	3.62695
198.612	0.945203	3.62702
198.846	0.945219	3.62708
199.08	0.945234	3.62714
199.314	0.945249	3.6272
199.549	0.945265	3.62726
199.783	0.94528	3.62732
200.017	0.945296	3.62738
200.251	0.945311	3.62745
200.485	0.945326	3.62751
200.72	0.945342	3.62757
200.954	0.945357	3.62763
201.188	0.945373	3.62769
201.422	0.945388	3.62775
201.656	0.945403	3.62781
201.891	0.945419	3.62787
202.125	0.945434	3.62794
202.359	0.945449	3.628
202.593	0.945465	3.62806
202.827	0.94548	3.62812
203.062	0.945496	3.62818
203.296	0.945511	3.62824
203.53	0.945526	3.6283
203.764	0.945542	3.62836
203.999	0.945557	3.62843
204.233	0.945572	3.62849
204.467	0.945588	3.62855
204.701	0.945603	3.62861
204.935	0.945618	3.62867
205.17	0.945634	3.62873
205.404	0.945649	3.62879
205.638	0.945664	3.62886
205.872	0.94568	3.62892
206.106	0.945695	3.62898
206.341	0.94571	3.62904
206.575	0.945726	3.6291
206.809	0.945741	3.62916
207.043	0.945756	3.62922
207.278	0.945771	3.62928
207.512	0.945787	3.62935
207.746	0.945802	3.62941
207.98	0.945817	3.62947
208.214	0.945833	3.62953
208.449	0.945848	3.62959
208.683	0.945863	3.62965
208.917	0.945878	3.62971
209.151	0.945894	3.62977
209.385	0.945909	3.62984
209.62	0.945924	3.6299
209.854	0.945939	3.62996
210.088	0.945955	3.63002
210.322	0.94597	3.63008
210.556	0.945985	3.63014
210.791	0.946	3.6302
211.025	0.946016	3.63026
211.259	0.946031	3.63033
211.493	0.946046	3.63039
211.728	0.946061	3.63045
211.962	0.946077	3.63051
212.196	0.946092	3.63057
212.43	0.946107	3.63063
212.664	0.946122	3.63069
212.899	0.946138	3.63075
213.133	0.946153	3.63081
213.367	0.946168	3.63088
213.601	0.946183	3.63094
213.835	0.946198	3.631
214.07	0.946214	3.63106
214.304	0.946229	3.63112
214.538	0.946244	3.63118
214.772	0.946259	3.63124
215.007	0.946274	3.6313
215.241	0.94629	3.63137
215.475	0.946305	3.63143
215.709	0.94632	3.63149
215.943	0.946335	3.63155
216.178	0.94635	3.63161
216.412	0.946365	3.63167
216.646	0.946381	3.63173
216.88	0.946396	3.63179
217.114	0.946411	3.63185
217.349	0.946426	3.63192
217.583	0.946441	3.63198
217.817	0.946456	3.63204
218.051	0.946472	3.6321
218.285	0.946487	3.63216
218.52	0.946502	3.63222
218.754	0.946517	3.63228
218.988	0.946532	3.63234
219.222	0.946547	3.63241
219.457	0.946562	3.63247
219.691	0.946578	3.63253
219.925	0.946593	3.63259
220.159	0.946608	3.63265
220.393	0.946623	3.63271
220.628	0.946638	3.63277
220.862	0.946653	3.63283
221.096	0.946668	3.63289
221.33	0.946683	3.63296
221.564	0.946698	3.63302
221.799	0.946714	3.63308
222.033	0.946729	3.63314
222.267	0.946744	3.6332
222.501	0.946759	3.63326
222.736	0.946774	3.63332
222.97	0.946789	3.63338
223.204	0.946804	3.63344
223.438	0.946819	3.63351
223.672	0.946834	3.63357
223.907	0.946849	3.63363
224.141	0.946864	3.63369
224.375	0.946879	3.63375
224.609	0.946894	3.63381
224.843	0.94691	3.63387
225.078	0.946925	3.63393
225.312	0.94694	3.63399
225.546	0.946955	3.63406
225.78	0.94697	3.63412
226.014	0.946985	3.63418
226.249	0.947	3.63424
226.483	0.947015	3.6343
226.717	0.94703	3.63436
226.951	0.947045	3.63442
227.186	0.94706	3.63448
227.42	0.947075	3.63454
227.654	0.94709	3.63461
227.888	0.947105	3.63467
228.122	0.94712	3.63473
228.357	0.947135	3.63479
228.591	0.94715	3.63485
228.825	0.947165	3.63491
229.059	0.94718	3.63497
229.293	0.947195	3.63503
229.528	0.94721	3.63509
229.762	0.947225	3.63516
229.996	0.94724	3.63522
230.23	0.947255	3.63528
230.464	0.94727	3.63534
230.699	0.947285	3.6354
230.933	0.9473	3.63546
231.167	0.947315	3.63552
231.401	0.94733	3.63558
231.636	0.947345	3.63564
231.87	0.94736	3.6357
232.104	0.947375	3.63577
232.338	0.94739	3.63583
232.572	0.947405	3.63589
232.807	0.94742	3.63595
233.041	0.947434	3.63601
233.275	0.947449	3.63607
233.509	0.947464	3.63613
233.743	0.947479	3.63619
233.978	0.947494	3.63625
234.212	0.947509	3.63632
234.446	0.947524	3.63638
234.68	0.947539	3.63644
234.915	0.947554	3.6365
235.149	0.947569	3.63656
235.383	0.947584	3.63662
235.617	0.947599	3.63668
235.851	0.947614	3.63674
236.086	0.947628	3.6368
236.32	0.947643	3.63686
236.554	0.947658	3.63693
236.788	0.947673	3.63699
237.022	0.947688	3.63705
237.257	0.947703	3.63711
237.491	0.947718	3.63717
237.725	0.947733	3.63723
237.959	0.947748	3.63729
238.193	0.947762	3.63735
238.428	0.947777	3.63741
238.662	0.947792	3.63747
238.896	0.947807	3.63754
239.13	0.947822	3.6376
239.365	0.947837	3.63766
239.599	0.947852	3.63772
239.833	0.947867	3.63778
240.067	0.947881	3.63784
240.301	0.947896	3.6379
240.536	0.947911	3.63796
240.77	0.947926	3.63802
241.004	0.947941	3.63808
241.238	0.947956	3.63815
241.472	0.94797	3.63821
241.707	0.947985	3.63827
241.941	0.948	3.63833
242.175	0.948015	3.63839
242.409	0.94803	3.63845
242.644	0.948045	3.63851
242.878	0.948059	3.63857
243.112	0.948074	3.63863
243.346	0.948089	3.63869
243.58	0.948104	3.63876
243.815	0.948119	3.63882
244.049	0.948133	3.63888
244.283	0.948148	3.63894
244.517	0.948163	3.639
244.751	0.948178	3.63906
244.986	0.948193	3.63912
245.22	0.948207	3.63918
245.454	0.948222	3.63924
245.688	0.948237	3.6393
245.922	0.948252	3.63936
246.157	0.948266	3.63943
246.391	0.948281	3.63949
246.625	0.948296	3.63955
246.859	0.948311	3.63961
247.094	0.948325	3.63967
247.328	0.94834	3.63973
247.562	0.948355	3.63979
247.796	0.94837	3.63985
248.03	0.948384	3.63991
248.265	0.948399	3.63997
248.499	0.948414	3.64003
248.733	0.948429	3.6401
248.967	0.948443	3.64016
249.201	0.948458	3.64022
249.436	0.948473	3.64028
249.67	0.948488	3.64034
249.904	0.948502	3.6404
250.138	0.948517	3.64046
250.373	0.948532	3.64052
250.607	0.948546	3.64058
250.841	0.948561	3.64064
251.075	0.948576	3.6407
251.309	0.948591	3.64077
251.544	0.948605	3.64083
251.778	0.94862	3.64089
252.012	0.948635	3.64095
252.246	0.948649	3.64101
252.48	0.948664	3.64107
252.715	0.948679	3.64113
252.949	0.948693	3.64119
253.183	0.948708	3.64125
253.417	0.948723	3.64131
253.651	0.948737	3.64137
253.886	0.948752	3.64144
254.12	0.948767	3.6415
254.354	0.948781	3.64156
254.588	0.948796	3.64162
254.823	0.948811	3.64168
255.057	0.948825	3.64174
255.291	0.94884	3.6418
255.525	0.948855	3.64186
255.759	0.948869	3.64192
255.994	0.948884	3.64198
256.228	0.948899	3.64204
256.462	0.948913	3.6421
256.696	0.948928	3.64217
256.93	0.948943	3.64223
257.165	0.948957	3.64229
257.399	0.948972	3.64235
257.633	0.948986	3.64241
257.867	0.949001	3.64247
258.101	0.949016	3.64253
258.336	0.94903	3.64259
258.57	0.949045	3.64265
258.804	0.94906	3.64271
259.038	0.949074	3.64277
259.273	0.949089	3.64284
259.507	0.949103	3.6429
259.741	0.949118	3.64296
259.975	0.949133	3.64302
260.209	0.949147	3.64308
260.444	0.949162	3.64314
260.678	0.949176	3.6432
260.912	0.949191	3.64326
261.146	0.949205	3.64332
261.38	0.94922	3.64338
261.615	0.949235	3.64344
261.849	0.949249	3.6435
262.083	0.949264	3.64356
262.317	0.949278	3.64363
262.552	0.949293	3.64369
262.786	0.949307	3.64375
263.02	0.949322	3.64381
263.254	0.949336	3.64387
263.488	0.949351	3.64393
263.723	0.949366	3.64399
263.957	0.94938	3.64405
264.191	0.949395	3.64411
264.425	0.949409	3.64417
264.659	0.949424	3.64423
264.894	0.949438	3.64429
265.128	0.949453	3.64436
265.362	0.949467	3.64442
265.596	0.949482	3.64448
265.83	0.949496	3.64454
266.065	0.949511	3.6446
266.299	0.949525	3.64466
266.533	0.94954	3.64472
266.767	0.949554	3.64478
267.002	0.949569	3.64484
267.236	0.949583	3.6449
267.47	0.949598	3.64496
267.704	0.949612	3.64502
267.938	0.949627	3.64508
268.173	0.949641	3.64515
268.407	0.949656	3.64521
268.641	0.94967	3.64527
268.875	0.949685	3.64533
269.109	0.949699	3.64539
269.344	0.949714	3.64545
269.578	0.949728	3.64551
269.812	0.949743	3.64557
270.046	0.949757	3.64563
270.281	0.949772	3.64569
270.515	0.949786	3.64575
270.749	0.949801	3.64581
270.983	0.949815	3.64587
271.217	0.949829	3.64594
271.452	0.949844	3.646
271.686	0.949858	3.64606
271.92	0.949873	3.64612
272.154	0.949887	3.64618
272.388	0.949902	3.64624
272.623	0.949916	3.6463
272.857	0.94993	3.64636
273.091	0.949945	3.64642
273.325	0.949959	3.64648
273.559	0.949974	3.64654
273.794	0.949988	3.6466
274.028	0.950003	3.64666
274.262	0.950017	3.64672
274.496	0.950031	3.64679
274.731	0.950046	3.64685
274.965	0.95006	3.64691
275.199	0.950075	3.64697
275.433	0.950089	3.64703
275.667	0.950103	3.64709
275.902	0.950118	3.64715
276.136	0.950132	3.64721
276.37	0.950147	3.64727
276.604	0.950161	3.64733
276.838	0.950175	3.64739
277.073	0.95019	3.64745
277.307	0.950204	3.64751
277.541	0.950218	3.64757
277.775	0.950233	3.64764
278.01	0.950247	3.6477
278.244	0.950261	3.64776
278.478	0.950276	3.64782
278.712	0.95029	3.64788
278.946	0.950305	3.64794
279.181	0.950319	3.648
279.415	0.950333	3.64806
279.649	0.950348	3.64812
279.883	0.950362	3.64818
280.117	0.950376	3.64824
280.352	0.950391	3.6483
280.586	0.950405	3.64836
280.82	0.950419	3.64842
281.054	0.950434	3.64848
281.288	0.950448	3.64855
281.523	0.950462	3.64861
281.757	0.950477	3.64867
281.991	0.950491	3.64873
282.225	0.950505	3.64879
282.46	0.950519	3.64885
282.694	0.950534	3.64891
282.928	0.950548	3.64897
283.162	0.950562	3.64903
283.396	0.950577	3.64909
283.631	0.950591	3.64915
283.865	0.950605	3.64921
284.099	0.95062	3.64927
284.333	0.950634	3.64933
284.567	0.950648	3.64939
284.802	0.950662	3.64946
285.036	0.950677	3.64952
285.27	0.950691	3.64958
285.504	0.950705	3.64964
285.739	0.950719	3.6497
285.973	0.950734	3.64976
286.207	0.950748	3.64982
286.441	0.950762	3.64988
286.675	0.950776	3.64994
286.91	0.950791	3.65
287.144	0.950805	3.65006
287.378	0.950819	3.65012
287.612	0.950833	3.65018
287.846	0.950848	3.65024
288.081	0.950862	3.6503
288.315	0.950876	3.65036
288.549	0.95089	3.65043
288.783	0.950905	3.65049
289.017	0.950919	3.65055
289.252	0.950933	3.65061
289.486	0.950947	3.65067
289.72	0.950962	3.65073
289.954	0.950976	3.65079
290.189	0.95099	3.65085
290.423	0.951004	3.65091
290.657	0.951018	3.65097
290.891	0.951033	3.65103
291.125	0.951047	3.65109
291.36	0.951061	3.65115
291.594	0.951075	3.65121
291.828	0.951089	3.65127
292.062	0.951104	3.65133
292.296	0.951118	3.65139
292.531	0.951132	3.65146
292.765	0.951146	3.65152
292.999	0.95116	3.65158
293.233	0.951174	3.65164
293.467	0.951189	3.6517
293.702	0.951203	3.65176
293.936	0.951217	3.65182
294.17	0.951231	3.65188
294.404	0.951245	3.65194
294.639	0.951259	3.652
294.873	0.951274	3.65206
295.107	0.951288	3.65212
295.341	0.951302	3.65218
295.575	0.951316	3.65224
295.81	0.95133	3.6523
296.044	0.951344	3.65236
296.278	0.951358	3.65242
296.512	0.951373	3.65248
296.746	0.951387	3.65255
296.981	0.951401	3.65261
297.215	0.951415	3.65267
297.449	0.951429	3.65273
297.683	0.951443	3.65279
297.918	0.951457	3.65285
298.152	0.951471	3.65291
298.386	0.951486	3.65297
298.62	0.9515	3.65303
298.854	0.951514	3.65309
299.089	0.951528	3.65315
299.323	0.951542	3.65321
299.557	0.951556	3.65327
299.791	0.95157	3.65333
300.025	0.951584	3.65339
300.26	0.951598	3.65345
300.494	0.951612	3.65351
300.728	0.951626	3.65357
300.962	0.951641	3.65363
301.196	0.951655	3.6537
301.431	0.951669	3.65376
301.665	0.951683	3.65382
301.899	0.951697	3.65388
302.133	0.951711	3.65394
302.368	0.951725	3.654
302.602	0.951739	3.65406
302.836	0.951753	3.65412
303.07	0.951767	3.65418
303.304	0.951781	3.65424
303.539	0.951795	3.6543
303.773	0.951809	3.65436
304.007	0.951823	3.65442
304.241	0.951837	3.65448
304.475	0.951851	3.65454
304.71	0.951865	3.6546
304.944	0.951879	3.65466
305.178	0.951893	3.65472
305.412	0.951907	3.65478
305.647	0.951921	3.65484
305.881	0.951935	3.65491
306.115	0.95195	3.65497
306.349	0.951964	3.65503
306.583	0.951978	3.65509
306.818	0.951992	3.65515
307.052	0.952006	3.65521
307.286	0.95202	3.65527
307.52	0.952034	3.65533
307.754	0.952048	3.65539
307.989	0.952062	3.65545
308.223	0.952076	3.65551
308.457	0.95209	3.65557
308.691	0.952103	3.65563
308.925	0.952117	3.65569
309.16	0.952131	3.65575
309.394	0.952145	3.65581
309.628	0.952159	3.65587
309.862	0.952173	3.65593
310.097	0.952187	3.65599
310.331	0.952201	3.65605
310.565	0.952215	3.65611
310.799	0.952229	3.65618
311.033	0.952243	3.65624
311.268	0.952257	3.6563
311.502	0.952271	3.65636
311.736	0.952285	3.65642
311.97	0.952299	3.65648
312.204	0.952313	3.65654
312.439	0.952327	3.6566
312.673	0.952341	3.65666
312.907	0.952355	3.65672
313.141	0.952369	3.65678
313.376	0.952383	3.65684
313.61	0.952396	3.6569
313.844	0.95241	3.65696
314.078	0.952424	3.65702
314.312	0.952438	3.65708
314.547	0.952452	3.65714
314.781	0.952466	3.6572
315.015	0.95248	3.65726
315.249	0.952494	3.65732
315.483	0.952508	3.65738
315.718	0.952522	3.65744
315.952	0.952536	3.6575
316.186	0.952549	3.65756
316.42	0.952563	3.65763
316.654	0.952577	3.65769
316.889	0.952591	3.65775
317.123	0.952605	3.65781
317.357	0.952619	3.65787
317.591	0.952633	3.65793
317.826	0.952647	3.65799
318.06	0.95266	3.65805
318.294	0.952674	3.65811
318.528	0.952688	3.65817
318.762	0.952702	3.65823
318.997	0.952716	3.65829
319.231	0.95273	3.65835
319.465	0.952744	3.65841
319.699	0.952758	3.65847
319.933	0.952771	3.65853
320.168	0.952785	3.65859
320.402	0.952799	3.65865
320.636	0.952813	3.65871
320.87	0.952827	3.65877
321.104	0.952841	3.65883
321.339	0.952854	3.65889
321.573	0.952868	3.65895
321.807	0.952882	3.65901
322.041	0.952896	3.65907
322.276	0.95291	3.65914
322.51	0.952923	3.6592
322.744	0.952937	3.65926
322.978	0.952951	3.65932
323.212	0.952965	3.65938
323.447	0.952979	3.65944
323.681	0.952993	3.6595
323.915	0.953006	3.65956
324.149	0.95302	3.65962
324.383	0.953034	3.65968
324.618	0.953048	3.65974
324.852	0.953062	3.6598
325.086	0.953075	3.65986
325.32	0.953089	3.65992
325.555	0.953103	3.65998
325.789	0.953117	3.66004
326.023	0.95313	3.6601
326.257	0.953144	3.66016
326.491	0.953158	3.66022
326.726	0.953172	3.66028
326.96	0.953185	3.66034
327.194	0.953199	3.6604
327.428	0.953213	3.66046
327.662	0.953227	3.66052
327.897	0.95324	3.66058
328.131	0.953254	3.66064
328.365	0.953268	3.6607
328.599	0.953282	3.66076
328.833	0.953295	3.66082
329.068	0.953309	3.66088
329.302	0.953323	3.66095
329.536	0.953337	3.66101
329.77	0.95335	3.66107
330.005	0.953364	3.66113
330.239	0.953378	3.66119
330.473	0.953392	3.66125
330.707	0.953405	3.66131
330.941	0.953419	3.66137
331.176	0.953433	3.66143
331.41	0.953446	3.66149
331.644	0.95346	3.66155
331.878	0.953474	3.66161
332.112	0.953488	3.66167
332.347	0.953501	3.66173
332.581	0.953515	3.66179
332.815	0.953529	3.66185
333.049	0.953542	3.66191
333.284	0.953556	3.66197
333.518	0.95357	3.66203
333.752	0.953583	3.66209
333.986	0.953597	3.66215
334.22	0.953611	3.66221
334.455	0.953624	3.66227
334.689	0.953638	3.66233
334.923	0.953652	3.66239
335.157	0.953665	3.66245
335.391	0.953679	3.66251
335.626	0.953693	3.66257
335.86	0.953706	3.66263
336.094	0.95372	3.66269
336.328	0.953734	3.66275
336.562	0.953747	3.66281
336.797	0.953761	3.66287
337.031	0.953775	3.66293
337.265	0.953788	3.66299
337.499	0.953802	3.66306
337.734	0.953816	3.66312
337.968	0.953829	3.66318
338.202	0.953843	3.66324
338.436	0.953856	3.6633
338.67	0.95387	3.66336
338.905	0.953884	3.66342
339.139	0.953897	3.66348
339.373	0.953911	3.66354
339.607	0.953925	3.6636
339.841	0.953938	3.66366
340.076	0.953952	3.66372
340.31	0.953965	3.66378
340.544	0.953979	3.66384
340.781	0.953993	3.6639
341.015	0.954006	3.66396
341.249	0.95402	3.66402
341.483	0.954033	3.66408
341.717	0.954047	3.66414
341.952	0.954061	3.6642
342.186	0.954074	3.66426
342.42	0.954088	3.66432
342.654	0.954101	3.66438
342.889	0.954115	3.66444
343.123	0.954129	3.6645
343.357	0.954142	3.66456
343.591	0.954156	3.66462
343.825	0.954169	3.66468
344.06	0.954183	3.66474
344.294	0.954196	3.6648
344.528	0.95421	3.66486
344.762	0.954223	3.66492
344.996	0.954237	3.66498
345.231	0.954251	3.66504
345.465	0.954264	3.6651
345.699	0.954278	3.66516
345.933	0.954291	3.66522
346.168	0.954305	3.66528
346.402	0.954318	3.66534
346.636	0.954332	3.6654
346.87	0.954345	3.66546
347.104	0.954359	3.66553
347.339	0.954372	3.66559
347.573	0.954386	3.66565
347.807	0.954399	3.66571
348.041	0.954413	3.66577
348.275	0.954426	3.66583
348.51	0.95444	3.66589
348.744	0.954453	3.66595
348.978	0.954467	3.66601
349.212	0.95448	3.66607
349.446	0.954494	3.66613
349.681	0.954507	3.66619
349.915	0.954521	3.66625
350.149	0.954534	3.66631
350.383	0.954548	3.66637
350.618	0.954561	3.66643
350.852	0.954575	3.66649
351.086	0.954588	3.66655
351.32	0.954602	3.66661
351.554	0.954615	3.66667
351.789	0.954629	3.66673
352.023	0.954642	3.66679
352.257	0.954656	3.66685
352.491	0.954669	3.66691
352.725	0.954683	3.66697
352.96	0.954696	3.66703
353.194	0.95471	3.66709
353.428	0.954723	3.66715
353.662	0.954736	3.66721
353.897	0.95475	3.66727
354.131	0.954763	3.66733
354.365	0.954777	3.66739
354.599	0.95479	3.66745
354.833	0.954804	3.66751
355.068	0.954817	3.66757
355.302	0.954831	3.66763
355.536	0.954844	3.66769
355.77	0.954857	3.66775
356.004	0.954871	3.66781
356.239	0.954884	3.66787
356.473	0.954898	3.66793
356.707	0.954911	3.66799
356.941	0.954924	3.66805
357.175	0.954938	3.66811
357.41	0.954951	3.66817
357.644	0.954965	3.66823
357.878	0.954978	3.66829
358.112	0.954991	3.66835
358.347	0.955005	3.66841
358.581	0.955018	3.66847
358.815	0.955032	3.66853
359.049	0.955045	3.66859
359.283	0.955058	3.66865
359.518	0.955072	3.66871
359.752	0.955085	3.66877
359.986	0.955099	3.66883
360.22	0.955112	3.66889
360.454	0.955125	3.66895
360.689	0.955139	3.66901
360.923	0.955152	3.66907
361.157	0.955165	3.66913
361.391	0.955179	3.66919
361.625	0.955192	3.66925
361.86	0.955205	3.66931
362.094	0.955219	3.66937
362.328	0.955232	3.66943
362.562	0.955245	3.66949
362.797	0.955259	3.66955
363.031	0.955272	3.66961
363.265	0.955285	3.66967
363.499	0.955299	3.66973
363.733	0.955312	3.66979
363.968	0.955325	3.66985
364.202	0.955339	3.66991
364.436	0.955352	3.66998
364.67	0.955365	3.67004
364.904	0.955379	3.6701
365.139	0.955392	3.67016
365.373	0.955405	3.67022
365.607	0.955419	3.67028
365.841	0.955432	3.67034
366.076	0.955445	3.6704
366.31	0.955459	3.67046
366.544	0.955472	3.67052
366.778	0.955485	3.67058
367.012	0.955499	3.67064
367.247	0.955512	3.6707
367.481	0.955525	3.67076
367.715	0.955538	3.67082
367.949	0.955552	3.67088
368.183	0.955565	3.67094
368.418	0.955578	3.671
368.652	0.955591	3.67106
368.886	0.955605	3.67112
369.12	0.955618	3.67118
369.354	0.955631	3.67124
369.589	0.955645	3.6713
369.823	0.955658	3.67136
370.057	0.955671	3.67142
370.291	0.955684	3.67148
370.526	0.955698	3.67154
370.76	0.955711	3.6716
370.994	0.955724	3.67166
371.228	0.955737	3.67172
371.462	0.955751	3.67178
371.697	0.955764	3.67184
371.931	0.955777	3.6719
372.165	0.95579	3.67196
372.399	0.955804	3.67202
372.633	0.955817	3.67208
372.868	0.95583	3.67214
373.102	0.955843	3.6722
373.336	0.955856	3.67226
373.57	0.95587	3.67232
373.805	0.955883	3.67238
374.039	0.955896	3.67244
374.273	0.955909	3.6725
374.507	0.955922	3.67256
374.741	0.955936	3.67262
374.976	0.955949	3.67268
375.21	0.955962	3.67274
375.444	0.955975	3.6728
375.678	0.955988	3.67286
375.912	0.956002	3.67292
376.147	0.956015	3.67298
376.381	0.956028	3.67304
376.615	0.956041	3.6731
376.849	0.956054	3.67316
377.083	0.956068	3.67322
377.318	0.956081	3.67328
377.552	0.956094	3.67334
377.786	0.956107	3.6734
378.02	0.95612	3.67346
378.255	0.956133	3.67352
378.489	0.956147	3.67358
378.723	0.95616	3.67364
378.957	0.956173	3.6737
379.191	0.956186	3.67376
379.426	0.956199	3.67382
379.66	0.956212	3.67388
379.894	0.956226	3.67394
380.128	0.956239	3.674
380.362	0.956252	3.67406
380.597	0.956265	3.67412
380.831	0.956278	3.67418
381.065	0.956291	3.67424
381.299	0.956304	3.6743
381.534	0.956317	3.67436
381.768	0.956331	3.67442
382.002	0.956344	3.67448
382.236	0.956357	3.67454
382.47	0.95637	3.6746
382.705	0.956383	3.67466
382.939	0.956396	3.67472
383.173	0.956409	3.67478
383.407	0.956422	3.67484
383.641	0.956436	3.6749
383.876	0.956449	3.67496
384.11	0.956462	3.67502
384.344	0.956475	3.67508
384.578	0.956488	3.67514
384.812	0.956501	3.6752
385.047	0.956514	3.67526
385.281	0.956527	3.67532
385.515	0.95654	3.67538
385.749	0.956553	3.67544
385.984	0.956566	3.6755
386.218	0.956579	3.67556
386.452	0.956593	3.67562
386.686	0.956606	3.67568
386.92	0.956619	3.67574
387.155	0.956632	3.6758
387.389	0.956645	3.67586
387.623	0.956658	3.67592
387.857	0.956671	3.67598
388.091	0.956684	3.67604
388.326	0.956697	3.67609
388.56	0.95671	3.67615
388.794	0.956723	3.67621
389.028	0.956736	3.67627
389.262	0.956749	3.67633
389.497	0.956762	3.67639
389.731	0.956775	3.67645
389.965	0.956788	3.67651
390.199	0.956801	3.67657
390.434	0.956814	3.67663
390.668	0.956827	3.67669
390.902	0.95684	3.67675
391.136	0.956853	3.67681
391.37	0.956866	3.67687
391.605	0.956879	3.67693
391.839	0.956892	3.67699
392.073	0.956905	3.67705
392.307	0.956918	3.67711
392.541	0.956931	3.67717
392.776	0.956944	3.67723
393.01	0.956957	3.67729
393.244	0.95697	3.67735
393.478	0.956983	3.67741
393.713	0.956996	3.67747
393.947	0.957009	3.67753
394.181	0.957022	3.67759
394.415	0.957035	3.67765
394.649	0.957048	3.67771
394.884	0.957061	3.67777
395.118	0.957074	3.67783
395.352	0.957087	3.67789
395.586	0.9571	3.67795
395.82	0.957113	3.67801
396.055	0.957126	3.67807
396.289	0.957139	3.67813
396.523	0.957152	3.67819
396.757	0.957165	3.67825
396.991	0.957178	3.67831
397.226	0.957191	3.67837
397.46	0.957204	3.67843
397.694	0.957217	3.67849
397.928	0.95723	3.67855
398.163	0.957243	3.67861
398.397	0.957256	3.67867
398.631	0.957269	3.67873
398.865	0.957282	3.67879
399.099	0.957295	3.67885
399.334	0.957307	3.67891
399.568	0.95732	3.67897
399.802	0.957333	3.67903
400.036	0.957346	3.67909
400.27	0.957359	3.67915
400.505	0.957372	3.67921
400.739	0.957385	3.67927
400.973	0.957398	3.67933
401.207	0.957411	3.67939
401.442	0.957424	3.67945
401.676	0.957437	3.67951
401.91	0.957449	3.67957
402.144	0.957462	3.67963
402.378	0.957475	3.67969
402.613	0.957488	3.67975
402.847	0.957501	3.67981
403.081	0.957514	3.67987
403.315	0.957527	3.67993
403.549	0.95754	3.67999
403.784	0.957553	3.68005
404.018	0.957565	3.68011
404.252	0.957578	3.68017
404.486	0.957591	3.68023
404.72	0.957604	3.68029
404.955	0.957617	3.68035
405.189	0.95763	3.68041
405.423	0.957643	3.68047
405.657	0.957655	3.68053
405.892	0.957668	3.68059
406.126	0.957681	3.68064
406.36	0.957694	3.6807
406.594	0.957707	3.68076
406.828	0.95772	3.68082
407.063	0.957733	3.68088
407.297	0.957745	3.68094
407.531	0.957758	3.681
407.765	0.957771	3.68106
407.999	0.957784	3.68112
408.234	0.957797	3.68118
408.468	0.95781	3.68124
408.702	0.957822	3.6813
408.936	0.957835	3.68136
409.171	0.957848	3.68142
409.405	0.957861	3.68148
409.639	0.957874	3.68154
409.873	0.957886	3.6816
410.107	0.957899	3.68166
410.342	0.957912	3.68172
410.576	0.957925	3.68178
410.81	0.957938	3.68184
411.044	0.95795	3.6819
411.278	0.957963	3.68196
411.513	0.957976	3.68202
411.747	0.957989	3.68208
411.981	0.958002	3.68214
412.215	0.958014	3.6822
412.449	0.958027	3.68226
412.684	0.95804	3.68232
412.918	0.958053	3.68238
413.152	0.958066	3.68244
413.386	0.958078	3.6825
413.621	0.958091	3.68256
413.855	0.958104	3.68262
414.089	0.958117	3.68268
414.323	0.958129	3.68274
414.557	0.958142	3.6828
414.792	0.958155	3.68286
415.026	0.958168	3.68292
415.26	0.95818	3.68298
415.494	0.958193	3.68304
415.728	0.958206	3.6831
415.963	0.958219	3.68316
416.197	0.958231	3.68322
416.431	0.958244	3.68328
416.665	0.958257	3.68333
416.899	0.95827	3.68339
417.134	0.958282	3.68345
417.368	0.958295	3.68351
417.602	0.958308	3.68357
417.836	0.95832	3.68363
418.071	0.958333	3.68369
418.305	0.958346	3.68375
418.539	0.958359	3.68381
418.773	0.958371	3.68387
419.007	0.958384	3.68393
419.242	0.958397	3.68399
419.476	0.958409	3.68405
419.71	0.958422	3.68411
419.944	0.958435	3.68417
420.178	0.958448	3.68423
420.413	0.95846	3.68429
420.647	0.958473	3.68435
420.881	0.958486	3.68441
421.115	0.958498	3.68447
421.35	0.958511	3.68453
421.584	0.958524	3.68459
421.818	0.958536	3.68465
422.052	0.958549	3.68471
422.286	0.958562	3.68477
422.521	0.958574	3.68483
422.755	0.958587	3.68489
422.989	0.9586	3.68495
423.223	0.958612	3.68501
423.457	0.958625	3.68507
423.692	0.958638	3.68513
423.926	0.95865	3.68519
424.16	0.958663	3.68525
424.394	0.958676	3.68531
424.628	0.958688	3.68537
424.863	0.958701	3.68543
425.097	0.958714	3.68549
425.331	0.958726	3.68554
425.565	0.958739	3.6856
425.8	0.958751	3.68566
426.034	0.958764	3.68572
426.268	0.958777	3.68578
426.502	0.958789	3.68584
426.736	0.958802	3.6859
426.971	0.958815	3.68596
427.205	0.958827	3.68602
427.439	0.95884	3.68608
427.673	0.958852	3.68614
427.907	0.958865	3.6862
428.142	0.958878	3.68626
428.376	0.95889	3.68632
428.61	0.958903	3.68638
428.844	0.958915	3.68644
429.079	0.958928	3.6865
429.313	0.958941	3.68656
429.547	0.958953	3.68662
429.781	0.958966	3.68668
430.015	0.958978	3.68674
430.25	0.958991	3.6868
430.484	0.959004	3.68686
430.718	0.959016	3.68692
430.952	0.959029	3.68698
431.186	0.959041	3.68704
431.421	0.959054	3.6871
431.655	0.959067	3.68716
431.889	0.959079	3.68722
432.123	0.959092	3.68728
432.357	0.959104	3.68733
432.592	0.959117	3.68739
432.826	0.959129	3.68745
433.06	0.959142	3.68751
433.294	0.959154	3.68757
433.529	0.959167	3.68763
433.763	0.95918	3.68769
433.997	0.959192	3.68775
434.231	0.959205	3.68781
434.465	0.959217	3.68787
434.7	0.95923	3.68793
434.934	0.959242	3.68799
435.168	0.959255	3.68805
435.402	0.959267	3.68811
435.636	0.95928	3.68817
435.871	0.959292	3.68823
436.105	0.959305	3.68829
436.339	0.959317	3.68835
436.573	0.95933	3.68841
436.808	0.959342	3.68847
437.042	0.959355	3.68853
437.276	0.959367	3.68859
437.51	0.95938	3.68865
437.744	0.959392	3.68871
437.979	0.959405	3.68877
438.213	0.959417	3.68883
438.447	0.95943	3.68889
438.681	0.959442	3.68895
438.915	0.959455	3.689
439.15	0.959467	3.68906
439.384	0.95948	3.68912
439.618	0.959492	3.68918
439.852	0.959505	3.68924
440.086	0.959517	3.6893
440.321	0.95953	3.68936
440.555	0.959542	3.68942
440.789	0.959555	3.68948
441.023	0.959567	3.68954
441.258	0.95958	3.6896
441.492	0.959592	3.68966
441.726	0.959605	3.68972
441.96	0.959617	3.68978
442.194	0.95963	3.68984
442.429	0.959642	3.6899
442.663	0.959654	3.68996
442.897	0.959667	3.69002
443.131	0.959679	3.69008
443.365	0.959692	3.69014
443.6	0.959704	3.6902
443.834	0.959717	3.69026
444.068	0.959729	3.69032
444.302	0.959742	3.69038
444.537	0.959754	3.69044
444.771	0.959766	3.69049
445.005	0.959779	3.69055
445.239	0.959791	3.69061
445.473	0.959804	3.69067
445.708	0.959816	3.69073
445.942	0.959829	3.69079
446.176	0.959841	3.69085
446.41	0.959853	3.69091
446.644	0.959866	3.69097
446.879	0.959878	3.69103
447.113	0.959891	3.69109
447.347	0.959903	3.69115
447.581	0.959915	3.69121
447.815	0.959928	3.69127
448.05	0.95994	3.69133
448.284	0.959953	3.69139
448.518	0.959965	3.69145
448.752	0.959977	3.69151
448.987	0.95999	3.69157
449.221	0.960002	3.69163
449.455	0.960014	3.69169
449.689	0.960027	3.69175
449.923	0.960039	3.69181
450.158	0.960052	3.69186
450.392	0.960064	3.69192
450.626	0.960076	3.69198
450.86	0.960089	3.69204
451.094	0.960101	3.6921
451.329	0.960113	3.69216
451.563	0.960126	3.69222
451.797	0.960138	3.69228
452.031	0.96015	3.69234
452.265	0.960163	3.6924
452.5	0.960175	3.69246
452.734	0.960188	3.69252
452.968	0.9602	3.69258
453.202	0.960212	3.69264
453.437	0.960225	3.6927
453.671	0.960237	3.69276
453.905	0.960249	3.69282
454.139	0.960262	3.69288
454.373	0.960274	3.69294
454.608	0.960286	3.693
454.842	0.960299	3.69306
455.076	0.960311	3.69312
455.31	0.960323	3.69317
455.544	0.960335	3.69323
455.779	0.960348	3.69329
456.013	0.96036	3.69335
456.247	0.960372	3.69341
456.481	0.960385	3.69347
456.716	0.960397	3.69353
456.95	0.960409	3.69359
457.184	0.960422	3.69365
457.418	0.960434	3.69371
457.652	0.960446	3.69377
457.887	0.960458	3.69383
458.121	0.960471	3.69389
458.355	0.960483	3.69395
458.589	0.960495	3.69401
458.823	0.960508	3.69407
459.058	0.96052	3.69413
459.292	0.960532	3.69419
459.526	0.960544	3.69425
459.76	0.960557	3.69431
459.994	0.960569	3.69437
460.229	0.960581	3.69442
460.463	0.960593	3.69448
460.697	0.960606	3.69454
460.931	0.960618	3.6946
461.166	0.96063	3.69466
461.4	0.960643	3.69472
461.634	0.960655	3.69478
461.868	0.960667	3.69484
462.102	0.960679	3.6949
462.337	0.960691	3.69496
462.571	0.960704	3.69502
462.805	0.960716	3.69508
463.039	0.960728	3.69514
463.273	0.96074	3.6952
463.508	0.960753	3.69526
463.742	0.960765	3.69532
463.976	0.960777	3.69538
464.21	0.960789	3.69544
464.445	0.960802	3.6955
464.679	0.960814	3.69555
464.913	0.960826	3.69561
465.147	0.960838	3.69567
465.381	0.96085	3.69573
465.616	0.960863	3.69579
465.85	0.960875	3.69585
466.084	0.960887	3.69591
466.318	0.960899	3.69597
466.552	0.960911	3.69603
466.787	0.960924	3.69609
467.021	0.960936	3.69615
467.255	0.960948	3.69621
467.489	0.96096	3.69627
467.723	0.960972	3.69633
467.958	0.960985	3.69639
468.192	0.960997	3.69645
468.426	0.961009	3.69651
468.66	0.961021	3.69657
468.895	0.961033	3.69663
469.129	0.961045	3.69668
469.363	0.961058	3.69674
469.597	0.96107	3.6968
469.831	0.961082	3.69686
470.066	0.961094	3.69692
470.3	0.961106	3.69698
470.534	0.961118	3.69704
470.768	0.961131	3.6971
471.002	0.961143	3.69716
471.237	0.961155	3.69722
471.471	0.961167	3.69728
471.705	0.961179	3.69734
471.939	0.961191	3.6974
472.174	0.961203	3.69746
472.408	0.961216	3.69752
472.642	0.961228	3.69758
472.876	0.96124	3.69764
473.11	0.961252	3.69769
473.345	0.961264	3.69775
473.579	0.961276	3.69781
473.813	0.961288	3.69787
474.047	0.9613	3.69793
474.281	0.961313	3.69799
474.516	0.961325	3.69805
474.75	0.961337	3.69811
474.984	0.961349	3.69817
475.218	0.961361	3.69823
475.452	0.961373	3.69829
475.687	0.961385	3.69835
475.921	0.961397	3.69841
476.155	0.961409	3.69847
476.389	0.961422	3.69853
476.624	0.961434	3.69859
476.858	0.961446	3.69865
477.092	0.961458	3.69871
477.326	0.96147	3.69876
477.56	0.961482	3.69882
477.795	0.961494	3.69888
478.029	0.961506	3.69894
478.263	0.961518	3.699
478.497	0.96153	3.69906
478.731	0.961542	3.69912
478.966	0.961554	3.69918
479.2	0.961566	3.69924
479.434	0.961579	3.6993
479.668	0.961591	3.69936
479.902	0.961603	3.69942
480.137	0.961615	3.69948
480.371	0.961627	3.69954
480.605	0.961639	3.6996
480.839	0.961651	3.69966
481.074	0.961663	3.69971
481.308	0.961675	3.69977
481.542	0.961687	3.69983
481.776	0.961699	3.69989
482.01	0.961711	3.69995
482.245	0.961723	3.70001
482.479	0.961735	3.70007
482.713	0.961747	3.70013
482.947	0.961759	3.70019
483.181	0.961771	3.70025
483.416	0.961783	3.70031
483.65	0.961795	3.70037
483.884	0.961807	3.70043
484.118	0.961819	3.70049
484.353	0.961831	3.70055
484.587	0.961843	3.70061
484.821	0.961855	3.70066
485.055	0.961867	3.70072
485.289	0.961879	3.70078
485.524	0.961891	3.70084
485.758	0.961903	3.7009
485.992	0.961915	3.70096
486.226	0.961927	3.70102
486.46	0.961939	3.70108
486.695	0.961951	3.70114
486.929	0.961963	3.7012
487.163	0.961975	3.70126
487.397	0.961987	3.70132
487.631	0.961999	3.70138
487.866	0.962011	3.70144
488.1	0.962023	3.7015
488.334	0.962035	3.70156
488.568	0.962047	3.70161
488.803	0.962059	3.70167
489.037	0.962071	3.70173
489.271	0.962083	3.70179
489.505	0.962095	3.70185
489.739	0.962107	3.70191
489.974	0.962119	3.70197
490.208	0.962131	3.70203
490.442	0.962143	3.70209
490.676	0.962155	3.70215
490.91	0.962167	3.70221
491.145	0.962179	3.70227
491.379	0.96219	3.70233
491.613	0.962202	3.70239
491.847	0.962214	3.70245
492.082	0.962226	3.7025
492.316	0.962238	3.70256
492.55	0.96225	3.70262
492.784	0.962262	3.70268
493.018	0.962274	3.70274
493.253	0.962286	3.7028
493.487	0.962298	3.70286
493.721	0.96231	3.70292
493.955	0.962322	3.70298
494.189	0.962334	3.70304
494.424	0.962345	3.7031
494.658	0.962357	3.70316
494.892	0.962369	3.70322
495.126	0.962381	3.70328
495.36	0.962393	3.70334
495.595	0.962405	3.70339
495.829	0.962417	3.70345
496.063	0.962429	3.70351
496.297	0.962441	3.70357
496.532	0.962453	3.70363
496.766	0.962464	3.70369
497	0.962476	3.70375
497.234	0.962488	3.70381
497.468	0.9625	3.70387
497.703	0.962512	3.70393
497.937	0.962524	3.70399
498.171	0.962536	3.70405
498.405	0.962548	3.70411
498.639	0.962559	3.70417
498.874	0.962571	3.70422
499.108	0.962583	3.70428
499.342	0.962595	3.70434
499.576	0.962607	3.7044
499.811	0.962619	3.70446
