0	1.00149	3.55791
0	1.00149	3.55791
0.148129	1.00166	3.5582
0.296257	1.00213	3.55901
0.444386	1.00282	3.56021
0.592514	1.00366	3.56168
0.593996	1.00367	3.5617
0.742124	1.00458	3.56331
0.890253	1.00547	3.56492
1.03838	1.00629	3.56641
1.18651	1.00697	3.56768
1.33316	1.00749	3.56865
1.48129	1.00783	3.56933
1.62941	1.00799	3.5697
1.77754	1.00797	3.56976
1.92567	1.0078	3.56956
2.0738	1.0075	3.56915
2.22193	1.00711	3.5686
2.37006	1.00667	3.56798
2.51819	1.00621	3.56735
2.66631	1.00577	3.56675
2.81444	1.00536	3.56624
2.96257	1.005	3.56584
3.1107	1.0047	3.56556
3.25883	1.00448	3.56541
3.40696	1.00431	3.56538
3.55509	1.0042	3.56547
3.70322	1.00414	3.56564
3.85134	1.00411	3.5659
3.99947	1.00411	3.5662
4.1476	1.00412	3.56654
4.29573	1.00413	3.5669
4.44386	1.00412	3.56724
4.59199	1.00408	3.56755
4.74012	1.00401	3.5678
4.88824	1.0039	3.56799
5.03637	1.00375	3.56812
5.1845	1.00356	3.56819
5.33263	1.00334	3.56822
5.48076	1.00309	3.56821
5.62889	1.00283	3.56817
5.77702	1.00255	3.56813
5.92514	1.00227	3.56809
6.07327	1.00199	3.56806
6.2214	1.00171	3.56805
6.36953	1.00144	3.56805
6.51766	1.00117	3.56808
6.66579	1.00092	3.56812
6.81392	1.00066	3.56819
6.96204	1.00042	3.56827
7.11017	1.00018	3.56838
7.2583	0.999947	3.5685
7.40643	0.999715	3.56863
7.55456	0.999483	3.56878
7.70269	0.999248	3.56892
7.85082	0.999008	3.56907
7.99894	0.99876	3.56921
8.14707	0.998502	3.56934
8.2952	0.998235	3.56945
8.44333	0.997958	3.56956
8.59294	0.99767	3.56966
8.74107	0.997376	3.56974
8.8892	0.997076	3.56982
9.03733	0.99677	3.5699
9.18545	0.996461	3.56998
9.33358	0.99615	3.57006
9.48171	0.995836	3.57014
9.62984	0.995521	3.57023
9.77797	0.995205	3.57031
9.9261	0.994889	3.5704
10.0742	0.994572	3.5705
10.2224	0.994256	3.57059
10.3705	0.99394	3.57069
10.5186	0.993624	3.5708
10.6667	0.993308	3.57091
10.8149	0.992992	3.57102
10.963	0.992675	3.57113
11.1111	0.992357	3.57124
11.2593	0.992038	3.57136
11.4074	0.991716	3.57147
11.5555	0.991392	3.57158
11.7036	0.991067	3.57168
11.8518	0.990739	3.57179
11.9999	0.990409	3.57189
12.148	0.990079	3.57199
12.2962	0.989747	3.57209
12.4443	0.989415	3.57219
12.5924	0.989082	3.57229
12.7405	0.988748	3.57239
12.8887	0.988415	3.57249
13.0368	0.988081	3.57259
13.1849	0.987748	3.57269
13.3331	0.987416	3.57279
13.4812	0.987084	3.57289
13.6293	0.986752	3.57299
13.7774	0.986422	3.57309
13.9256	0.986092	3.57319
14.0737	0.985764	3.57329
14.2218	0.985436	3.57339
14.37	0.985109	3.57349
14.5181	0.984783	3.5736
14.6662	0.984458	3.5737
14.8143	0.984134	3.57379
14.9625	0.98381	3.57389
15.1106	0.983488	3.57399
15.2587	0.983166	3.57409
15.4069	0.982846	3.57418
15.555	0.982527	3.57428
15.7031	0.982209	3.57437
15.8512	0.981892	3.57447
15.9994	0.981577	3.57456
16.1475	0.981264	3.57465
16.2956	0.980952	3.57474
16.4438	0.980642	3.57483
16.5919	0.980333	3.57492
16.74	0.980027	3.57501
16.8881	0.979722	3.5751
17.0363	0.97942	3.57519
17.1844	0.979119	3.57528
17.3325	0.97882	3.57537
17.4807	0.978524	3.57546
17.6288	0.97823	3.57554
17.7769	0.977937	3.57563
17.925	0.977647	3.57571
18.0732	0.97736	3.5758
18.2213	0.977074	3.57588
18.3694	0.97679	3.57596
18.5176	0.976509	3.57604
18.6657	0.97623	3.57612
18.8138	0.975954	3.5762
18.9619	0.97568	3.57628
19.1101	0.975408	3.57636
19.2582	0.975138	3.57644
19.4063	0.974871	3.57652
19.5545	0.974607	3.57659
19.7026	0.974345	3.57667
19.8507	0.974085	3.57674
19.9988	0.973828	3.57682
20.147	0.973574	3.57689
20.2951	0.973322	3.57696
20.4432	0.973073	3.57703
20.5914	0.972826	3.5771
20.7395	0.972582	3.57717
20.8876	0.972341	3.57724
21.0357	0.972102	3.57731
21.1839	0.971866	3.57738
21.332	0.971632	3.57744
21.4801	0.971401	3.57751
21.6283	0.971172	3.57757
21.7764	0.970947	3.57764
21.9245	0.970723	3.5777
22.0726	0.970503	3.57776
22.2208	0.970285	3.57782
22.3689	0.970069	3.57788
22.5155	0.969859	3.57794
22.6637	0.969649	3.578
22.8118	0.969441	3.57806
22.9599	0.969236	3.57812
23.1081	0.969033	3.57818
23.2562	0.968834	3.57823
23.4043	0.968636	3.57829
23.5524	0.968442	3.57834
23.7006	0.968249	3.5784
23.8487	0.96806	3.57845
23.9968	0.967873	3.5785
24.145	0.967688	3.57855
24.2931	0.967506	3.5786
24.4412	0.967326	3.57865
24.5893	0.967149	3.5787
24.7375	0.966974	3.57875
24.8856	0.966802	3.5788
25.0337	0.966632	3.57885
25.1819	0.966464	3.57889
25.33	0.966299	3.57894
25.4781	0.966136	3.57899
25.6262	0.965976	3.57903
25.7744	0.965818	3.57907
25.9225	0.965662	3.57912
26.0706	0.965508	3.57916
26.2188	0.965357	3.5792
26.3669	0.965208	3.57924
26.515	0.965061	3.57929
26.6631	0.964916	3.57933
26.8113	0.964774	3.57936
26.9594	0.964634	3.5794
27.1075	0.964495	3.57944
27.2557	0.964359	3.57948
27.4038	0.964225	3.57952
27.5519	0.964094	3.57955
27.7	0.963964	3.57959
27.8482	0.963836	3.57962
27.9963	0.96371	3.57966
28.1444	0.963586	3.57969
28.2926	0.963464	3.57973
28.4407	0.963345	3.57976
28.5888	0.963227	3.57979
28.7369	0.963111	3.57983
28.8851	0.962996	3.57986
29.0332	0.962884	3.57989
29.1813	0.962773	3.57992
29.3295	0.962665	3.57995
29.4776	0.962558	3.57998
29.6257	0.962453	3.58001
29.7738	0.962349	3.58004
29.922	0.962247	3.58006
30.0701	0.962147	3.58009
30.2182	0.962049	3.58012
30.3664	0.961952	3.58015
30.5145	0.961857	3.58017
30.6626	0.961763	3.5802
30.8107	0.961672	3.58022
30.9589	0.961581	3.58025
31.107	0.961492	3.58027
31.2551	0.961405	3.5803
31.4033	0.961319	3.58032
31.5514	0.961235	3.58034
31.6995	0.961152	3.58037
31.8476	0.961071	3.58039
31.9958	0.96099	3.58041
32.1439	0.960912	3.58043
32.292	0.960835	3.58045
32.4402	0.960759	3.58048
32.5883	0.960684	3.5805
32.7364	0.960611	3.58052
32.8845	0.960539	3.58054
33.0327	0.960468	3.58056
33.1808	0.960398	3.58057
33.3289	0.96033	3.58059
33.4771	0.960263	3.58061
33.6252	0.960197	3.58063
33.7733	0.960133	3.58065
33.9215	0.960069	3.58067
34.0696	0.960007	3.58068
34.2177	0.959945	3.5807
34.3658	0.959885	3.58072
34.514	0.959826	3.58073
34.6621	0.959768	3.58075
34.8102	0.959711	3.58077
34.9584	0.959655	3.58078
35.1065	0.9596	3.5808
35.2546	0.959546	3.58081
35.4027	0.959494	3.58083
35.5523	0.959441	3.58084
35.7005	0.95939	3.58085
35.8486	0.95934	3.58087
35.9967	0.959291	3.58088
36.1449	0.959243	3.5809
36.293	0.959195	3.58091
36.4411	0.959149	3.58092
36.5892	0.959103	3.58093
36.7374	0.959059	3.58095
36.8855	0.959015	3.58096
37.0336	0.958971	3.58097
37.1818	0.958929	3.58098
37.3299	0.958888	3.58099
37.478	0.958847	3.58101
37.6261	0.958807	3.58102
37.7743	0.958768	3.58103
37.9224	0.958729	3.58104
38.0705	0.958691	3.58105
38.2187	0.958654	3.58106
38.3668	0.958618	3.58107
38.5149	0.958582	3.58108
38.663	0.958547	3.58109
38.8112	0.958513	3.5811
38.9593	0.958479	3.58111
39.1074	0.958446	3.58112
39.2556	0.958414	3.58113
39.4037	0.958382	3.58114
39.5518	0.958351	3.58115
39.6999	0.95832	3.58115
39.8481	0.95829	3.58116
39.9962	0.958261	3.58117
40.1443	0.958232	3.58118
40.2925	0.958204	3.58119
40.4406	0.958176	3.5812
40.5887	0.958148	3.5812
40.7368	0.958122	3.58121
40.885	0.958096	3.58122
41.0331	0.95807	3.58123
41.1812	0.958045	3.58123
41.3294	0.95802	3.58124
41.4775	0.957996	3.58125
41.6256	0.957972	3.58125
41.7737	0.957949	3.58126
41.9219	0.957926	3.58127
42.07	0.957903	3.58127
42.2181	0.957881	3.58128
42.3663	0.95786	3.58129
42.5144	0.957839	3.58129
42.6625	0.957818	3.5813
42.8106	0.957798	3.58131
42.9588	0.957778	3.58131
43.1069	0.957758	3.58132
43.255	0.957739	3.58132
43.4032	0.95772	3.58133
43.5513	0.957702	3.58133
43.6994	0.957684	3.58134
43.8475	0.957666	3.58134
43.9957	0.957649	3.58135
44.1438	0.957632	3.58135
44.2919	0.957615	3.58136
44.4401	0.957599	3.58136
44.5882	0.957583	3.58137
44.7363	0.957567	3.58137
44.8844	0.957552	3.58138
45.0326	0.957537	3.58138
45.1807	0.957522	3.58139
45.3288	0.957507	3.58139
45.477	0.957493	3.5814
45.6251	0.957479	3.5814
45.7732	0.957465	3.5814
45.9213	0.957452	3.58141
46.0695	0.957439	3.58141
46.2176	0.957426	3.58142
46.3657	0.957414	3.58142
46.5139	0.957401	3.58142
46.662	0.957389	3.58143
46.8101	0.957377	3.58143
46.9582	0.957366	3.58143
47.1064	0.957354	3.58144
47.2545	0.957343	3.58144
47.4026	0.957332	3.58144
47.5508	0.957322	3.58145
47.6989	0.957311	3.58145
47.847	0.957301	3.58145
47.9951	0.957291	3.58146
48.1433	0.957281	3.58146
48.2914	0.957271	3.58146
48.4395	0.957262	3.58147
48.5877	0.957253	3.58147
48.7358	0.957244	3.58147
48.8839	0.957235	3.58148
49.032	0.957226	3.58148
49.1802	0.957217	3.58148
49.3283	0.957209	3.58148
49.4764	0.957201	3.58149
49.6246	0.957193	3.58149
49.7727	0.957185	3.58149
49.9208	0.957177	3.58149
50.0689	0.95717	3.5815
50.2171	0.957162	3.5815
50.3652	0.957155	3.5815
50.5133	0.957148	3.5815
50.6615	0.957141	3.58151
50.8096	0.957134	3.58151
50.9577	0.957128	3.58151
51.1058	0.957121	3.58151
51.254	0.957115	3.58152
51.4021	0.957109	3.58152
51.5502	0.957102	3.58152
51.6984	0.957096	3.58152
51.8465	0.957091	3.58152
51.9946	0.957085	3.58153
52.1427	0.957079	3.58153
52.2909	0.957074	3.58153
52.439	0.957068	3.58153
52.5871	0.957063	3.58153
52.7353	0.957058	3.58154
52.8834	0.957053	3.58154
53.0315	0.957048	3.58154
53.1796	0.957043	3.58154
53.3278	0.957038	3.58154
53.4759	0.957034	3.58154
53.624	0.957029	3.58155
53.7722	0.957025	3.58155
53.9203	0.95702	3.58155
54.0684	0.957016	3.58155
54.2165	0.957012	3.58155
54.3647	0.957008	3.58155
54.5128	0.957004	3.58156
54.6609	0.957	3.58156
54.8091	0.956996	3.58156
54.9572	0.956992	3.58156
55.1053	0.956989	3.58156
55.2535	0.956985	3.58156
55.4016	0.956982	3.58156
55.5497	0.956978	3.58157
55.6978	0.956975	3.58157
55.846	0.956972	3.58157
55.9941	0.956969	3.58157
56.1422	0.956965	3.58157
56.2904	0.956962	3.58157
56.4385	0.956959	3.58157
56.5866	0.956956	3.58158
56.7347	0.956954	3.58158
56.8829	0.956951	3.58158
57.031	0.956948	3.58158
57.1791	0.956945	3.58158
57.3273	0.956943	3.58158
57.4754	0.95694	3.58158
57.6235	0.956938	3.58158
57.7716	0.956935	3.58158
57.9198	0.956933	3.58159
58.0679	0.956931	3.58159
58.216	0.956928	3.58159
58.3642	0.956926	3.58159
58.5123	0.956924	3.58159
58.6604	0.956922	3.58159
58.8085	0.95692	3.58159
58.9567	0.956918	3.58159
59.1048	0.956916	3.58159
59.2529	0.956914	3.5816
59.4011	0.956912	3.5816
59.5492	0.95691	3.5816
59.6973	0.956908	3.5816
59.8454	0.956907	3.5816
59.9936	0.956905	3.5816
60.1417	0.956903	3.5816
60.2898	0.956902	3.5816
60.438	0.9569	3.5816
60.5861	0.956899	3.5816
60.7342	0.956897	3.5816
60.8823	0.956896	3.58161
61.0305	0.956894	3.58161
61.1786	0.956893	3.58161
61.3267	0.956891	3.58161
61.4749	0.95689	3.58161
61.623	0.956889	3.58161
61.7711	0.956887	3.58161
61.9192	0.956886	3.58161
62.0674	0.956885	3.58161
62.2155	0.956884	3.58161
62.3636	0.956883	3.58161
62.5118	0.956882	3.58161
62.6599	0.95688	3.58162
62.808	0.956879	3.58162
62.9561	0.956878	3.58162
63.1043	0.956877	3.58162
63.2524	0.956876	3.58162
63.4005	0.956875	3.58162
63.5487	0.956875	3.58162
63.6968	0.956874	3.58162
63.8449	0.956873	3.58162
63.993	0.956872	3.58162
64.1412	0.956871	3.58162
64.2893	0.95687	3.58162
64.4374	0.95687	3.58162
64.5856	0.956869	3.58162
64.7337	0.956868	3.58163
64.8818	0.956867	3.58163
65.0299	0.956867	3.58163
65.1781	0.956866	3.58163
65.3262	0.956865	3.58163
65.4743	0.956865	3.58163
65.6225	0.956864	3.58163
65.7706	0.956864	3.58163
65.9187	0.956863	3.58163
66.0668	0.956862	3.58163
66.215	0.956862	3.58163
66.3631	0.956861	3.58163
66.5112	0.956861	3.58163
66.6594	0.95686	3.58163
66.8075	0.95686	3.58163
66.9556	0.956859	3.58163
67.1037	0.956859	3.58164
67.2519	0.956859	3.58164
67.4	0.956858	3.58164
67.5481	0.956858	3.58164
67.6963	0.956857	3.58164
67.8444	0.956857	3.58164
67.9925	0.956857	3.58164
68.1406	0.956856	3.58164
68.2888	0.956856	3.58164
68.4369	0.956856	3.58164
68.585	0.956855	3.58164
68.7332	0.956855	3.58164
68.8813	0.956855	3.58164
69.0294	0.956855	3.58164
69.1775	0.956854	3.58164
69.3257	0.956854	3.58164
69.4738	0.956854	3.58164
69.6219	0.956854	3.58164
69.7701	0.956853	3.58165
69.9182	0.956853	3.58165
70.0663	0.956853	3.58165
70.2144	0.956853	3.58165
70.3626	0.956853	3.58165
70.5107	0.956853	3.58165
70.6588	0.956852	3.58165
70.807	0.956852	3.58165
70.9551	0.956852	3.58165
71.1032	0.956852	3.58165
71.2513	0.956852	3.58165
71.3995	0.956852	3.58165
71.5476	0.956852	3.58165
71.6957	0.956852	3.58165
71.8439	0.956852	3.58165
71.992	0.956852	3.58165
72.1401	0.956851	3.58165
72.2882	0.956851	3.58165
72.4364	0.956851	3.58165
72.5845	0.956851	3.58165
72.7326	0.956851	3.58165
72.8808	0.956851	3.58166
73.0289	0.956851	3.58166
73.177	0.956851	3.58166
73.3251	0.956851	3.58166
73.4733	0.956851	3.58166
73.6214	0.956851	3.58166
73.7695	0.956851	3.58166
73.9177	0.956851	3.58166
74.0658	0.956851	3.58166
74.2139	0.956851	3.58166
74.362	0.956851	3.58166
74.5102	0.956851	3.58166
74.6583	0.956851	3.58166
74.8064	0.956851	3.58166
74.9546	0.956852	3.58166
75.1027	0.956852	3.58166
75.2508	0.956852	3.58166
75.3989	0.956852	3.58166
75.5471	0.956852	3.58166
75.6952	0.956852	3.58166
75.8433	0.956852	3.58166
75.9915	0.956852	3.58166
76.1396	0.956852	3.58167
76.2877	0.956852	3.58167
76.4358	0.956852	3.58167
76.584	0.956852	3.58167
76.7321	0.956853	3.58167
76.8802	0.956853	3.58167
77.0284	0.956853	3.58167
77.1765	0.956853	3.58167
77.3246	0.956853	3.58167
77.4727	0.956853	3.58167
77.6209	0.956853	3.58167
77.769	0.956853	3.58167
77.9171	0.956854	3.58167
78.0653	0.956854	3.58167
78.2134	0.956854	3.58167
78.3615	0.956854	3.58167
78.5096	0.956854	3.58167
78.6578	0.956854	3.58167
78.8059	0.956854	3.58167
78.954	0.956855	3.58167
79.1022	0.956855	3.58167
79.2503	0.956855	3.58167
79.3984	0.956855	3.58167
79.5465	0.956855	3.58167
79.6947	0.956855	3.58168
79.8428	0.956856	3.58168
79.9909	0.956856	3.58168
80.1391	0.956856	3.58168
80.2872	0.956856	3.58168
80.4353	0.956856	3.58168
80.5834	0.956856	3.58168
80.7316	0.956857	3.58168
80.8797	0.956857	3.58168
81.0278	0.956857	3.58168
81.176	0.956857	3.58168
81.3241	0.956857	3.58168
81.4722	0.956858	3.58168
81.6203	0.956858	3.58168
81.7685	0.956858	3.58168
81.9166	0.956858	3.58168
82.0647	0.956858	3.58168
82.2129	0.956859	3.58168
82.361	0.956859	3.58168
82.5091	0.956859	3.58168
82.6572	0.956859	3.58168
82.8054	0.956859	3.58168
82.9535	0.95686	3.58168
83.1016	0.95686	3.58168
83.2498	0.95686	3.58168
83.3979	0.95686	3.58169
83.546	0.95686	3.58169
83.6941	0.956861	3.58169
83.8423	0.956861	3.58169
83.9904	0.956861	3.58169
84.1385	0.956861	3.58169
84.2867	0.956862	3.58169
84.4348	0.956862	3.58169
84.5829	0.956862	3.58169
84.731	0.956862	3.58169
84.8792	0.956862	3.58169
85.0273	0.956863	3.58169
85.1754	0.956863	3.58169
85.3236	0.956863	3.58169
85.4717	0.956863	3.58169
85.6198	0.956864	3.58169
85.7679	0.956864	3.58169
85.9161	0.956864	3.58169
86.0642	0.956864	3.58169
86.2123	0.956864	3.58169
86.3605	0.956865	3.58169
86.5086	0.956865	3.58169
86.6567	0.956865	3.58169
86.8048	0.956865	3.58169
86.953	0.956866	3.58169
87.1011	0.956866	3.5817
87.2492	0.956866	3.5817
87.3974	0.956866	3.5817
87.5455	0.956867	3.5817
87.6936	0.956867	3.5817
87.8417	0.956867	3.5817
87.9899	0.956867	3.5817
88.138	0.956867	3.5817
88.2861	0.956868	3.5817
88.4343	0.956868	3.5817
88.5824	0.956868	3.5817
88.7305	0.956868	3.5817
88.8786	0.956869	3.5817
89.0268	0.956869	3.5817
89.1749	0.956869	3.5817
89.323	0.956869	3.5817
89.4712	0.95687	3.5817
89.6193	0.95687	3.5817
89.7674	0.95687	3.5817
89.9155	0.95687	3.5817
90.0637	0.956871	3.5817
90.2118	0.956871	3.5817
90.3599	0.956871	3.5817
90.5081	0.956871	3.5817
90.6562	0.956871	3.5817
90.8043	0.956872	3.5817
90.9524	0.956872	3.5817
91.1006	0.956872	3.58171
91.2487	0.956872	3.58171
91.3968	0.956873	3.58171
91.545	0.956873	3.58171
91.6931	0.956873	3.58171
91.8412	0.956873	3.58171
91.9893	0.956874	3.58171
92.1375	0.956874	3.58171
92.2856	0.956874	3.58171
92.4337	0.956874	3.58171
92.5819	0.956875	3.58171
92.73	0.956875	3.58171
92.8781	0.956875	3.58171
93.0262	0.956875	3.58171
93.1744	0.956876	3.58171
93.3225	0.956876	3.58171
93.4706	0.956876	3.58171
93.6188	0.956876	3.58171
93.7669	0.956877	3.58171
93.915	0.956877	3.58171
94.0631	0.956877	3.58171
94.2113	0.956877	3.58171
94.3594	0.956877	3.58171
94.5075	0.956878	3.58171
94.6557	0.956878	3.58171
94.8038	0.956878	3.58171
94.9519	0.956878	3.58172
95.1	0.956879	3.58172
95.2482	0.956879	3.58172
95.3963	0.956879	3.58172
95.5444	0.956879	3.58172
95.6926	0.95688	3.58172
95.8407	0.95688	3.58172
95.9888	0.95688	3.58172
96.1369	0.95688	3.58172
96.2851	0.956881	3.58172
96.4332	0.956881	3.58172
96.5813	0.956881	3.58172
96.7295	0.956881	3.58172
96.8776	0.956882	3.58172
97.0257	0.956882	3.58172
97.1738	0.956882	3.58172
97.322	0.956882	3.58172
97.4701	0.956882	3.58172
97.6182	0.956883	3.58172
97.7664	0.956883	3.58172
97.9145	0.956883	3.58172
98.0626	0.956883	3.58172
98.2107	0.956884	3.58172
98.3589	0.956884	3.58172
98.507	0.956884	3.58172
98.6551	0.956884	3.58172
98.8033	0.956885	3.58172
98.9514	0.956885	3.58173
99.0995	0.956885	3.58173
99.2476	0.956885	3.58173
99.3958	0.956885	3.58173
99.5439	0.956886	3.58173
99.692	0.956886	3.58173
99.8402	0.956886	3.58173
99.9883	0.956886	3.58173
100.136	0.956887	3.58173
100.285	0.956887	3.58173
100.433	0.956887	3.58173
100.581	0.956887	3.58173
100.729	0.956888	3.58173
100.877	0.956888	3.58173
101.025	0.956888	3.58173
101.173	0.956888	3.58173
101.321	0.956888	3.58173
101.47	0.956889	3.58173
101.618	0.956889	3.58173
101.766	0.956889	3.58173
101.914	0.956889	3.58173
102.062	0.95689	3.58173
102.21	0.95689	3.58173
102.358	0.95689	3.58173
102.506	0.95689	3.58173
102.655	0.956891	3.58173
102.803	0.956891	3.58173
102.951	0.956891	3.58174
103.099	0.956891	3.58174
103.247	0.956891	3.58174
103.395	0.956892	3.58174
103.543	0.956892	3.58174
103.692	0.956892	3.58174
103.84	0.956892	3.58174
103.988	0.956893	3.58174
104.136	0.956893	3.58174
104.284	0.956893	3.58174
104.432	0.956893	3.58174
104.58	0.956893	3.58174
104.728	0.956894	3.58174
104.877	0.956894	3.58174
105.025	0.956894	3.58174
105.173	0.956894	3.58174
105.321	0.956895	3.58174
105.469	0.956895	3.58174
105.617	0.956895	3.58174
105.765	0.956895	3.58174
105.913	0.956895	3.58174
106.062	0.956896	3.58174
106.21	0.956896	3.58174
106.358	0.956896	3.58174
106.506	0.956896	3.58174
106.654	0.956897	3.58174
106.802	0.956897	3.58174
106.95	0.956897	3.58175
107.098	0.956897	3.58175
107.247	0.956897	3.58175
107.395	0.956898	3.58175
107.543	0.956898	3.58175
107.691	0.956898	3.58175
107.839	0.956898	3.58175
107.987	0.956898	3.58175
108.135	0.956899	3.58175
108.283	0.956899	3.58175
108.432	0.956899	3.58175
108.58	0.956899	3.58175
108.728	0.9569	3.58175
108.876	0.9569	3.58175
109.024	0.9569	3.58175
109.172	0.9569	3.58175
109.32	0.9569	3.58175
109.469	0.956901	3.58175
109.617	0.956901	3.58175
109.765	0.956901	3.58175
109.913	0.956901	3.58175
110.061	0.956901	3.58175
110.209	0.956902	3.58175
110.357	0.956902	3.58175
110.505	0.956902	3.58175
110.654	0.956902	3.58175
110.802	0.956902	3.58175
110.95	0.956903	3.58176
111.098	0.956903	3.58176
111.246	0.956903	3.58176
111.394	0.956903	3.58176
111.542	0.956903	3.58176
111.69	0.956904	3.58176
111.839	0.956904	3.58176
111.987	0.956904	3.58176
112.135	0.956904	3.58176
112.283	0.956905	3.58176
112.431	0.956905	3.58176
112.579	0.956905	3.58176
112.727	0.956905	3.58176
112.875	0.956905	3.58176
113.024	0.956906	3.58176
113.172	0.956906	3.58176
113.32	0.956906	3.58176
113.468	0.956906	3.58176
113.616	0.956906	3.58176
113.764	0.956907	3.58176
113.912	0.956907	3.58176
114.061	0.956907	3.58176
114.209	0.956907	3.58176
114.357	0.956907	3.58176
114.505	0.956908	3.58176
114.653	0.956908	3.58176
114.801	0.956908	3.58176
114.949	0.956908	3.58177
115.097	0.956908	3.58177
115.246	0.956909	3.58177
115.394	0.956909	3.58177
115.542	0.956909	3.58177
115.69	0.956909	3.58177
115.838	0.956909	3.58177
115.986	0.95691	3.58177
116.134	0.95691	3.58177
116.282	0.95691	3.58177
116.431	0.95691	3.58177
116.579	0.95691	3.58177
116.727	0.956911	3.58177
116.875	0.956911	3.58177
117.023	0.956911	3.58177
117.171	0.956911	3.58177
117.319	0.956911	3.58177
117.467	0.956911	3.58177
117.616	0.956912	3.58177
117.764	0.956912	3.58177
117.912	0.956912	3.58177
118.06	0.956912	3.58177
118.208	0.956912	3.58177
118.356	0.956913	3.58177
118.504	0.956913	3.58177
118.652	0.956913	3.58177
118.801	0.956913	3.58177
118.949	0.956913	3.58178
119.097	0.956914	3.58178
119.245	0.956914	3.58178
119.393	0.956914	3.58178
119.541	0.956914	3.58178
119.689	0.956914	3.58178
119.838	0.956915	3.58178
119.986	0.956915	3.58178
120.134	0.956915	3.58178
120.282	0.956915	3.58178
120.43	0.956915	3.58178
120.578	0.956915	3.58178
120.726	0.956916	3.58178
120.874	0.956916	3.58178
121.023	0.956916	3.58178
121.171	0.956916	3.58178
121.319	0.956916	3.58178
121.467	0.956917	3.58178
121.615	0.956917	3.58178
121.763	0.956917	3.58178
121.911	0.956917	3.58178
122.059	0.956917	3.58178
122.208	0.956918	3.58178
122.356	0.956918	3.58178
122.504	0.956918	3.58178
122.652	0.956918	3.58178
122.8	0.956918	3.58178
122.948	0.956918	3.58179
123.096	0.956919	3.58179
123.244	0.956919	3.58179
123.393	0.956919	3.58179
123.541	0.956919	3.58179
123.689	0.956919	3.58179
123.837	0.95692	3.58179
123.985	0.95692	3.58179
124.133	0.95692	3.58179
124.281	0.95692	3.58179
124.43	0.95692	3.58179
124.578	0.95692	3.58179
124.726	0.956921	3.58179
124.874	0.956921	3.58179
125.022	0.956921	3.58179
125.17	0.956921	3.58179
125.318	0.956921	3.58179
125.466	0.956922	3.58179
125.615	0.956922	3.58179
125.763	0.956922	3.58179
125.911	0.956922	3.58179
126.059	0.956922	3.58179
126.207	0.956922	3.58179
126.355	0.956923	3.58179
126.503	0.956923	3.58179
126.651	0.956923	3.58179
126.8	0.956923	3.58179
126.948	0.956923	3.5818
127.096	0.956923	3.5818
127.244	0.956924	3.5818
127.392	0.956924	3.5818
127.54	0.956924	3.5818
127.688	0.956924	3.5818
127.836	0.956924	3.5818
127.985	0.956924	3.5818
128.133	0.956925	3.5818
128.281	0.956925	3.5818
128.429	0.956925	3.5818
128.577	0.956925	3.5818
128.725	0.956925	3.5818
128.873	0.956926	3.5818
129.021	0.956926	3.5818
129.17	0.956926	3.5818
129.318	0.956926	3.5818
129.466	0.956926	3.5818
129.614	0.956926	3.5818
129.762	0.956927	3.5818
129.91	0.956927	3.5818
130.058	0.956927	3.5818
130.207	0.956927	3.5818
130.355	0.956927	3.5818
130.503	0.956927	3.5818
130.651	0.956928	3.5818
130.799	0.956928	3.5818
130.947	0.956928	3.58181
131.095	0.956928	3.58181
131.243	0.956928	3.58181
131.392	0.956928	3.58181
131.54	0.956929	3.58181
131.688	0.956929	3.58181
131.836	0.956929	3.58181
131.984	0.956929	3.58181
132.132	0.956929	3.58181
132.28	0.956929	3.58181
132.428	0.95693	3.58181
132.577	0.95693	3.58181
132.725	0.95693	3.58181
132.873	0.95693	3.58181
133.021	0.95693	3.58181
133.169	0.95693	3.58181
133.317	0.956931	3.58181
133.465	0.956931	3.58181
133.613	0.956931	3.58181
133.762	0.956931	3.58181
133.91	0.956931	3.58181
134.058	0.956931	3.58181
134.206	0.956932	3.58181
134.354	0.956932	3.58181
134.502	0.956932	3.58181
134.65	0.956932	3.58181
134.799	0.956932	3.58181
134.947	0.956932	3.58182
135.095	0.956933	3.58182
135.243	0.956933	3.58182
135.391	0.956933	3.58182
135.539	0.956933	3.58182
135.687	0.956933	3.58182
135.835	0.956933	3.58182
135.984	0.956934	3.58182
136.132	0.956934	3.58182
136.28	0.956934	3.58182
136.428	0.956934	3.58182
136.576	0.956934	3.58182
136.724	0.956934	3.58182
136.872	0.956934	3.58182
137.02	0.956935	3.58182
137.169	0.956935	3.58182
137.317	0.956935	3.58182
137.465	0.956935	3.58182
137.613	0.956935	3.58182
137.761	0.956935	3.58182
137.909	0.956936	3.58182
138.057	0.956936	3.58182
138.205	0.956936	3.58182
138.354	0.956936	3.58182
138.502	0.956936	3.58182
138.65	0.956936	3.58182
138.798	0.956937	3.58182
138.946	0.956937	3.58183
139.094	0.956937	3.58183
139.242	0.956937	3.58183
139.39	0.956937	3.58183
139.539	0.956937	3.58183
139.687	0.956937	3.58183
139.835	0.956938	3.58183
139.983	0.956938	3.58183
140.131	0.956938	3.58183
140.279	0.956938	3.58183
140.427	0.956938	3.58183
140.576	0.956938	3.58183
140.724	0.956939	3.58183
140.872	0.956939	3.58183
141.02	0.956939	3.58183
141.168	0.956939	3.58183
141.316	0.956939	3.58183
141.464	0.956939	3.58183
141.612	0.956939	3.58183
141.761	0.95694	3.58183
141.909	0.95694	3.58183
142.057	0.95694	3.58183
142.205	0.95694	3.58183
142.353	0.95694	3.58183
142.501	0.95694	3.58183
142.649	0.956941	3.58183
142.797	0.956941	3.58183
142.946	0.956941	3.58184
143.094	0.956941	3.58184
143.242	0.956941	3.58184
143.39	0.956941	3.58184
143.538	0.956941	3.58184
143.686	0.956942	3.58184
143.834	0.956942	3.58184
143.982	0.956942	3.58184
144.131	0.956942	3.58184
144.279	0.956942	3.58184
144.427	0.956942	3.58184
144.575	0.956942	3.58184
144.723	0.956943	3.58184
144.871	0.956943	3.58184
145.019	0.956943	3.58184
145.168	0.956943	3.58184
145.316	0.956943	3.58184
145.464	0.956943	3.58184
145.612	0.956944	3.58184
145.76	0.956944	3.58184
145.908	0.956944	3.58184
146.056	0.956944	3.58184
146.204	0.956944	3.58184
146.353	0.956944	3.58184
146.501	0.956944	3.58184
146.649	0.956945	3.58184
146.797	0.956945	3.58185
146.945	0.956945	3.58185
147.093	0.956945	3.58185
147.241	0.956945	3.58185
147.389	0.956945	3.58185
147.538	0.956945	3.58185
147.686	0.956946	3.58185
147.834	0.956946	3.58185
147.982	0.956946	3.58185
148.13	0.956946	3.58185
148.278	0.956946	3.58185
148.426	0.956946	3.58185
148.574	0.956946	3.58185
148.723	0.956947	3.58185
148.871	0.956947	3.58185
149.019	0.956947	3.58185
149.167	0.956947	3.58185
149.315	0.956947	3.58185
149.463	0.956947	3.58185
149.611	0.956947	3.58185
149.759	0.956948	3.58185
149.908	0.956948	3.58185
150.056	0.956948	3.58185
150.204	0.956948	3.58185
150.352	0.956948	3.58185
150.5	0.956948	3.58185
150.648	0.956948	3.58185
150.796	0.956949	3.58186
150.945	0.956949	3.58186
151.093	0.956949	3.58186
151.241	0.956949	3.58186
151.389	0.956949	3.58186
151.537	0.956949	3.58186
151.685	0.956949	3.58186
151.833	0.95695	3.58186
151.981	0.95695	3.58186
152.13	0.95695	3.58186
152.278	0.95695	3.58186
152.426	0.95695	3.58186
152.574	0.95695	3.58186
152.722	0.95695	3.58186
152.87	0.956951	3.58186
153.018	0.956951	3.58186
153.166	0.956951	3.58186
153.315	0.956951	3.58186
153.463	0.956951	3.58186
153.611	0.956951	3.58186
153.759	0.956951	3.58186
153.907	0.956952	3.58186
154.055	0.956952	3.58186
154.203	0.956952	3.58186
154.351	0.956952	3.58186
154.5	0.956952	3.58186
154.648	0.956952	3.58186
154.796	0.956952	3.58187
154.944	0.956952	3.58187
155.092	0.956953	3.58187
155.24	0.956953	3.58187
155.388	0.956953	3.58187
155.537	0.956953	3.58187
155.685	0.956953	3.58187
155.833	0.956953	3.58187
155.981	0.956953	3.58187
156.129	0.956954	3.58187
156.277	0.956954	3.58187
156.425	0.956954	3.58187
156.573	0.956954	3.58187
156.722	0.956954	3.58187
156.87	0.956954	3.58187
157.018	0.956954	3.58187
157.166	0.956955	3.58187
157.314	0.956955	3.58187
157.462	0.956955	3.58187
157.61	0.956955	3.58187
157.758	0.956955	3.58187
157.907	0.956955	3.58187
158.055	0.956955	3.58187
158.203	0.956955	3.58187
158.351	0.956956	3.58187
158.499	0.956956	3.58187
158.647	0.956956	3.58187
158.795	0.956956	3.58188
158.943	0.956956	3.58188
159.092	0.956956	3.58188
159.24	0.956956	3.58188
159.388	0.956957	3.58188
159.536	0.956957	3.58188
159.684	0.956957	3.58188
159.832	0.956957	3.58188
159.98	0.956957	3.58188
160.129	0.956957	3.58188
160.277	0.956957	3.58188
160.425	0.956957	3.58188
160.573	0.956958	3.58188
160.721	0.956958	3.58188
160.869	0.956958	3.58188
161.017	0.956958	3.58188
161.165	0.956958	3.58188
161.314	0.956958	3.58188
161.462	0.956958	3.58188
161.61	0.956959	3.58188
161.758	0.956959	3.58188
161.906	0.956959	3.58188
162.054	0.956959	3.58188
162.202	0.956959	3.58188
162.35	0.956959	3.58188
162.499	0.956959	3.58188
162.647	0.956959	3.58188
162.795	0.95696	3.58189
162.943	0.95696	3.58189
163.091	0.95696	3.58189
163.239	0.95696	3.58189
163.387	0.95696	3.58189
163.535	0.95696	3.58189
163.684	0.95696	3.58189
163.832	0.95696	3.58189
163.98	0.956961	3.58189
164.128	0.956961	3.58189
164.276	0.956961	3.58189
164.424	0.956961	3.58189
164.572	0.956961	3.58189
164.72	0.956961	3.58189
164.869	0.956961	3.58189
165.017	0.956962	3.58189
165.165	0.956962	3.58189
165.313	0.956962	3.58189
165.461	0.956962	3.58189
165.609	0.956962	3.58189
165.757	0.956962	3.58189
165.906	0.956962	3.58189
166.054	0.956962	3.58189
166.202	0.956963	3.58189
166.35	0.956963	3.58189
166.498	0.956963	3.58189
166.646	0.956963	3.58189
166.794	0.956963	3.5819
166.942	0.956963	3.5819
167.091	0.956963	3.5819
167.239	0.956963	3.5819
167.387	0.956964	3.5819
167.535	0.956964	3.5819
167.683	0.956964	3.5819
167.831	0.956964	3.5819
167.979	0.956964	3.5819
168.127	0.956964	3.5819
168.276	0.956964	3.5819
168.424	0.956964	3.5819
168.572	0.956965	3.5819
168.72	0.956965	3.5819
168.868	0.956965	3.5819
169.016	0.956965	3.5819
169.164	0.956965	3.5819
169.312	0.956965	3.5819
169.461	0.956965	3.5819
169.609	0.956965	3.5819
169.757	0.956966	3.5819
169.905	0.956966	3.5819
170.053	0.956966	3.5819
170.201	0.956966	3.5819
170.349	0.956966	3.5819
170.498	0.956966	3.5819
170.646	0.956966	3.5819
170.794	0.956966	3.58191
170.942	0.956967	3.58191
171.09	0.956967	3.58191
171.238	0.956967	3.58191
171.386	0.956967	3.58191
171.534	0.956967	3.58191
171.683	0.956967	3.58191
171.831	0.956967	3.58191
171.979	0.956967	3.58191
172.127	0.956968	3.58191
172.275	0.956968	3.58191
172.423	0.956968	3.58191
172.571	0.956968	3.58191
172.719	0.956968	3.58191
172.868	0.956968	3.58191
173.016	0.956968	3.58191
173.164	0.956968	3.58191
173.312	0.956969	3.58191
173.46	0.956969	3.58191
173.608	0.956969	3.58191
173.756	0.956969	3.58191
173.904	0.956969	3.58191
174.053	0.956969	3.58191
174.201	0.956969	3.58191
174.349	0.956969	3.58191
174.497	0.956969	3.58191
174.645	0.95697	3.58191
174.793	0.95697	3.58192
174.941	0.95697	3.58192
175.089	0.95697	3.58192
175.238	0.95697	3.58192
175.386	0.95697	3.58192
175.534	0.95697	3.58192
175.682	0.95697	3.58192
175.83	0.956971	3.58192
175.978	0.956971	3.58192
176.126	0.956971	3.58192
176.275	0.956971	3.58192
176.423	0.956971	3.58192
176.571	0.956971	3.58192
176.719	0.956971	3.58192
176.867	0.956971	3.58192
177.015	0.956972	3.58192
177.163	0.956972	3.58192
177.311	0.956972	3.58192
177.46	0.956972	3.58192
177.608	0.956972	3.58192
177.756	0.956972	3.58192
177.904	0.956972	3.58192
178.052	0.956972	3.58192
178.2	0.956972	3.58192
178.348	0.956973	3.58192
178.496	0.956973	3.58192
178.645	0.956973	3.58192
178.793	0.956973	3.58193
178.941	0.956973	3.58193
179.089	0.956973	3.58193
179.237	0.956973	3.58193
179.385	0.956973	3.58193
179.533	0.956974	3.58193
179.681	0.956974	3.58193
179.83	0.956974	3.58193
179.978	0.956974	3.58193
180.126	0.956974	3.58193
180.274	0.956974	3.58193
180.422	0.956974	3.58193
180.57	0.956974	3.58193
180.718	0.956975	3.58193
180.867	0.956975	3.58193
181.015	0.956975	3.58193
181.163	0.956975	3.58193
181.311	0.956975	3.58193
181.459	0.956975	3.58193
181.607	0.956975	3.58193
181.755	0.956975	3.58193
181.903	0.956975	3.58193
182.052	0.956976	3.58193
182.2	0.956976	3.58193
182.348	0.956976	3.58193
182.496	0.956976	3.58193
182.644	0.956976	3.58194
182.792	0.956976	3.58194
182.94	0.956976	3.58194
183.088	0.956976	3.58194
183.237	0.956976	3.58194
183.385	0.956977	3.58194
183.533	0.956977	3.58194
183.681	0.956977	3.58194
183.829	0.956977	3.58194
183.977	0.956977	3.58194
184.125	0.956977	3.58194
184.273	0.956977	3.58194
184.422	0.956977	3.58194
184.57	0.956978	3.58194
184.718	0.956978	3.58194
184.866	0.956978	3.58194
185.014	0.956978	3.58194
185.162	0.956978	3.58194
185.31	0.956978	3.58194
185.458	0.956978	3.58194
185.607	0.956978	3.58194
185.755	0.956978	3.58194
185.903	0.956979	3.58194
186.051	0.956979	3.58194
186.199	0.956979	3.58194
186.347	0.956979	3.58194
186.495	0.956979	3.58194
186.644	0.956979	3.58195
186.792	0.956979	3.58195
186.94	0.956979	3.58195
187.088	0.956979	3.58195
187.236	0.95698	3.58195
187.384	0.95698	3.58195
187.532	0.95698	3.58195
187.68	0.95698	3.58195
187.829	0.95698	3.58195
187.977	0.95698	3.58195
188.125	0.95698	3.58195
188.273	0.95698	3.58195
188.421	0.956981	3.58195
188.569	0.956981	3.58195
188.717	0.956981	3.58195
188.865	0.956981	3.58195
189.014	0.956981	3.58195
189.162	0.956981	3.58195
189.31	0.956981	3.58195
189.458	0.956981	3.58195
189.606	0.956981	3.58195
189.754	0.956982	3.58195
189.902	0.956982	3.58195
190.05	0.956982	3.58195
190.199	0.956982	3.58195
190.347	0.956982	3.58195
190.495	0.956982	3.58195
190.643	0.956982	3.58196
190.791	0.956982	3.58196
190.939	0.956982	3.58196
191.087	0.956983	3.58196
191.236	0.956983	3.58196
191.384	0.956983	3.58196
191.532	0.956983	3.58196
191.68	0.956983	3.58196
191.828	0.956983	3.58196
191.976	0.956983	3.58196
192.124	0.956983	3.58196
192.272	0.956983	3.58196
192.421	0.956984	3.58196
192.569	0.956984	3.58196
192.717	0.956984	3.58196
192.865	0.956984	3.58196
193.013	0.956984	3.58196
193.161	0.956984	3.58196
193.309	0.956984	3.58196
193.457	0.956984	3.58196
193.606	0.956984	3.58196
193.754	0.956985	3.58196
193.902	0.956985	3.58196
194.05	0.956985	3.58196
194.198	0.956985	3.58196
194.346	0.956985	3.58196
194.494	0.956985	3.58196
194.642	0.956985	3.58197
194.791	0.956985	3.58197
194.939	0.956985	3.58197
195.087	0.956986	3.58197
195.235	0.956986	3.58197
195.383	0.956986	3.58197
195.531	0.956986	3.58197
195.679	0.956986	3.58197
195.827	0.956986	3.58197
195.976	0.956986	3.58197
196.124	0.956986	3.58197
196.272	0.956986	3.58197
196.42	0.956987	3.58197
196.568	0.956987	3.58197
196.716	0.956987	3.58197
196.864	0.956987	3.58197
197.013	0.956987	3.58197
197.161	0.956987	3.58197
197.309	0.956987	3.58197
197.457	0.956987	3.58197
197.605	0.956987	3.58197
197.753	0.956988	3.58197
197.901	0.956988	3.58197
198.049	0.956988	3.58197
198.198	0.956988	3.58197
198.346	0.956988	3.58197
198.494	0.956988	3.58197
198.642	0.956988	3.58198
198.79	0.956988	3.58198
198.938	0.956988	3.58198
199.086	0.956989	3.58198
199.234	0.956989	3.58198
199.383	0.956989	3.58198
199.531	0.956989	3.58198
199.679	0.956989	3.58198
199.827	0.956989	3.58198
199.975	0.956989	3.58198
200.123	0.956989	3.58198
200.271	0.956989	3.58198
200.419	0.956989	3.58198
200.568	0.95699	3.58198
200.716	0.95699	3.58198
200.864	0.95699	3.58198
201.012	0.95699	3.58198
201.16	0.95699	3.58198
201.308	0.95699	3.58198
201.456	0.95699	3.58198
201.605	0.95699	3.58198
201.753	0.95699	3.58198
201.901	0.956991	3.58198
202.049	0.956991	3.58198
202.197	0.956991	3.58198
202.345	0.956991	3.58198
202.493	0.956991	3.58198
202.641	0.956991	3.58199
202.79	0.956991	3.58199
202.938	0.956991	3.58199
203.086	0.956991	3.58199
203.234	0.956992	3.58199
203.382	0.956992	3.58199
203.53	0.956992	3.58199
203.678	0.956992	3.58199
203.826	0.956992	3.58199
203.975	0.956992	3.58199
204.123	0.956992	3.58199
204.271	0.956992	3.58199
204.419	0.956992	3.58199
204.567	0.956992	3.58199
204.715	0.956993	3.58199
204.863	0.956993	3.58199
205.011	0.956993	3.58199
205.16	0.956993	3.58199
205.308	0.956993	3.58199
205.456	0.956993	3.58199
205.604	0.956993	3.58199
205.752	0.956993	3.58199
205.9	0.956993	3.58199
206.048	0.956994	3.58199
206.196	0.956994	3.58199
206.345	0.956994	3.58199
206.493	0.956994	3.58199
206.641	0.956994	3.582
206.789	0.956994	3.582
206.937	0.956994	3.582
207.085	0.956994	3.582
207.233	0.956994	3.582
207.382	0.956995	3.582
207.53	0.956995	3.582
207.678	0.956995	3.582
207.826	0.956995	3.582
207.974	0.956995	3.582
208.122	0.956995	3.582
208.27	0.956995	3.582
208.418	0.956995	3.582
208.567	0.956995	3.582
208.715	0.956995	3.582
208.863	0.956996	3.582
209.011	0.956996	3.582
209.159	0.956996	3.582
209.307	0.956996	3.582
209.455	0.956996	3.582
209.603	0.956996	3.582
209.752	0.956996	3.582
209.9	0.956996	3.582
210.048	0.956996	3.582
210.196	0.956997	3.582
210.344	0.956997	3.582
210.492	0.956997	3.58201
210.64	0.956997	3.58201
210.788	0.956997	3.58201
210.937	0.956997	3.58201
211.085	0.956997	3.58201
211.233	0.956997	3.58201
211.381	0.956997	3.58201
211.529	0.956997	3.58201
211.677	0.956998	3.58201
211.825	0.956998	3.58201
211.974	0.956998	3.58201
212.122	0.956998	3.58201
212.27	0.956998	3.58201
212.418	0.956998	3.58201
212.566	0.956998	3.58201
212.714	0.956998	3.58201
212.862	0.956998	3.58201
213.01	0.956999	3.58201
213.159	0.956999	3.58201
213.307	0.956999	3.58201
213.455	0.956999	3.58201
213.603	0.956999	3.58201
213.751	0.956999	3.58201
213.899	0.956999	3.58201
214.047	0.956999	3.58201
214.195	0.956999	3.58201
214.344	0.956999	3.58201
214.492	0.957	3.58202
214.64	0.957	3.58202
214.788	0.957	3.58202
214.936	0.957	3.58202
215.084	0.957	3.58202
215.232	0.957	3.58202
215.38	0.957	3.58202
215.529	0.957	3.58202
215.677	0.957	3.58202
215.825	0.957	3.58202
215.973	0.957001	3.58202
216.121	0.957001	3.58202
216.269	0.957001	3.58202
216.417	0.957001	3.58202
216.565	0.957001	3.58202
216.714	0.957001	3.58202
216.862	0.957001	3.58202
217.01	0.957001	3.58202
217.158	0.957001	3.58202
217.306	0.957002	3.58202
217.454	0.957002	3.58202
217.602	0.957002	3.58202
217.751	0.957002	3.58202
217.899	0.957002	3.58202
218.047	0.957002	3.58202
218.195	0.957002	3.58202
218.343	0.957002	3.58202
218.491	0.957002	3.58203
218.639	0.957002	3.58203
218.787	0.957003	3.58203
218.936	0.957003	3.58203
219.084	0.957003	3.58203
219.232	0.957003	3.58203
219.38	0.957003	3.58203
219.528	0.957003	3.58203
219.676	0.957003	3.58203
219.824	0.957003	3.58203
219.972	0.957003	3.58203
220.121	0.957003	3.58203
220.269	0.957004	3.58203
220.417	0.957004	3.58203
220.565	0.957004	3.58203
220.713	0.957004	3.58203
220.861	0.957004	3.58203
221.009	0.957004	3.58203
221.157	0.957004	3.58203
221.306	0.957004	3.58203
221.454	0.957004	3.58203
221.602	0.957004	3.58203
221.75	0.957005	3.58203
221.898	0.957005	3.58203
222.046	0.957005	3.58203
222.194	0.957005	3.58203
222.343	0.957005	3.58203
222.491	0.957005	3.58204
222.639	0.957005	3.58204
222.787	0.957005	3.58204
222.935	0.957005	3.58204
223.083	0.957005	3.58204
223.231	0.957006	3.58204
223.379	0.957006	3.58204
223.528	0.957006	3.58204
223.676	0.957006	3.58204
223.824	0.957006	3.58204
223.972	0.957006	3.58204
224.12	0.957006	3.58204
224.268	0.957006	3.58204
224.416	0.957006	3.58204
224.564	0.957007	3.58204
224.713	0.957007	3.58204
224.861	0.957007	3.58204
225.009	0.957007	3.58204
225.157	0.957007	3.58204
225.305	0.957007	3.58204
225.453	0.957007	3.58204
225.601	0.957007	3.58204
225.749	0.957007	3.58204
225.898	0.957007	3.58204
226.046	0.957008	3.58204
226.194	0.957008	3.58204
226.342	0.957008	3.58204
226.49	0.957008	3.58205
226.638	0.957008	3.58205
226.786	0.957008	3.58205
226.935	0.957008	3.58205
227.083	0.957008	3.58205
227.231	0.957008	3.58205
227.379	0.957008	3.58205
227.527	0.957009	3.58205
227.675	0.957009	3.58205
227.823	0.957009	3.58205
227.971	0.957009	3.58205
228.12	0.957009	3.58205
228.268	0.957009	3.58205
228.416	0.957009	3.58205
228.564	0.957009	3.58205
228.712	0.957009	3.58205
228.86	0.957009	3.58205
229.008	0.95701	3.58205
229.156	0.95701	3.58205
229.305	0.95701	3.58205
229.453	0.95701	3.58205
229.601	0.95701	3.58205
229.749	0.95701	3.58205
229.897	0.95701	3.58205
230.045	0.95701	3.58205
230.193	0.95701	3.58205
230.341	0.95701	3.58205
230.49	0.957011	3.58206
230.638	0.957011	3.58206
230.786	0.957011	3.58206
230.934	0.957011	3.58206
231.082	0.957011	3.58206
231.23	0.957011	3.58206
231.378	0.957011	3.58206
231.526	0.957011	3.58206
231.675	0.957011	3.58206
231.823	0.957011	3.58206
231.971	0.957012	3.58206
232.119	0.957012	3.58206
232.267	0.957012	3.58206
232.415	0.957012	3.58206
232.563	0.957012	3.58206
232.712	0.957012	3.58206
232.86	0.957012	3.58206
233.008	0.957012	3.58206
233.156	0.957012	3.58206
233.304	0.957012	3.58206
233.452	0.957013	3.58206
233.6	0.957013	3.58206
233.748	0.957013	3.58206
233.897	0.957013	3.58206
234.045	0.957013	3.58206
234.193	0.957013	3.58206
234.341	0.957013	3.58207
234.489	0.957013	3.58207
234.637	0.957013	3.58207
234.785	0.957013	3.58207
234.933	0.957013	3.58207
235.082	0.957014	3.58207
235.23	0.957014	3.58207
235.378	0.957014	3.58207
235.526	0.957014	3.58207
235.674	0.957014	3.58207
235.822	0.957014	3.58207
235.97	0.957014	3.58207
236.118	0.957014	3.58207
236.267	0.957014	3.58207
236.415	0.957014	3.58207
236.563	0.957015	3.58207
236.711	0.957015	3.58207
236.859	0.957015	3.58207
237.007	0.957015	3.58207
237.155	0.957015	3.58207
237.304	0.957015	3.58207
237.452	0.957015	3.58207
237.6	0.957015	3.58207
237.748	0.957015	3.58207
237.896	0.957015	3.58207
238.044	0.957016	3.58207
238.192	0.957016	3.58207
238.34	0.957016	3.58208
238.489	0.957016	3.58208
238.637	0.957016	3.58208
238.785	0.957016	3.58208
238.933	0.957016	3.58208
239.081	0.957016	3.58208
239.229	0.957016	3.58208
239.377	0.957016	3.58208
239.525	0.957017	3.58208
239.674	0.957017	3.58208
239.822	0.957017	3.58208
239.97	0.957017	3.58208
240.118	0.957017	3.58208
240.266	0.957017	3.58208
240.414	0.957017	3.58208
240.562	0.957017	3.58208
240.71	0.957017	3.58208
240.859	0.957017	3.58208
241.007	0.957018	3.58208
241.155	0.957018	3.58208
241.303	0.957018	3.58208
241.451	0.957018	3.58208
241.599	0.957018	3.58208
241.747	0.957018	3.58208
241.895	0.957018	3.58208
242.044	0.957018	3.58208
242.192	0.957018	3.58208
242.34	0.957018	3.58209
242.488	0.957019	3.58209
242.636	0.957019	3.58209
242.784	0.957019	3.58209
242.932	0.957019	3.58209
243.081	0.957019	3.58209
243.229	0.957019	3.58209
243.377	0.957019	3.58209
243.525	0.957019	3.58209
243.673	0.957019	3.58209
243.821	0.957019	3.58209
243.969	0.957019	3.58209
244.117	0.95702	3.58209
244.266	0.95702	3.58209
244.414	0.95702	3.58209
244.562	0.95702	3.58209
244.71	0.95702	3.58209
244.858	0.95702	3.58209
245.006	0.95702	3.58209
245.154	0.95702	3.58209
245.302	0.95702	3.58209
245.451	0.95702	3.58209
245.599	0.957021	3.58209
245.747	0.957021	3.58209
245.895	0.957021	3.58209
246.043	0.957021	3.58209
246.191	0.957021	3.58209
246.339	0.957021	3.5821
246.487	0.957021	3.5821
246.636	0.957021	3.5821
246.784	0.957021	3.5821
246.932	0.957021	3.5821
247.08	0.957022	3.5821
247.228	0.957022	3.5821
247.376	0.957022	3.5821
247.524	0.957022	3.5821
247.673	0.957022	3.5821
247.821	0.957022	3.5821
247.969	0.957022	3.5821
248.117	0.957022	3.5821
248.265	0.957022	3.5821
248.413	0.957022	3.5821
248.561	0.957022	3.5821
248.709	0.957023	3.5821
248.858	0.957023	3.5821
249.006	0.957023	3.5821
249.154	0.957023	3.5821
249.302	0.957023	3.5821
249.45	0.957023	3.5821
249.598	0.957023	3.5821
249.746	0.957023	3.5821
249.894	0.957023	3.5821
250.043	0.957023	3.5821
250.191	0.957024	3.5821
250.339	0.957024	3.58211
250.487	0.957024	3.58211
250.635	0.957024	3.58211
250.783	0.957024	3.58211
250.931	0.957024	3.58211
251.079	0.957024	3.58211
251.228	0.957024	3.58211
251.376	0.957024	3.58211
251.524	0.957024	3.58211
251.672	0.957025	3.58211
251.82	0.957025	3.58211
251.968	0.957025	3.58211
252.116	0.957025	3.58211
252.264	0.957025	3.58211
252.413	0.957025	3.58211
252.561	0.957025	3.58211
252.709	0.957025	3.58211
252.857	0.957025	3.58211
253.005	0.957025	3.58211
253.153	0.957025	3.58211
253.301	0.957026	3.58211
253.45	0.957026	3.58211
253.598	0.957026	3.58211
253.746	0.957026	3.58211
253.894	0.957026	3.58211
254.042	0.957026	3.58211
254.19	0.957026	3.58211
254.338	0.957026	3.58212
254.486	0.957026	3.58212
254.635	0.957026	3.58212
254.783	0.957027	3.58212
254.931	0.957027	3.58212
255.079	0.957027	3.58212
255.227	0.957027	3.58212
255.375	0.957027	3.58212
255.523	0.957027	3.58212
255.671	0.957027	3.58212
255.82	0.957027	3.58212
255.968	0.957027	3.58212
256.116	0.957027	3.58212
256.264	0.957027	3.58212
256.412	0.957028	3.58212
256.56	0.957028	3.58212
256.708	0.957028	3.58212
256.856	0.957028	3.58212
257.005	0.957028	3.58212
257.153	0.957028	3.58212
257.301	0.957028	3.58212
257.449	0.957028	3.58212
257.597	0.957028	3.58212
257.745	0.957028	3.58212
257.893	0.957029	3.58212
258.042	0.957029	3.58212
258.19	0.957029	3.58213
258.338	0.957029	3.58213
258.486	0.957029	3.58213
258.634	0.957029	3.58213
258.782	0.957029	3.58213
258.93	0.957029	3.58213
259.078	0.957029	3.58213
259.227	0.957029	3.58213
259.375	0.95703	3.58213
259.523	0.95703	3.58213
259.671	0.95703	3.58213
259.819	0.95703	3.58213
259.967	0.95703	3.58213
260.115	0.95703	3.58213
260.263	0.95703	3.58213
260.412	0.95703	3.58213
260.56	0.95703	3.58213
260.708	0.95703	3.58213
260.856	0.95703	3.58213
261.004	0.957031	3.58213
261.152	0.957031	3.58213
261.3	0.957031	3.58213
261.448	0.957031	3.58213
261.597	0.957031	3.58213
261.745	0.957031	3.58213
261.893	0.957031	3.58213
262.041	0.957031	3.58213
262.189	0.957031	3.58214
262.337	0.957031	3.58214
262.485	0.957032	3.58214
262.633	0.957032	3.58214
262.782	0.957032	3.58214
262.93	0.957032	3.58214
263.078	0.957032	3.58214
263.226	0.957032	3.58214
263.374	0.957032	3.58214
263.522	0.957032	3.58214
263.67	0.957032	3.58214
263.819	0.957032	3.58214
263.967	0.957032	3.58214
264.115	0.957033	3.58214
264.263	0.957033	3.58214
264.411	0.957033	3.58214
264.559	0.957033	3.58214
264.707	0.957033	3.58214
264.855	0.957033	3.58214
265.004	0.957033	3.58214
265.152	0.957033	3.58214
265.3	0.957033	3.58214
265.448	0.957033	3.58214
265.596	0.957033	3.58214
265.744	0.957034	3.58214
265.892	0.957034	3.58214
266.04	0.957034	3.58214
266.189	0.957034	3.58215
266.337	0.957034	3.58215
266.485	0.957034	3.58215
266.633	0.957034	3.58215
266.781	0.957034	3.58215
266.929	0.957034	3.58215
267.077	0.957034	3.58215
267.225	0.957035	3.58215
267.374	0.957035	3.58215
267.522	0.957035	3.58215
267.67	0.957035	3.58215
267.818	0.957035	3.58215
267.966	0.957035	3.58215
268.114	0.957035	3.58215
268.262	0.957035	3.58215
268.411	0.957035	3.58215
268.559	0.957035	3.58215
268.707	0.957035	3.58215
268.855	0.957036	3.58215
269.003	0.957036	3.58215
269.151	0.957036	3.58215
269.299	0.957036	3.58215
269.447	0.957036	3.58215
269.596	0.957036	3.58215
269.744	0.957036	3.58215
269.892	0.957036	3.58215
270.04	0.957036	3.58215
270.188	0.957036	3.58216
270.336	0.957037	3.58216
270.484	0.957037	3.58216
270.632	0.957037	3.58216
270.781	0.957037	3.58216
270.929	0.957037	3.58216
271.077	0.957037	3.58216
271.225	0.957037	3.58216
271.373	0.957037	3.58216
271.521	0.957037	3.58216
271.669	0.957037	3.58216
271.817	0.957037	3.58216
271.966	0.957038	3.58216
272.114	0.957038	3.58216
272.262	0.957038	3.58216
272.41	0.957038	3.58216
272.558	0.957038	3.58216
272.706	0.957038	3.58216
272.854	0.957038	3.58216
273.002	0.957038	3.58216
273.151	0.957038	3.58216
273.299	0.957038	3.58216
273.447	0.957039	3.58216
273.595	0.957039	3.58216
273.743	0.957039	3.58216
273.891	0.957039	3.58216
274.039	0.957039	3.58216
274.188	0.957039	3.58217
274.336	0.957039	3.58217
274.484	0.957039	3.58217
274.632	0.957039	3.58217
274.78	0.957039	3.58217
274.928	0.957039	3.58217
275.076	0.95704	3.58217
275.224	0.95704	3.58217
275.373	0.95704	3.58217
275.521	0.95704	3.58217
275.669	0.95704	3.58217
275.817	0.95704	3.58217
275.965	0.95704	3.58217
276.113	0.95704	3.58217
276.261	0.95704	3.58217
276.409	0.95704	3.58217
276.558	0.95704	3.58217
276.706	0.957041	3.58217
276.854	0.957041	3.58217
277.002	0.957041	3.58217
277.15	0.957041	3.58217
277.298	0.957041	3.58217
277.446	0.957041	3.58217
277.594	0.957041	3.58217
277.743	0.957041	3.58217
277.891	0.957041	3.58217
278.039	0.957041	3.58217
278.187	0.957042	3.58218
278.335	0.957042	3.58218
278.483	0.957042	3.58218
278.631	0.957042	3.58218
278.78	0.957042	3.58218
278.928	0.957042	3.58218
279.076	0.957042	3.58218
279.224	0.957042	3.58218
279.372	0.957042	3.58218
279.52	0.957042	3.58218
279.668	0.957042	3.58218
279.816	0.957043	3.58218
279.965	0.957043	3.58218
280.113	0.957043	3.58218
280.261	0.957043	3.58218
280.409	0.957043	3.58218
280.557	0.957043	3.58218
280.705	0.957043	3.58218
280.853	0.957043	3.58218
281.001	0.957043	3.58218
281.15	0.957043	3.58218
281.298	0.957043	3.58218
281.446	0.957044	3.58218
281.594	0.957044	3.58218
281.742	0.957044	3.58218
281.89	0.957044	3.58218
282.038	0.957044	3.58218
282.186	0.957044	3.58219
282.335	0.957044	3.58219
282.483	0.957044	3.58219
282.631	0.957044	3.58219
282.779	0.957044	3.58219
282.927	0.957044	3.58219
283.075	0.957045	3.58219
283.223	0.957045	3.58219
283.371	0.957045	3.58219
283.52	0.957045	3.58219
283.668	0.957045	3.58219
283.816	0.957045	3.58219
283.964	0.957045	3.58219
284.112	0.957045	3.58219
284.26	0.957045	3.58219
284.408	0.957045	3.58219
284.557	0.957046	3.58219
284.705	0.957046	3.58219
284.853	0.957046	3.58219
285.001	0.957046	3.58219
285.149	0.957046	3.58219
285.297	0.957046	3.58219
285.445	0.957046	3.58219
285.593	0.957046	3.58219
285.742	0.957046	3.58219
285.89	0.957046	3.58219
286.038	0.957046	3.5822
286.186	0.957047	3.5822
286.334	0.957047	3.5822
286.482	0.957047	3.5822
286.63	0.957047	3.5822
286.778	0.957047	3.5822
286.927	0.957047	3.5822
287.075	0.957047	3.5822
287.223	0.957047	3.5822
287.371	0.957047	3.5822
287.519	0.957047	3.5822
287.667	0.957047	3.5822
287.815	0.957048	3.5822
287.963	0.957048	3.5822
288.112	0.957048	3.5822
288.26	0.957048	3.5822
288.408	0.957048	3.5822
288.556	0.957048	3.5822
288.704	0.957048	3.5822
288.852	0.957048	3.5822
289	0.957048	3.5822
289.149	0.957048	3.5822
289.297	0.957049	3.5822
289.445	0.957049	3.5822
289.593	0.957049	3.5822
289.741	0.957049	3.5822
289.889	0.957049	3.5822
290.037	0.957049	3.58221
290.185	0.957049	3.58221
290.334	0.957049	3.58221
290.482	0.957049	3.58221
290.63	0.957049	3.58221
290.778	0.957049	3.58221
290.926	0.95705	3.58221
291.074	0.95705	3.58221
291.222	0.95705	3.58221
291.37	0.95705	3.58221
291.519	0.95705	3.58221
291.667	0.95705	3.58221
291.815	0.95705	3.58221
291.963	0.95705	3.58221
292.111	0.95705	3.58221
292.259	0.95705	3.58221
292.407	0.95705	3.58221
292.555	0.957051	3.58221
292.704	0.957051	3.58221
292.852	0.957051	3.58221
293	0.957051	3.58221
293.148	0.957051	3.58221
293.296	0.957051	3.58221
293.444	0.957051	3.58221
293.592	0.957051	3.58221
293.741	0.957051	3.58221
293.889	0.957051	3.58221
294.037	0.957051	3.58222
294.185	0.957052	3.58222
294.333	0.957052	3.58222
294.481	0.957052	3.58222
294.629	0.957052	3.58222
294.777	0.957052	3.58222
294.926	0.957052	3.58222
295.074	0.957052	3.58222
295.222	0.957052	3.58222
295.37	0.957052	3.58222
295.518	0.957052	3.58222
295.666	0.957052	3.58222
295.814	0.957053	3.58222
295.962	0.957053	3.58222
296.111	0.957053	3.58222
296.259	0.957053	3.58222
296.407	0.957053	3.58222
296.555	0.957053	3.58222
296.703	0.957053	3.58222
296.851	0.957053	3.58222
296.999	0.957053	3.58222
297.147	0.957053	3.58222
297.296	0.957054	3.58222
297.444	0.957054	3.58222
297.592	0.957054	3.58222
297.74	0.957054	3.58222
297.888	0.957054	3.58222
298.036	0.957054	3.58223
298.184	0.957054	3.58223
298.332	0.957054	3.58223
298.481	0.957054	3.58223
298.629	0.957054	3.58223
298.777	0.957054	3.58223
298.925	0.957055	3.58223
299.073	0.957055	3.58223
299.221	0.957055	3.58223
299.369	0.957055	3.58223
299.518	0.957055	3.58223
299.666	0.957055	3.58223
299.814	0.957055	3.58223
299.962	0.957055	3.58223
300.11	0.957055	3.58223
300.258	0.957055	3.58223
300.406	0.957055	3.58223
300.554	0.957056	3.58223
300.703	0.957056	3.58223
300.851	0.957056	3.58223
300.999	0.957056	3.58223
301.147	0.957056	3.58223
301.295	0.957056	3.58223
301.443	0.957056	3.58223
301.591	0.957056	3.58223
301.739	0.957056	3.58223
301.888	0.957056	3.58223
302.036	0.957056	3.58224
302.184	0.957057	3.58224
302.332	0.957057	3.58224
302.48	0.957057	3.58224
302.628	0.957057	3.58224
302.776	0.957057	3.58224
302.924	0.957057	3.58224
303.073	0.957057	3.58224
303.221	0.957057	3.58224
303.369	0.957057	3.58224
303.517	0.957057	3.58224
303.665	0.957057	3.58224
303.813	0.957058	3.58224
303.961	0.957058	3.58224
304.11	0.957058	3.58224
304.258	0.957058	3.58224
304.406	0.957058	3.58224
304.554	0.957058	3.58224
304.702	0.957058	3.58224
304.85	0.957058	3.58224
304.998	0.957058	3.58224
305.146	0.957058	3.58224
305.295	0.957058	3.58224
305.443	0.957059	3.58224
305.591	0.957059	3.58224
305.739	0.957059	3.58224
305.887	0.957059	3.58224
306.035	0.957059	3.58225
306.183	0.957059	3.58225
306.331	0.957059	3.58225
306.48	0.957059	3.58225
306.628	0.957059	3.58225
306.776	0.957059	3.58225
306.924	0.95706	3.58225
307.072	0.95706	3.58225
307.22	0.95706	3.58225
307.368	0.95706	3.58225
307.516	0.95706	3.58225
307.665	0.95706	3.58225
307.813	0.95706	3.58225
307.961	0.95706	3.58225
308.109	0.95706	3.58225
308.257	0.95706	3.58225
308.405	0.95706	3.58225
308.553	0.957061	3.58225
308.701	0.957061	3.58225
308.85	0.957061	3.58225
308.998	0.957061	3.58225
309.146	0.957061	3.58225
309.294	0.957061	3.58225
309.442	0.957061	3.58225
309.59	0.957061	3.58225
309.738	0.957061	3.58225
309.887	0.957061	3.58226
310.035	0.957061	3.58226
310.183	0.957062	3.58226
310.331	0.957062	3.58226
310.479	0.957062	3.58226
310.627	0.957062	3.58226
310.775	0.957062	3.58226
310.923	0.957062	3.58226
311.072	0.957062	3.58226
311.22	0.957062	3.58226
311.368	0.957062	3.58226
311.516	0.957062	3.58226
311.664	0.957062	3.58226
311.812	0.957063	3.58226
311.96	0.957063	3.58226
312.108	0.957063	3.58226
312.257	0.957063	3.58226
312.405	0.957063	3.58226
312.553	0.957063	3.58226
312.701	0.957063	3.58226
312.849	0.957063	3.58226
312.997	0.957063	3.58226
313.145	0.957063	3.58226
313.293	0.957063	3.58226
313.442	0.957064	3.58226
313.59	0.957064	3.58226
313.738	0.957064	3.58226
313.886	0.957064	3.58227
314.034	0.957064	3.58227
314.182	0.957064	3.58227
314.33	0.957064	3.58227
314.479	0.957064	3.58227
314.627	0.957064	3.58227
314.775	0.957064	3.58227
314.923	0.957064	3.58227
315.071	0.957065	3.58227
315.219	0.957065	3.58227
315.367	0.957065	3.58227
315.515	0.957065	3.58227
315.664	0.957065	3.58227
315.812	0.957065	3.58227
315.96	0.957065	3.58227
316.108	0.957065	3.58227
316.256	0.957065	3.58227
316.404	0.957065	3.58227
316.552	0.957065	3.58227
316.7	0.957066	3.58227
316.849	0.957066	3.58227
316.997	0.957066	3.58227
317.145	0.957066	3.58227
317.293	0.957066	3.58227
317.441	0.957066	3.58227
317.589	0.957066	3.58227
317.737	0.957066	3.58227
317.885	0.957066	3.58228
318.034	0.957066	3.58228
318.182	0.957066	3.58228
318.33	0.957067	3.58228
318.478	0.957067	3.58228
318.626	0.957067	3.58228
318.774	0.957067	3.58228
318.922	0.957067	3.58228
319.07	0.957067	3.58228
319.219	0.957067	3.58228
319.367	0.957067	3.58228
319.515	0.957067	3.58228
319.663	0.957067	3.58228
319.811	0.957068	3.58228
319.959	0.957068	3.58228
320.107	0.957068	3.58228
320.256	0.957068	3.58228
320.404	0.957068	3.58228
320.552	0.957068	3.58228
320.7	0.957068	3.58228
320.848	0.957068	3.58228
320.996	0.957068	3.58228
321.144	0.957068	3.58228
321.292	0.957068	3.58228
321.441	0.957069	3.58228
321.589	0.957069	3.58228
321.737	0.957069	3.58228
321.885	0.957069	3.58229
322.033	0.957069	3.58229
322.181	0.957069	3.58229
322.329	0.957069	3.58229
322.477	0.957069	3.58229
322.626	0.957069	3.58229
322.774	0.957069	3.58229
322.922	0.957069	3.58229
323.07	0.95707	3.58229
323.218	0.95707	3.58229
323.366	0.95707	3.58229
323.514	0.95707	3.58229
323.662	0.95707	3.58229
323.811	0.95707	3.58229
323.959	0.95707	3.58229
324.107	0.95707	3.58229
324.255	0.95707	3.58229
324.403	0.95707	3.58229
324.551	0.95707	3.58229
324.699	0.957071	3.58229
324.848	0.957071	3.58229
324.996	0.957071	3.58229
325.144	0.957071	3.58229
325.292	0.957071	3.58229
325.44	0.957071	3.58229
325.588	0.957071	3.58229
325.736	0.957071	3.58229
325.884	0.957071	3.5823
326.033	0.957071	3.5823
326.181	0.957071	3.5823
326.329	0.957072	3.5823
326.477	0.957072	3.5823
326.625	0.957072	3.5823
326.773	0.957072	3.5823
326.921	0.957072	3.5823
327.069	0.957072	3.5823
327.218	0.957072	3.5823
327.366	0.957072	3.5823
327.514	0.957072	3.5823
327.662	0.957072	3.5823
327.81	0.957072	3.5823
327.958	0.957073	3.5823
328.106	0.957073	3.5823
328.254	0.957073	3.5823
328.403	0.957073	3.5823
328.551	0.957073	3.5823
328.699	0.957073	3.5823
328.847	0.957073	3.5823
328.995	0.957073	3.5823
329.143	0.957073	3.5823
329.291	0.957073	3.5823
329.439	0.957073	3.5823
329.588	0.957074	3.5823
329.736	0.957074	3.5823
329.884	0.957074	3.58231
330.032	0.957074	3.58231
330.18	0.957074	3.58231
330.328	0.957074	3.58231
330.476	0.957074	3.58231
330.625	0.957074	3.58231
330.773	0.957074	3.58231
330.921	0.957074	3.58231
331.069	0.957074	3.58231
331.217	0.957075	3.58231
331.365	0.957075	3.58231
331.513	0.957075	3.58231
331.661	0.957075	3.58231
331.81	0.957075	3.58231
331.958	0.957075	3.58231
332.106	0.957075	3.58231
332.254	0.957075	3.58231
332.402	0.957075	3.58231
332.55	0.957075	3.58231
332.698	0.957075	3.58231
332.846	0.957076	3.58231
332.995	0.957076	3.58231
333.143	0.957076	3.58231
333.291	0.957076	3.58231
333.439	0.957076	3.58231
333.587	0.957076	3.58231
333.735	0.957076	3.58232
333.883	0.957076	3.58232
334.031	0.957076	3.58232
334.18	0.957076	3.58232
334.328	0.957076	3.58232
334.476	0.957077	3.58232
334.624	0.957077	3.58232
334.772	0.957077	3.58232
334.92	0.957077	3.58232
335.068	0.957077	3.58232
335.217	0.957077	3.58232
335.365	0.957077	3.58232
335.513	0.957077	3.58232
335.661	0.957077	3.58232
335.809	0.957077	3.58232
335.957	0.957077	3.58232
336.105	0.957078	3.58232
336.253	0.957078	3.58232
336.402	0.957078	3.58232
336.55	0.957078	3.58232
336.698	0.957078	3.58232
336.846	0.957078	3.58232
336.994	0.957078	3.58232
337.142	0.957078	3.58232
337.29	0.957078	3.58232
337.438	0.957078	3.58232
337.587	0.957078	3.58232
337.735	0.957079	3.58233
337.883	0.957079	3.58233
338.031	0.957079	3.58233
338.179	0.957079	3.58233
338.327	0.957079	3.58233
338.475	0.957079	3.58233
338.623	0.957079	3.58233
338.772	0.957079	3.58233
338.92	0.957079	3.58233
339.068	0.957079	3.58233
339.216	0.957079	3.58233
339.364	0.95708	3.58233
339.512	0.95708	3.58233
339.66	0.95708	3.58233
339.808	0.95708	3.58233
339.957	0.95708	3.58233
340.105	0.95708	3.58233
340.253	0.95708	3.58233
340.401	0.95708	3.58233
340.549	0.95708	3.58233
340.697	0.95708	3.58233
340.845	0.95708	3.58233
340.994	0.957081	3.58233
341.142	0.957081	3.58233
341.29	0.957081	3.58233
341.438	0.957081	3.58233
341.586	0.957081	3.58233
341.734	0.957081	3.58234
341.882	0.957081	3.58234
342.03	0.957081	3.58234
342.179	0.957081	3.58234
342.327	0.957081	3.58234
342.475	0.957081	3.58234
342.623	0.957082	3.58234
342.771	0.957082	3.58234
342.919	0.957082	3.58234
343.067	0.957082	3.58234
343.215	0.957082	3.58234
343.364	0.957082	3.58234
343.512	0.957082	3.58234
343.66	0.957082	3.58234
343.808	0.957082	3.58234
343.956	0.957082	3.58234
344.104	0.957082	3.58234
344.252	0.957083	3.58234
344.4	0.957083	3.58234
344.549	0.957083	3.58234
344.697	0.957083	3.58234
344.845	0.957083	3.58234
344.993	0.957083	3.58234
345.141	0.957083	3.58234
345.289	0.957083	3.58234
345.437	0.957083	3.58234
345.586	0.957083	3.58234
345.734	0.957083	3.58235
345.882	0.957084	3.58235
346.03	0.957084	3.58235
346.178	0.957084	3.58235
346.326	0.957084	3.58235
346.474	0.957084	3.58235
346.622	0.957084	3.58235
346.771	0.957084	3.58235
346.919	0.957084	3.58235
347.067	0.957084	3.58235
347.215	0.957084	3.58235
347.363	0.957084	3.58235
347.511	0.957085	3.58235
347.659	0.957085	3.58235
347.807	0.957085	3.58235
347.956	0.957085	3.58235
348.104	0.957085	3.58235
348.252	0.957085	3.58235
348.4	0.957085	3.58235
348.548	0.957085	3.58235
348.696	0.957085	3.58235
348.844	0.957085	3.58235
348.992	0.957085	3.58235
349.141	0.957086	3.58235
349.289	0.957086	3.58235
349.437	0.957086	3.58235
349.585	0.957086	3.58235
349.733	0.957086	3.58236
349.881	0.957086	3.58236
350.029	0.957086	3.58236
350.177	0.957086	3.58236
350.326	0.957086	3.58236
350.474	0.957086	3.58236
350.622	0.957086	3.58236
350.77	0.957087	3.58236
350.918	0.957087	3.58236
351.066	0.957087	3.58236
351.214	0.957087	3.58236
351.363	0.957087	3.58236
351.511	0.957087	3.58236
351.659	0.957087	3.58236
351.807	0.957087	3.58236
351.955	0.957087	3.58236
352.103	0.957087	3.58236
352.251	0.957087	3.58236
352.399	0.957088	3.58236
352.548	0.957088	3.58236
352.696	0.957088	3.58236
352.844	0.957088	3.58236
352.992	0.957088	3.58236
353.14	0.957088	3.58236
353.288	0.957088	3.58236
353.436	0.957088	3.58236
353.584	0.957088	3.58236
353.733	0.957088	3.58237
353.881	0.957088	3.58237
354.029	0.957089	3.58237
354.177	0.957089	3.58237
354.325	0.957089	3.58237
354.473	0.957089	3.58237
354.621	0.957089	3.58237
354.769	0.957089	3.58237
354.918	0.957089	3.58237
355.066	0.957089	3.58237
355.214	0.957089	3.58237
355.362	0.957089	3.58237
355.51	0.957089	3.58237
355.658	0.95709	3.58237
355.806	0.95709	3.58237
355.955	0.95709	3.58237
356.103	0.95709	3.58237
356.251	0.95709	3.58237
356.399	0.95709	3.58237
356.547	0.95709	3.58237
356.695	0.95709	3.58237
356.843	0.95709	3.58237
356.991	0.95709	3.58237
357.14	0.95709	3.58237
357.288	0.957091	3.58237
357.436	0.957091	3.58237
357.584	0.957091	3.58238
357.732	0.957091	3.58238
357.88	0.957091	3.58238
358.028	0.957091	3.58238
358.176	0.957091	3.58238
358.325	0.957091	3.58238
358.473	0.957091	3.58238
358.621	0.957091	3.58238
358.769	0.957091	3.58238
358.917	0.957092	3.58238
359.065	0.957092	3.58238
359.213	0.957092	3.58238
359.361	0.957092	3.58238
359.51	0.957092	3.58238
359.658	0.957092	3.58238
359.806	0.957092	3.58238
359.954	0.957092	3.58238
360.102	0.957092	3.58238
360.25	0.957092	3.58238
360.398	0.957092	3.58238
360.547	0.957093	3.58238
360.695	0.957093	3.58238
360.843	0.957093	3.58238
360.991	0.957093	3.58238
361.139	0.957093	3.58238
361.287	0.957093	3.58238
361.435	0.957093	3.58238
361.583	0.957093	3.58239
361.732	0.957093	3.58239
361.88	0.957093	3.58239
362.028	0.957093	3.58239
362.176	0.957094	3.58239
362.324	0.957094	3.58239
362.472	0.957094	3.58239
362.62	0.957094	3.58239
362.768	0.957094	3.58239
362.917	0.957094	3.58239
363.065	0.957094	3.58239
363.213	0.957094	3.58239
363.361	0.957094	3.58239
363.509	0.957094	3.58239
363.657	0.957094	3.58239
363.805	0.957095	3.58239
363.953	0.957095	3.58239
364.102	0.957095	3.58239
364.25	0.957095	3.58239
364.398	0.957095	3.58239
364.546	0.957095	3.58239
364.694	0.957095	3.58239
364.842	0.957095	3.58239
364.99	0.957095	3.58239
365.138	0.957095	3.58239
365.287	0.957095	3.58239
365.435	0.957096	3.58239
365.583	0.957096	3.5824
365.731	0.957096	3.5824
365.879	0.957096	3.5824
366.027	0.957096	3.5824
366.175	0.957096	3.5824
366.324	0.957096	3.5824
366.472	0.957096	3.5824
366.62	0.957096	3.5824
366.768	0.957096	3.5824
366.916	0.957096	3.5824
367.064	0.957097	3.5824
367.212	0.957097	3.5824
367.36	0.957097	3.5824
367.509	0.957097	3.5824
367.657	0.957097	3.5824
367.805	0.957097	3.5824
367.953	0.957097	3.5824
368.101	0.957097	3.5824
368.249	0.957097	3.5824
368.397	0.957097	3.5824
368.545	0.957097	3.5824
368.694	0.957098	3.5824
368.842	0.957098	3.5824
368.99	0.957098	3.5824
369.138	0.957098	3.5824
369.286	0.957098	3.5824
369.434	0.957098	3.5824
369.582	0.957098	3.58241
369.73	0.957098	3.58241
369.879	0.957098	3.58241
370.027	0.957098	3.58241
370.175	0.957098	3.58241
370.323	0.957099	3.58241
370.471	0.957099	3.58241
370.619	0.957099	3.58241
370.767	0.957099	3.58241
370.916	0.957099	3.58241
371.064	0.957099	3.58241
371.212	0.957099	3.58241
371.36	0.957099	3.58241
371.508	0.957099	3.58241
371.656	0.957099	3.58241
371.804	0.957099	3.58241
371.952	0.9571	3.58241
372.101	0.9571	3.58241
372.249	0.9571	3.58241
372.397	0.9571	3.58241
372.545	0.9571	3.58241
372.693	0.9571	3.58241
372.841	0.9571	3.58241
372.989	0.9571	3.58241
373.137	0.9571	3.58241
373.286	0.9571	3.58241
373.434	0.9571	3.58241
373.582	0.957101	3.58242
373.73	0.957101	3.58242
373.878	0.957101	3.58242
374.026	0.957101	3.58242
374.174	0.957101	3.58242
374.322	0.957101	3.58242
374.471	0.957101	3.58242
374.619	0.957101	3.58242
374.767	0.957101	3.58242
374.915	0.957101	3.58242
375.063	0.957101	3.58242
375.211	0.957102	3.58242
375.359	0.957102	3.58242
375.507	0.957102	3.58242
375.656	0.957102	3.58242
375.804	0.957102	3.58242
375.952	0.957102	3.58242
376.1	0.957102	3.58242
376.248	0.957102	3.58242
376.396	0.957102	3.58242
376.544	0.957102	3.58242
376.693	0.957102	3.58242
376.841	0.957103	3.58242
376.989	0.957103	3.58242
377.137	0.957103	3.58242
377.285	0.957103	3.58242
377.433	0.957103	3.58242
377.581	0.957103	3.58243
377.729	0.957103	3.58243
377.878	0.957103	3.58243
378.026	0.957103	3.58243
378.174	0.957103	3.58243
378.322	0.957103	3.58243
378.47	0.957104	3.58243
378.618	0.957104	3.58243
378.766	0.957104	3.58243
378.914	0.957104	3.58243
379.063	0.957104	3.58243
379.211	0.957104	3.58243
379.359	0.957104	3.58243
379.507	0.957104	3.58243
379.655	0.957104	3.58243
379.803	0.957104	3.58243
379.951	0.957104	3.58243
380.099	0.957105	3.58243
380.248	0.957105	3.58243
380.396	0.957105	3.58243
380.544	0.957105	3.58243
380.692	0.957105	3.58243
380.84	0.957105	3.58243
380.988	0.957105	3.58243
381.136	0.957105	3.58243
381.285	0.957105	3.58243
381.433	0.957105	3.58244
381.581	0.957105	3.58244
381.729	0.957106	3.58244
381.877	0.957106	3.58244
382.025	0.957106	3.58244
382.173	0.957106	3.58244
382.321	0.957106	3.58244
382.47	0.957106	3.58244
382.618	0.957106	3.58244
382.766	0.957106	3.58244
382.914	0.957106	3.58244
383.062	0.957106	3.58244
383.21	0.957106	3.58244
383.358	0.957107	3.58244
383.506	0.957107	3.58244
383.655	0.957107	3.58244
383.803	0.957107	3.58244
383.951	0.957107	3.58244
384.099	0.957107	3.58244
384.247	0.957107	3.58244
384.395	0.957107	3.58244
384.543	0.957107	3.58244
384.691	0.957107	3.58244
384.84	0.957107	3.58244
384.988	0.957108	3.58244
385.136	0.957108	3.58244
385.284	0.957108	3.58244
385.432	0.957108	3.58245
385.58	0.957108	3.58245
385.728	0.957108	3.58245
385.876	0.957108	3.58245
386.025	0.957108	3.58245
386.173	0.957108	3.58245
386.321	0.957108	3.58245
386.469	0.957108	3.58245
386.617	0.957108	3.58245
386.765	0.957109	3.58245
386.913	0.957109	3.58245
387.062	0.957109	3.58245
387.21	0.957109	3.58245
387.358	0.957109	3.58245
387.506	0.957109	3.58245
387.654	0.957109	3.58245
387.802	0.957109	3.58245
387.95	0.957109	3.58245
388.098	0.957109	3.58245
388.247	0.957109	3.58245
388.395	0.95711	3.58245
388.543	0.95711	3.58245
388.691	0.95711	3.58245
388.839	0.95711	3.58245
388.987	0.95711	3.58245
389.135	0.95711	3.58245
389.283	0.95711	3.58245
389.432	0.95711	3.58246
389.58	0.95711	3.58246
389.728	0.95711	3.58246
389.876	0.95711	3.58246
390.024	0.957111	3.58246
390.172	0.957111	3.58246
390.32	0.957111	3.58246
390.468	0.957111	3.58246
390.617	0.957111	3.58246
390.765	0.957111	3.58246
390.913	0.957111	3.58246
391.061	0.957111	3.58246
391.209	0.957111	3.58246
391.357	0.957111	3.58246
391.505	0.957111	3.58246
391.654	0.957112	3.58246
391.802	0.957112	3.58246
391.95	0.957112	3.58246
392.098	0.957112	3.58246
392.246	0.957112	3.58246
392.394	0.957112	3.58246
392.542	0.957112	3.58246
392.69	0.957112	3.58246
392.839	0.957112	3.58246
392.987	0.957112	3.58246
393.135	0.957112	3.58246
393.283	0.957113	3.58246
393.431	0.957113	3.58247
393.579	0.957113	3.58247
393.727	0.957113	3.58247
393.875	0.957113	3.58247
394.024	0.957113	3.58247
394.172	0.957113	3.58247
394.32	0.957113	3.58247
394.468	0.957113	3.58247
394.616	0.957113	3.58247
394.764	0.957113	3.58247
394.912	0.957114	3.58247
395.06	0.957114	3.58247
395.209	0.957114	3.58247
395.357	0.957114	3.58247
395.505	0.957114	3.58247
395.653	0.957114	3.58247
395.801	0.957114	3.58247
395.949	0.957114	3.58247
396.097	0.957114	3.58247
396.245	0.957114	3.58247
396.394	0.957114	3.58247
396.542	0.957115	3.58247
396.69	0.957115	3.58247
396.838	0.957115	3.58247
396.986	0.957115	3.58247
397.134	0.957115	3.58247
397.282	0.957115	3.58247
397.431	0.957115	3.58248
397.579	0.957115	3.58248
397.727	0.957115	3.58248
397.875	0.957115	3.58248
398.023	0.957115	3.58248
398.171	0.957116	3.58248
398.319	0.957116	3.58248
398.467	0.957116	3.58248
398.616	0.957116	3.58248
398.764	0.957116	3.58248
398.912	0.957116	3.58248
399.06	0.957116	3.58248
399.208	0.957116	3.58248
399.356	0.957116	3.58248
399.504	0.957116	3.58248
399.652	0.957116	3.58248
399.801	0.957117	3.58248
399.949	0.957117	3.58248
400.097	0.957117	3.58248
400.245	0.957117	3.58248
400.393	0.957117	3.58248
400.541	0.957117	3.58248
400.689	0.957117	3.58248
400.837	0.957117	3.58248
400.986	0.957117	3.58248
401.134	0.957117	3.58248
401.282	0.957117	3.58248
401.43	0.957118	3.58249
401.578	0.957118	3.58249
401.726	0.957118	3.58249
401.874	0.957118	3.58249
402.023	0.957118	3.58249
402.171	0.957118	3.58249
402.319	0.957118	3.58249
402.467	0.957118	3.58249
402.615	0.957118	3.58249
402.763	0.957118	3.58249
402.911	0.957118	3.58249
403.059	0.957119	3.58249
403.208	0.957119	3.58249
403.356	0.957119	3.58249
403.504	0.957119	3.58249
403.652	0.957119	3.58249
403.8	0.957119	3.58249
403.948	0.957119	3.58249
404.096	0.957119	3.58249
404.244	0.957119	3.58249
404.393	0.957119	3.58249
404.541	0.957119	3.58249
404.689	0.95712	3.58249
404.837	0.95712	3.58249
404.985	0.95712	3.58249
405.133	0.95712	3.58249
405.281	0.95712	3.5825
405.429	0.95712	3.5825
405.578	0.95712	3.5825
405.726	0.95712	3.5825
405.874	0.95712	3.5825
406.022	0.95712	3.5825
406.17	0.95712	3.5825
406.318	0.957121	3.5825
406.466	0.957121	3.5825
406.614	0.957121	3.5825
406.763	0.957121	3.5825
406.911	0.957121	3.5825
407.059	0.957121	3.5825
407.207	0.957121	3.5825
407.355	0.957121	3.5825
407.503	0.957121	3.5825
407.651	0.957121	3.5825
407.8	0.957121	3.5825
407.948	0.957122	3.5825
408.096	0.957122	3.5825
408.244	0.957122	3.5825
408.392	0.957122	3.5825
408.54	0.957122	3.5825
408.688	0.957122	3.5825
408.836	0.957122	3.5825
408.985	0.957122	3.5825
409.133	0.957122	3.5825
409.281	0.957122	3.58251
409.429	0.957122	3.58251
409.577	0.957123	3.58251
409.725	0.957123	3.58251
409.873	0.957123	3.58251
410.021	0.957123	3.58251
410.17	0.957123	3.58251
410.318	0.957123	3.58251
410.466	0.957123	3.58251
410.614	0.957123	3.58251
410.762	0.957123	3.58251
410.91	0.957123	3.58251
411.058	0.957123	3.58251
411.206	0.957123	3.58251
411.355	0.957124	3.58251
411.503	0.957124	3.58251
411.651	0.957124	3.58251
411.799	0.957124	3.58251
411.947	0.957124	3.58251
412.095	0.957124	3.58251
412.243	0.957124	3.58251
412.392	0.957124	3.58251
412.54	0.957124	3.58251
412.688	0.957124	3.58251
412.836	0.957124	3.58251
412.984	0.957125	3.58251
413.132	0.957125	3.58251
413.28	0.957125	3.58252
413.428	0.957125	3.58252
413.577	0.957125	3.58252
413.725	0.957125	3.58252
413.873	0.957125	3.58252
414.021	0.957125	3.58252
414.169	0.957125	3.58252
414.317	0.957125	3.58252
414.465	0.957125	3.58252
414.613	0.957126	3.58252
414.762	0.957126	3.58252
414.91	0.957126	3.58252
415.058	0.957126	3.58252
415.206	0.957126	3.58252
415.354	0.957126	3.58252
415.502	0.957126	3.58252
415.65	0.957126	3.58252
415.798	0.957126	3.58252
415.947	0.957126	3.58252
416.095	0.957126	3.58252
416.243	0.957127	3.58252
416.391	0.957127	3.58252
416.539	0.957127	3.58252
416.687	0.957127	3.58252
416.835	0.957127	3.58252
416.983	0.957127	3.58252
417.132	0.957127	3.58252
417.28	0.957127	3.58253
417.428	0.957127	3.58253
417.576	0.957127	3.58253
417.724	0.957127	3.58253
417.872	0.957128	3.58253
418.02	0.957128	3.58253
418.169	0.957128	3.58253
418.317	0.957128	3.58253
418.465	0.957128	3.58253
418.613	0.957128	3.58253
418.761	0.957128	3.58253
418.909	0.957128	3.58253
419.057	0.957128	3.58253
419.205	0.957128	3.58253
419.354	0.957128	3.58253
419.502	0.957129	3.58253
419.65	0.957129	3.58253
419.798	0.957129	3.58253
419.946	0.957129	3.58253
420.094	0.957129	3.58253
420.242	0.957129	3.58253
420.39	0.957129	3.58253
420.539	0.957129	3.58253
420.687	0.957129	3.58253
420.835	0.957129	3.58253
420.983	0.957129	3.58253
421.131	0.95713	3.58253
421.279	0.95713	3.58254
421.427	0.95713	3.58254
421.575	0.95713	3.58254
421.724	0.95713	3.58254
421.872	0.95713	3.58254
422.02	0.95713	3.58254
422.168	0.95713	3.58254
422.316	0.95713	3.58254
422.464	0.95713	3.58254
422.612	0.95713	3.58254
422.761	0.957131	3.58254
422.909	0.957131	3.58254
423.057	0.957131	3.58254
423.205	0.957131	3.58254
423.353	0.957131	3.58254
423.501	0.957131	3.58254
423.649	0.957131	3.58254
423.797	0.957131	3.58254
423.946	0.957131	3.58254
424.094	0.957131	3.58254
424.242	0.957131	3.58254
424.39	0.957132	3.58254
424.538	0.957132	3.58254
424.686	0.957132	3.58254
424.834	0.957132	3.58254
424.982	0.957132	3.58254
425.131	0.957132	3.58254
425.279	0.957132	3.58255
425.427	0.957132	3.58255
425.575	0.957132	3.58255
425.723	0.957132	3.58255
425.871	0.957132	3.58255
426.019	0.957133	3.58255
426.167	0.957133	3.58255
426.316	0.957133	3.58255
426.464	0.957133	3.58255
426.612	0.957133	3.58255
426.76	0.957133	3.58255
426.908	0.957133	3.58255
427.056	0.957133	3.58255
427.204	0.957133	3.58255
427.353	0.957133	3.58255
427.501	0.957133	3.58255
427.649	0.957134	3.58255
427.797	0.957134	3.58255
427.945	0.957134	3.58255
428.093	0.957134	3.58255
428.241	0.957134	3.58255
428.389	0.957134	3.58255
428.538	0.957134	3.58255
428.686	0.957134	3.58255
428.834	0.957134	3.58255
428.982	0.957134	3.58255
429.13	0.957134	3.58255
429.278	0.957135	3.58256
429.426	0.957135	3.58256
429.574	0.957135	3.58256
429.723	0.957135	3.58256
429.871	0.957135	3.58256
430.019	0.957135	3.58256
430.167	0.957135	3.58256
430.315	0.957135	3.58256
430.463	0.957135	3.58256
430.611	0.957135	3.58256
430.759	0.957135	3.58256
430.908	0.957135	3.58256
431.056	0.957136	3.58256
431.204	0.957136	3.58256
431.352	0.957136	3.58256
431.5	0.957136	3.58256
431.648	0.957136	3.58256
431.796	0.957136	3.58256
431.944	0.957136	3.58256
432.093	0.957136	3.58256
432.241	0.957136	3.58256
432.389	0.957136	3.58256
432.537	0.957136	3.58256
432.685	0.957137	3.58256
432.833	0.957137	3.58256
432.981	0.957137	3.58256
433.13	0.957137	3.58257
433.278	0.957137	3.58257
433.426	0.957137	3.58257
433.574	0.957137	3.58257
433.722	0.957137	3.58257
433.87	0.957137	3.58257
434.018	0.957137	3.58257
434.166	0.957137	3.58257
434.315	0.957138	3.58257
434.463	0.957138	3.58257
434.611	0.957138	3.58257
434.759	0.957138	3.58257
434.907	0.957138	3.58257
435.055	0.957138	3.58257
435.203	0.957138	3.58257
435.351	0.957138	3.58257
435.5	0.957138	3.58257
435.648	0.957138	3.58257
435.796	0.957138	3.58257
435.944	0.957139	3.58257
436.092	0.957139	3.58257
436.24	0.957139	3.58257
436.388	0.957139	3.58257
436.536	0.957139	3.58257
436.685	0.957139	3.58257
436.833	0.957139	3.58257
436.981	0.957139	3.58257
437.129	0.957139	3.58258
437.277	0.957139	3.58258
437.425	0.957139	3.58258
437.573	0.95714	3.58258
437.722	0.95714	3.58258
437.87	0.95714	3.58258
438.018	0.95714	3.58258
438.166	0.95714	3.58258
438.314	0.95714	3.58258
438.462	0.95714	3.58258
438.61	0.95714	3.58258
438.758	0.95714	3.58258
438.907	0.95714	3.58258
439.055	0.95714	3.58258
439.203	0.957141	3.58258
439.351	0.957141	3.58258
439.499	0.957141	3.58258
439.647	0.957141	3.58258
439.795	0.957141	3.58258
439.943	0.957141	3.58258
440.092	0.957141	3.58258
440.24	0.957141	3.58258
440.388	0.957141	3.58258
440.536	0.957141	3.58258
440.684	0.957141	3.58258
440.832	0.957142	3.58258
440.98	0.957142	3.58258
441.128	0.957142	3.58259
441.277	0.957142	3.58259
441.425	0.957142	3.58259
441.573	0.957142	3.58259
441.721	0.957142	3.58259
441.869	0.957142	3.58259
442.017	0.957142	3.58259
442.165	0.957142	3.58259
442.313	0.957142	3.58259
442.462	0.957143	3.58259
442.61	0.957143	3.58259
442.758	0.957143	3.58259
442.906	0.957143	3.58259
443.054	0.957143	3.58259
443.202	0.957143	3.58259
443.35	0.957143	3.58259
443.499	0.957143	3.58259
443.647	0.957143	3.58259
443.795	0.957143	3.58259
443.943	0.957143	3.58259
444.091	0.957144	3.58259
444.239	0.957144	3.58259
444.387	0.957144	3.58259
444.535	0.957144	3.58259
444.684	0.957144	3.58259
444.832	0.957144	3.58259
444.98	0.957144	3.58259
445.128	0.957144	3.5826
445.276	0.957144	3.5826
445.424	0.957144	3.5826
445.572	0.957144	3.5826
445.72	0.957145	3.5826
445.869	0.957145	3.5826
446.017	0.957145	3.5826
446.165	0.957145	3.5826
446.313	0.957145	3.5826
446.461	0.957145	3.5826
446.609	0.957145	3.5826
446.757	0.957145	3.5826
446.905	0.957145	3.5826
447.054	0.957145	3.5826
447.202	0.957145	3.5826
447.35	0.957145	3.5826
447.498	0.957146	3.5826
447.646	0.957146	3.5826
447.794	0.957146	3.5826
447.942	0.957146	3.5826
448.091	0.957146	3.5826
448.239	0.957146	3.5826
448.387	0.957146	3.5826
448.535	0.957146	3.5826
448.683	0.957146	3.5826
448.831	0.957146	3.5826
448.979	0.957146	3.5826
449.127	0.957147	3.58261
449.276	0.957147	3.58261
449.424	0.957147	3.58261
449.572	0.957147	3.58261
449.72	0.957147	3.58261
449.868	0.957147	3.58261
450.016	0.957147	3.58261
450.164	0.957147	3.58261
450.312	0.957147	3.58261
450.461	0.957147	3.58261
450.609	0.957147	3.58261
450.757	0.957148	3.58261
450.905	0.957148	3.58261
451.053	0.957148	3.58261
451.201	0.957148	3.58261
451.349	0.957148	3.58261
451.497	0.957148	3.58261
451.646	0.957148	3.58261
451.794	0.957148	3.58261
451.942	0.957148	3.58261
452.09	0.957148	3.58261
452.238	0.957148	3.58261
452.386	0.957149	3.58261
452.534	0.957149	3.58261
452.682	0.957149	3.58261
452.831	0.957149	3.58261
452.979	0.957149	3.58261
453.127	0.957149	3.58262
453.275	0.957149	3.58262
453.423	0.957149	3.58262
453.571	0.957149	3.58262
453.719	0.957149	3.58262
453.868	0.957149	3.58262
454.016	0.95715	3.58262
454.164	0.95715	3.58262
454.312	0.95715	3.58262
454.46	0.95715	3.58262
454.608	0.95715	3.58262
454.756	0.95715	3.58262
454.904	0.95715	3.58262
455.053	0.95715	3.58262
455.201	0.95715	3.58262
455.349	0.95715	3.58262
455.497	0.95715	3.58262
455.645	0.957151	3.58262
455.793	0.957151	3.58262
455.941	0.957151	3.58262
456.089	0.957151	3.58262
456.238	0.957151	3.58262
456.386	0.957151	3.58262
456.534	0.957151	3.58262
456.682	0.957151	3.58262
456.83	0.957151	3.58262
456.978	0.957151	3.58263
457.126	0.957151	3.58263
457.274	0.957152	3.58263
457.423	0.957152	3.58263
457.571	0.957152	3.58263
457.719	0.957152	3.58263
457.867	0.957152	3.58263
458.015	0.957152	3.58263
458.163	0.957152	3.58263
458.311	0.957152	3.58263
458.46	0.957152	3.58263
458.608	0.957152	3.58263
458.756	0.957152	3.58263
458.904	0.957153	3.58263
459.052	0.957153	3.58263
459.2	0.957153	3.58263
459.348	0.957153	3.58263
459.496	0.957153	3.58263
459.645	0.957153	3.58263
459.793	0.957153	3.58263
459.941	0.957153	3.58263
460.089	0.957153	3.58263
460.237	0.957153	3.58263
460.385	0.957153	3.58263
460.533	0.957154	3.58263
460.681	0.957154	3.58263
460.83	0.957154	3.58263
460.978	0.957154	3.58264
461.126	0.957154	3.58264
461.274	0.957154	3.58264
461.422	0.957154	3.58264
461.57	0.957154	3.58264
461.718	0.957154	3.58264
461.866	0.957154	3.58264
462.015	0.957154	3.58264
462.163	0.957155	3.58264
462.311	0.957155	3.58264
462.459	0.957155	3.58264
462.607	0.957155	3.58264
462.755	0.957155	3.58264
462.903	0.957155	3.58264
463.051	0.957155	3.58264
463.2	0.957155	3.58264
463.348	0.957155	3.58264
463.496	0.957155	3.58264
463.644	0.957155	3.58264
463.792	0.957155	3.58264
463.94	0.957156	3.58264
464.088	0.957156	3.58264
464.237	0.957156	3.58264
464.385	0.957156	3.58264
464.533	0.957156	3.58264
464.681	0.957156	3.58264
464.829	0.957156	3.58264
464.977	0.957156	3.58265
465.125	0.957156	3.58265
465.273	0.957156	3.58265
465.422	0.957156	3.58265
465.57	0.957157	3.58265
465.718	0.957157	3.58265
465.866	0.957157	3.58265
466.014	0.957157	3.58265
466.162	0.957157	3.58265
466.31	0.957157	3.58265
466.458	0.957157	3.58265
466.607	0.957157	3.58265
466.755	0.957157	3.58265
466.903	0.957157	3.58265
467.051	0.957157	3.58265
467.199	0.957158	3.58265
467.347	0.957158	3.58265
467.495	0.957158	3.58265
467.643	0.957158	3.58265
467.792	0.957158	3.58265
467.94	0.957158	3.58265
468.088	0.957158	3.58265
468.236	0.957158	3.58265
468.384	0.957158	3.58265
468.532	0.957158	3.58265
468.68	0.957158	3.58265
468.829	0.957159	3.58265
468.977	0.957159	3.58266
469.125	0.957159	3.58266
469.273	0.957159	3.58266
469.421	0.957159	3.58266
469.569	0.957159	3.58266
469.717	0.957159	3.58266
469.865	0.957159	3.58266
470.014	0.957159	3.58266
470.162	0.957159	3.58266
470.31	0.957159	3.58266
470.458	0.95716	3.58266
470.606	0.95716	3.58266
470.754	0.95716	3.58266
470.902	0.95716	3.58266
471.05	0.95716	3.58266
471.199	0.95716	3.58266
471.347	0.95716	3.58266
471.495	0.95716	3.58266
471.643	0.95716	3.58266
471.791	0.95716	3.58266
471.939	0.95716	3.58266
472.087	0.957161	3.58266
472.235	0.957161	3.58266
472.384	0.957161	3.58266
472.532	0.957161	3.58266
472.68	0.957161	3.58266
472.828	0.957161	3.58266
472.976	0.957161	3.58267
473.124	0.957161	3.58267
473.272	0.957161	3.58267
473.42	0.957161	3.58267
473.569	0.957161	3.58267
473.717	0.957162	3.58267
473.865	0.957162	3.58267
474.013	0.957162	3.58267
474.161	0.957162	3.58267
474.309	0.957162	3.58267
474.457	0.957162	3.58267
474.606	0.957162	3.58267
474.754	0.957162	3.58267
474.902	0.957162	3.58267
475.05	0.957162	3.58267
475.198	0.957162	3.58267
475.346	0.957163	3.58267
475.494	0.957163	3.58267
475.642	0.957163	3.58267
475.791	0.957163	3.58267
475.939	0.957163	3.58267
476.087	0.957163	3.58267
476.235	0.957163	3.58267
476.383	0.957163	3.58267
476.531	0.957163	3.58267
476.679	0.957163	3.58267
476.827	0.957163	3.58267
476.976	0.957164	3.58268
477.124	0.957164	3.58268
477.272	0.957164	3.58268
477.42	0.957164	3.58268
477.568	0.957164	3.58268
477.716	0.957164	3.58268
477.864	0.957164	3.58268
478.012	0.957164	3.58268
478.161	0.957164	3.58268
478.309	0.957164	3.58268
478.457	0.957164	3.58268
478.605	0.957165	3.58268
478.753	0.957165	3.58268
478.901	0.957165	3.58268
479.049	0.957165	3.58268
479.198	0.957165	3.58268
479.346	0.957165	3.58268
479.494	0.957165	3.58268
479.642	0.957165	3.58268
479.79	0.957165	3.58268
479.938	0.957165	3.58268
480.086	0.957165	3.58268
480.234	0.957165	3.58268
480.383	0.957166	3.58268
480.531	0.957166	3.58268
480.679	0.957166	3.58268
480.827	0.957166	3.58268
480.975	0.957166	3.58269
481.123	0.957166	3.58269
481.271	0.957166	3.58269
481.419	0.957166	3.58269
481.568	0.957166	3.58269
481.716	0.957166	3.58269
481.864	0.957166	3.58269
482.012	0.957167	3.58269
482.16	0.957167	3.58269
482.308	0.957167	3.58269
482.456	0.957167	3.58269
482.604	0.957167	3.58269
482.753	0.957167	3.58269
482.901	0.957167	3.58269
483.049	0.957167	3.58269
483.197	0.957167	3.58269
483.345	0.957167	3.58269
483.493	0.957167	3.58269
483.641	0.957168	3.58269
483.789	0.957168	3.58269
483.938	0.957168	3.58269
484.086	0.957168	3.58269
484.234	0.957168	3.58269
484.382	0.957168	3.58269
484.53	0.957168	3.58269
484.678	0.957168	3.58269
484.826	0.957168	3.5827
484.975	0.957168	3.5827
485.123	0.957168	3.5827
485.271	0.957169	3.5827
485.419	0.957169	3.5827
485.567	0.957169	3.5827
485.715	0.957169	3.5827
485.863	0.957169	3.5827
486.011	0.957169	3.5827
486.16	0.957169	3.5827
486.308	0.957169	3.5827
486.456	0.957169	3.5827
486.604	0.957169	3.5827
486.752	0.957169	3.5827
486.9	0.95717	3.5827
487.048	0.95717	3.5827
487.196	0.95717	3.5827
487.345	0.95717	3.5827
487.493	0.95717	3.5827
487.641	0.95717	3.5827
487.789	0.95717	3.5827
487.937	0.95717	3.5827
488.085	0.95717	3.5827
488.233	0.95717	3.5827
488.381	0.95717	3.5827
488.53	0.957171	3.5827
488.678	0.957171	3.5827
488.826	0.957171	3.58271
488.974	0.957171	3.58271
489.122	0.957171	3.58271
489.27	0.957171	3.58271
489.418	0.957171	3.58271
489.567	0.957171	3.58271
489.715	0.957171	3.58271
489.863	0.957171	3.58271
490.011	0.957171	3.58271
490.159	0.957172	3.58271
490.307	0.957172	3.58271
490.455	0.957172	3.58271
490.603	0.957172	3.58271
490.752	0.957172	3.58271
490.9	0.957172	3.58271
491.048	0.957172	3.58271
491.196	0.957172	3.58271
491.344	0.957172	3.58271
491.492	0.957172	3.58271
491.64	0.957172	3.58271
491.788	0.957173	3.58271
491.937	0.957173	3.58271
492.085	0.957173	3.58271
492.233	0.957173	3.58271
492.381	0.957173	3.58271
492.529	0.957173	3.58271
492.677	0.957173	3.58271
492.825	0.957173	3.58272
492.973	0.957173	3.58272
493.122	0.957173	3.58272
493.27	0.957173	3.58272
493.418	0.957173	3.58272
493.566	0.957174	3.58272
493.714	0.957174	3.58272
493.862	0.957174	3.58272
494.01	0.957174	3.58272
494.158	0.957174	3.58272
494.307	0.957174	3.58272
494.455	0.957174	3.58272
494.603	0.957174	3.58272
494.751	0.957174	3.58272
494.899	0.957174	3.58272
495.047	0.957174	3.58272
495.195	0.957175	3.58272
495.344	0.957175	3.58272
495.492	0.957175	3.58272
495.64	0.957175	3.58272
495.788	0.957175	3.58272
495.936	0.957175	3.58272
496.084	0.957175	3.58272
496.232	0.957175	3.58272
496.38	0.957175	3.58272
496.529	0.957175	3.58272
496.677	0.957175	3.58272
496.825	0.957176	3.58273
496.973	0.957176	3.58273
497.121	0.957176	3.58273
497.269	0.957176	3.58273
497.417	0.957176	3.58273
497.565	0.957176	3.58273
497.714	0.957176	3.58273
497.862	0.957176	3.58273
498.01	0.957176	3.58273
498.158	0.957176	3.58273
498.306	0.957176	3.58273
498.454	0.957177	3.58273
498.602	0.957177	3.58273
498.75	0.957177	3.58273
498.899	0.957177	3.58273
499.047	0.957177	3.58273
499.195	0.957177	3.58273
499.343	0.957177	3.58273
499.491	0.957177	3.58273
499.639	0.957177	3.58273
499.787	0.957177	3.58273
499.936	0.957177	3.58273
